50 10000 0
8 28
9 3
2 32
17 2
5 21
33 44
30 32
22 12
43 48
20 28
34 23
7 29
28 44
3 40
4 6
13 19
25 30
6 36
10 13
37 22
16 27
47 41
11 43
28 25
34 26
24 37
14 25
3 40
31 9
3 33
8 45
3 20
6 27
28 46
11 34
22 4
45 2
19 41
18 17
23 20
8 50
42 8
37 45
36 24
7 46
34 31
36 32
20 40
6 42
48 12
8 18
37 24
23 45
42 9
45 10
1 13
33 11
46 19
34 25
12 34
11 30
26 23
4 21
49 30
15 22
6 41
14 10
48 14
29 33
20 38
25 28
38 40
10 22
30 9
12 10
12 31
49 30
12 11
29 49
15 50
2 7
44 19
4 14
8 30
42 41
5 43
42 48
3 20
3 19
40 39
31 49
10 29
8 13
43 18
20 18
9 43
21 11
24 43
14 32
23 12
35 22
29 4
36 6
4 49
25 50
23 48
43 34
15 46
9 15
37 47
23 18
43 23
1 15
16 27
7 32
18 25
30 12
6 8
11 22
22 6
41 22
46 20
48 45
12 16
45 3
40 15
41 36
15 38
28 9
13 11
17 19
13 12
27 31
25 12
26 13
22 40
21 10
48 45
28 29
14 4
28 9
40 3
18 10
31 10
20 49
24 37
35 37
6 41
1 22
47 45
3 37
49 46
12 3
15 2
16 17
24 18
50 40
4 37
22 9
22 16
20 46
41 35
3 20
29 43
48 18
26 48
36 14
18 4
41 50
17 12
26 34
26 20
40 13
19 20
21 31
17 7
37 32
12 17
34 27
9 24
40 28
45 8
28 41
3 7
13 35
42 5
12 28
3 11
37 30
17 48
40 44
31 42
47 40
43 18
44 42
46 13
16 1
31 25
4 28
35 21
47 29
42 45
22 33
45 39
25 40
17 1
35 23
14 42
30 19
44 3
50 8
39 34
28 24
40 26
21 10
41 32
6 45
12 17
1 26
6 17
2 22
42 39
30 39
9 11
11 15
36 50
27 3
11 9
30 3
48 46
34 12
12 2
37 46
11 33
39 47
49 13
41 15
37 5
14 21
37 45
7 21
8 22
4 44
26 49
10 1
1 13
47 14
4 33
22 9
14 47
49 14
50 46
26 12
18 23
32 37
13 30
41 23
43 28
47 48
16 39
50 35
43 20
24 27
26 13
21 31
7 47
24 2
41 3
38 17
6 24
12 25
22 20
41 26
32 14
29 32
25 14
16 37
21 42
45 36
48 36
48 1
30 2
46 40
14 39
20 31
16 34
36 16
48 37
21 5
42 24
50 24
38 1
17 32
4 42
22 4
37 10
32 40
29 50
28 6
8 1
34 41
26 45
33 16
1 4
20 36
43 49
25 34
22 27
44 23
1 29
4 38
34 7
12 29
49 35
10 12
9 27
35 13
3 7
33 7
36 5
8 26
38 30
50 36
37 32
46 7
12 11
28 47
18 29
30 40
9 21
20 18
25 18
12 38
2 47
8 47
4 28
3 17
19 11
36 30
47 26
20 33
42 27
45 36
39 16
7 14
41 4
27 16
4 46
28 13
8 5
12 41
32 38
21 27
29 37
17 22
36 44
2 19
38 14
26 37
27 15
35 15
12 22
7 18
2 26
29 17
16 21
24 26
49 11
50 38
8 31
42 36
45 46
32 2
47 34
14 40
45 26
40 28
7 50
40 19
7 3
47 42
7 41
12 25
5 26
30 2
27 32
1 10
6 13
42 24
8 43
42 33
31 21
35 21
4 48
48 46
1 2
13 15
42 35
16 27
26 5
43 15
35 3
32 36
26 49
48 21
44 43
45 40
18 35
27 5
31 10
9 6
10 34
15 27
22 26
8 20
22 11
29 49
27 21
44 20
34 11
6 38
26 13
42 16
10 26
20 13
21 34
37 1
17 5
12 46
1 47
17 40
33 42
4 46
19 4
50 36
35 40
46 29
44 24
9 31
23 5
31 12
23 49
3 36
30 18
38 42
22 28
44 36
47 16
24 27
1 5
3 6
30 50
13 25
2 18
25 7
25 30
13 8
7 41
22 31
32 41
17 13
20 35
5 41
11 39
37 6
15 23
35 1
49 47
7 35
13 41
1 46
39 20
28 24
32 39
8 39
27 47
34 10
21 46
7 12
5 46
4 34
42 37
50 29
4 22
46 6
1 12
40 21
29 3
3 45
47 16
27 48
34 20
36 32
28 36
44 3
11 15
41 16
16 37
24 40
22 43
38 34
18 36
11 7
17 18
46 4
29 38
7 45
21 5
28 35
38 5
10 46
45 14
16 46
46 14
19 25
15 27
41 8
30 35
29 45
23 19
49 20
1 28
45 43
3 23
2 32
32 16
49 21
32 16
42 33
17 32
20 39
41 8
50 6
21 39
6 47
29 12
16 45
9 11
24 47
20 27
2 37
13 49
44 47
23 22
41 14
5 34
3 9
24 5
15 26
39 22
37 42
43 27
9 3
44 13
26 33
31 17
30 15
2 50
3 32
14 28
22 34
44 16
50 32
3 10
29 17
39 1
16 33
16 28
12 27
20 21
17 45
37 9
7 27
34 31
13 40
26 16
2 5
42 28
17 27
6 26
15 13
50 15
36 28
6 28
25 1
19 41
35 46
10 41
21 37
18 9
20 18
37 30
41 23
50 10
30 11
22 41
40 37
44 35
42 21
5 11
6 22
43 29
41 17
7 27
26 1
25 7
4 15
21 13
31 20
8 13
7 24
36 38
30 3
34 26
25 4
48 36
3 8
10 22
13 11
30 10
7 9
16 37
32 23
6 49
29 23
27 3
14 4
47 49
41 39
22 27
36 46
33 28
1 31
8 33
15 23
16 35
2 20
40 35
1 29
40 16
18 46
39 41
48 27
28 18
35 31
7 4
26 21
13 26
8 17
16 15
19 4
7 15
15 6
16 2
11 48
44 4
32 42
29 2
1 30
38 7
50 2
4 27
21 48
37 40
17 23
35 27
8 33
45 4
50 7
28 5
23 28
11 3
26 46
10 14
49 28
34 1
3 47
35 8
11 9
41 25
19 4
30 33
4 3
36 12
20 3
15 26
34 33
16 2
43 17
19 33
19 20
49 11
41 45
29 38
16 35
42 19
34 11
26 14
15 32
17 42
12 14
44 45
16 40
7 20
32 3
32 4
48 4
27 42
37 4
23 21
37 19
24 9
3 21
8 47
3 14
37 6
41 43
2 33
20 43
46 29
12 38
1 20
11 1
2 6
15 45
21 15
31 3
16 22
2 14
41 31
5 43
19 27
21 29
21 41
43 41
17 5
20 25
31 23
24 48
34 17
25 47
27 24
41 44
30 8
13 36
36 22
7 4
38 42
13 45
1 9
44 33
9 45
33 32
7 49
41 20
47 49
34 29
36 50
44 9
8 20
18 19
7 42
46 35
32 50
11 3
33 2
26 37
36 8
40 46
1 6
34 21
38 18
28 47
42 7
10 8
11 43
26 18
15 34
22 9
38 41
41 39
4 37
40 44
48 19
4 46
40 16
14 48
32 6
23 34
15 4
29 30
30 18
16 3
26 18
32 15
26 25
47 18
23 9
4 40
2 32
15 26
39 8
50 8
2 45
33 23
49 34
11 40
13 22
22 23
44 3
44 49
13 10
7 31
45 19
43 41
5 15
18 20
46 41
2 1
2 44
18 4
6 25
40 21
48 16
6 26
8 42
24 40
5 24
46 48
5 25
16 7
35 22
24 38
17 31
2 14
6 47
34 18
2 24
31 12
33 1
36 25
19 27
28 31
12 7
39 7
38 32
17 10
3 48
28 31
30 5
7 3
2 32
46 50
36 41
17 30
37 33
40 1
27 42
5 1
20 31
26 35
5 6
28 35
33 47
20 15
46 22
15 13
19 9
15 26
29 13
42 29
24 9
37 25
8 16
46 3
6 28
3 4
45 24
20 12
24 49
47 38
43 50
19 17
37 50
28 31
20 13
14 41
6 22
34 44
10 39
20 23
42 4
15 50
35 40
2 40
38 45
1 34
4 10
15 47
24 18
9 35
44 7
35 23
18 42
50 41
49 11
22 38
37 44
7 44
6 49
24 44
45 4
42 5
3 28
50 24
34 24
32 25
19 13
25 13
32 25
45 43
39 8
36 46
32 3
4 28
45 35
36 13
27 25
49 28
1 16
46 38
40 10
1 49
10 46
4 35
26 28
44 8
25 49
34 1
13 10
16 9
50 44
9 4
21 24
18 32
1 39
42 30
39 13
7 29
26 27
25 47
36 2
5 1
21 6
21 8
38 25
19 34
29 17
19 38
17 18
24 19
46 9
21 8
48 37
12 23
42 21
31 25
18 25
25 18
3 1
5 21
47 10
50 47
16 6
21 11
10 12
38 16
13 25
35 37
22 15
15 28
6 11
50 42
25 34
48 15
18 44
24 48
47 30
35 46
38 32
30 3
28 49
47 7
50 44
40 48
19 3
16 22
28 45
16 31
33 3
22 15
41 1
34 33
5 27
29 43
1 39
31 17
39 12
31 16
33 32
3 42
48 13
46 45
6 40
45 7
45 44
23 39
15 38
47 35
19 13
50 35
10 3
20 29
30 9
36 43
47 16
22 15
18 43
12 50
9 12
47 25
6 34
46 28
41 21
20 38
47 18
25 34
8 34
50 21
37 19
12 3
21 13
20 2
14 10
28 4
31 29
30 34
12 41
28 20
9 50
4 16
40 17
38 5
29 8
48 16
4 5
17 34
48 38
25 7
42 24
38 33
22 45
26 23
17 44
46 35
32 2
3 4
9 30
38 48
49 5
30 36
42 31
27 49
31 45
18 37
18 50
48 10
34 16
26 19
45 33
11 37
43 21
4 37
40 38
9 40
34 1
40 8
10 46
17 26
21 29
4 45
34 2
28 13
40 31
49 13
1 8
50 12
22 38
12 45
45 31
20 19
27 44
36 39
38 11
33 10
42 48
33 23
35 38
1 32
15 17
33 48
18 47
49 15
34 49
39 6
35 43
7 38
19 25
29 12
7 50
37 4
28 7
12 27
12 2
17 40
46 24
18 17
30 47
30 11
46 1
14 22
31 26
45 28
18 14
41 49
3 35
17 18
33 9
9 35
48 41
14 16
15 8
4 50
48 11
11 4
24 9
28 44
44 38
12 24
43 15
49 48
35 3
41 1
17 26
23 43
17 12
33 17
32 14
1 21
18 15
8 31
50 36
38 1
7 9
11 24
30 45
2 37
30 8
50 23
22 27
4 38
16 27
22 46
19 34
31 30
8 17
21 13
40 1
23 5
37 27
20 45
50 48
13 42
3 25
30 17
42 5
39 19
47 48
25 13
8 43
19 49
43 12
47 4
13 14
2 31
9 20
44 14
7 33
20 44
45 4
49 23
36 9
33 10
40 35
47 38
37 8
19 50
35 20
13 12
30 2
37 3
22 48
27 5
9 21
14 40
7 28
42 29
37 4
23 22
4 2
34 24
26 24
30 19
42 17
46 38
18 39
50 49
22 6
32 37
11 31
16 49
15 5
38 6
36 16
10 16
16 30
9 3
20 2
18 21
19 49
2 25
14 6
10 6
11 27
27 39
33 43
19 6
29 21
35 36
39 37
20 6
25 16
30 25
24 39
49 41
21 23
23 15
35 40
36 9
41 27
6 8
14 19
47 31
8 23
33 41
5 40
22 28
23 47
3 14
42 49
22 17
40 45
41 46
12 8
16 24
21 35
24 31
48 1
38 6
4 17
35 44
6 43
47 1
44 12
10 9
32 31
9 7
10 21
47 36
39 28
32 42
26 29
3 35
12 42
41 3
20 34
34 30
8 22
30 21
23 4
32 3
40 47
10 46
2 13
40 41
7 16
27 20
17 47
24 30
50 8
26 24
23 15
16 44
35 9
33 48
43 3
23 11
26 8
18 20
23 10
32 16
45 16
21 46
10 23
11 21
46 34
24 32
15 48
20 9
10 36
5 9
37 15
48 36
7 20
24 22
26 28
45 42
22 24
21 36
34 12
9 30
22 23
43 36
16 9
46 48
6 8
22 24
50 44
50 18
24 21
3 34
12 19
18 5
25 50
44 37
30 24
13 46
34 33
22 47
33 9
6 10
45 28
3 21
22 31
10 3
41 7
24 49
33 40
17 37
1 36
33 16
13 38
28 48
4 41
22 41
48 16
23 47
8 20
27 4
9 10
38 26
38 40
11 45
46 11
48 9
48 3
24 33
30 41
5 28
20 19
41 19
45 14
23 14
1 29
4 45
9 10
12 27
26 27
50 15
12 23
47 15
6 29
21 28
45 24
7 18
35 1
41 27
37 39
10 17
50 11
23 12
3 7
44 8
21 42
44 38
22 12
9 2
47 38
26 35
21 23
1 8
14 16
46 9
5 12
49 26
23 30
27 23
33 9
4 35
30 10
47 13
33 1
17 15
6 43
50 48
9 20
14 24
17 11
30 4
16 22
42 45
50 23
37 47
36 42
35 39
22 27
23 26
36 23
30 8
26 27
11 27
18 25
26 41
37 26
43 50
21 14
33 5
33 32
35 13
22 19
34 31
40 21
25 7
48 4
23 2
11 46
41 25
3 14
1 46
10 31
12 44
43 19
13 7
25 5
28 48
49 41
1 8
36 37
32 23
15 19
1 50
36 26
5 25
3 37
12 1
50 40
20 34
32 28
1 39
44 20
27 48
13 5
25 6
9 24
2 25
6 14
36 31
28 44
42 3
32 8
48 41
24 5
2 8
6 13
23 36
45 44
37 20
3 16
41 5
34 13
13 15
43 50
50 39
43 36
11 23
43 27
46 44
2 14
45 17
37 22
29 42
2 39
42 26
45 12
11 18
22 32
25 1
47 8
25 24
34 12
50 35
48 5
38 22
1 23
43 29
27 34
37 30
19 31
26 19
40 11
9 49
45 20
16 32
5 41
31 21
35 36
15 50
5 12
35 10
16 44
44 15
16 32
42 6
13 5
43 33
47 40
28 31
36 31
2 21
43 40
37 6
8 6
1 3
45 31
6 20
46 50
44 10
39 23
16 10
36 11
13 17
20 41
17 11
2 26
39 32
21 8
50 26
23 16
11 12
50 2
8 3
4 49
34 43
22 40
7 41
26 6
9 15
10 38
45 10
40 27
33 3
27 39
10 49
14 24
22 47
46 47
40 39
22 47
11 15
16 41
23 29
39 18
10 12
6 14
48 17
23 33
39 49
38 27
46 45
25 32
16 12
16 7
1 21
38 2
46 36
50 45
43 19
18 40
15 31
8 12
14 1
49 40
21 35
19 49
18 36
14 6
23 22
35 24
2 18
49 33
8 11
15 27
33 3
7 38
5 41
26 2
7 29
40 39
15 2
32 29
9 25
43 4
10 1
31 42
22 25
46 42
45 17
5 42
25 40
50 48
18 3
46 23
2 41
29 27
42 39
10 5
26 49
17 23
28 24
8 46
18 24
11 21
15 8
27 4
26 5
3 6
40 49
25 11
27 25
41 43
32 15
29 32
2 50
42 38
11 49
24 18
28 11
45 11
12 25
34 16
50 14
1 29
46 24
20 33
24 1
37 42
1 21
40 24
36 39
12 45
46 40
9 30
31 11
18 22
7 28
21 32
44 45
48 44
1 9
37 36
43 19
44 22
31 17
21 35
35 46
48 28
30 47
48 10
9 8
36 10
49 12
42 6
12 33
32 29
41 40
24 14
18 23
44 45
41 27
40 22
29 6
3 42
14 8
34 6
10 28
16 25
12 46
15 39
43 48
7 17
18 11
36 41
7 1
11 48
20 13
5 23
5 23
27 6
17 12
48 28
14 19
14 1
7 3
21 42
1 43
44 26
13 41
1 24
2 50
27 35
4 42
41 49
42 18
21 13
29 41
2 40
4 2
12 10
10 7
29 16
46 20
47 8
38 29
44 28
33 19
17 11
27 28
23 11
38 17
50 37
47 50
28 44
15 17
5 24
16 12
48 7
24 39
41 12
37 29
20 14
11 34
48 45
15 7
10 32
9 31
1 8
21 32
14 21
33 47
3 2
28 46
6 20
5 10
22 1
16 31
6 12
5 24
44 3
31 5
26 5
7 10
44 33
20 26
40 38
14 44
18 16
35 8
20 37
38 47
3 5
15 3
33 44
35 16
35 45
50 37
17 39
27 47
20 32
34 15
39 36
40 23
46 6
41 36
42 45
13 32
25 5
36 33
25 6
24 3
6 34
31 9
37 2
9 40
50 20
37 34
48 25
45 9
24 8
11 7
9 11
16 8
20 9
34 10
1 43
33 16
3 28
28 49
30 19
32 16
29 39
10 19
32 14
43 42
16 29
7 43
4 7
50 27
2 34
22 34
47 9
17 14
27 32
15 11
14 10
44 33
48 46
35 29
30 18
31 47
5 6
42 23
11 26
48 47
15 10
28 17
1 7
22 48
48 11
4 45
36 22
35 45
31 30
29 17
4 40
34 39
24 27
31 34
4 9
36 17
31 32
10 30
45 30
26 49
24 5
20 22
19 1
2 48
32 42
12 30
40 47
11 22
10 26
40 50
44 39
10 24
19 24
48 39
50 25
34 40
29 45
28 7
37 36
27 19
42 43
22 10
29 31
2 21
12 11
14 15
48 43
14 5
8 17
11 39
5 38
26 36
27 6
28 38
4 24
10 41
39 10
46 7
42 10
49 31
17 42
20 29
46 10
26 14
7 45
18 33
19 43
43 32
7 22
27 30
15 37
1 49
48 23
6 29
2 10
45 36
17 15
37 18
7 25
7 35
41 28
23 35
14 28
1 14
6 28
49 18
44 18
27 1
6 4
50 19
38 17
12 29
38 21
14 15
9 38
36 44
40 20
24 32
24 12
20 37
35 8
14 44
46 28
33 12
5 28
46 22
30 4
21 7
7 25
47 48
36 26
4 32
42 8
32 20
33 31
2 1
42 46
21 45
5 32
44 31
35 44
15 33
1 32
3 29
21 47
24 5
9 4
41 26
39 4
24 37
43 27
5 46
14 20
44 31
47 45
18 6
32 44
46 47
10 17
47 20
15 44
25 29
38 18
15 10
5 18
2 23
12 41
3 14
15 50
6 44
2 38
50 3
40 48
26 28
1 22
39 17
24 26
22 27
35 37
22 4
25 37
20 22
4 13
29 35
22 19
25 23
32 43
20 50
18 48
40 6
47 30
14 42
15 38
4 10
46 9
35 44
49 8
33 23
48 22
48 41
40 5
31 50
8 11
29 1
44 34
26 34
4 35
5 50
46 19
44 17
45 34
15 2
12 22
7 14
14 43
22 29
35 26
50 1
1 32
4 1
39 38
8 5
12 4
43 39
11 35
22 40
29 33
3 27
11 6
8 50
5 38
46 12
37 24
30 15
37 34
23 38
40 49
29 22
23 26
32 22
34 11
45 9
2 16
39 43
26 6
24 28
24 22
42 33
31 41
37 20
43 42
9 35
27 45
46 18
19 6
13 30
29 40
34 20
30 28
26 24
44 17
44 34
10 32
40 23
36 26
35 37
49 20
20 23
26 50
13 28
34 25
36 12
43 40
21 12
13 27
24 1
40 7
3 18
24 20
17 8
2 4
3 49
13 4
47 19
19 16
23 40
46 38
14 6
19 34
50 18
4 16
25 4
21 42
3 20
21 36
32 2
7 41
49 40
48 50
10 37
28 2
48 28
8 44
44 5
31 33
31 26
30 9
41 45
37 43
14 22
40 8
24 9
8 35
32 31
15 49
33 26
3 2
23 49
19 50
24 47
15 13
7 11
38 35
5 33
39 34
40 15
20 39
8 10
9 43
49 19
13 4
9 33
8 4
31 6
34 11
41 16
47 7
28 21
15 26
37 6
11 24
1 46
4 7
15 29
35 34
1 50
1 14
48 6
31 25
46 17
39 43
32 9
27 3
30 45
8 6
15 37
33 41
12 6
34 20
11 23
41 4
33 42
27 33
8 24
31 39
9 42
1 12
13 43
23 11
15 47
18 34
45 47
13 16
49 20
42 13
15 32
18 36
11 43
26 49
28 41
48 12
47 44
46 40
37 36
41 31
41 5
22 9
36 47
2 41
24 27
25 20
3 48
28 34
28 49
44 7
37 19
12 31
24 3
39 12
48 13
5 22
35 17
32 35
34 27
44 30
33 2
18 38
33 22
40 12
21 45
41 9
4 45
8 18
36 32
27 47
15 50
31 27
12 26
8 26
47 11
11 23
29 17
20 48
9 41
4 14
35 3
8 3
10 23
33 49
33 29
43 24
37 30
31 17
26 25
37 32
41 11
41 45
15 3
30 3
13 44
42 35
21 22
1 44
18 1
20 18
50 13
31 45
13 3
14 33
33 1
15 37
23 36
44 12
50 1
6 27
3 15
11 27
9 43
29 7
17 4
10 22
32 27
33 38
36 19
8 25
50 34
43 6
16 47
47 1
47 10
31 19
3 36
50 2
40 15
13 27
36 13
33 15
34 33
5 22
16 29
35 37
38 35
2 50
39 26
21 8
31 26
17 14
17 12
42 37
12 18
13 23
35 47
34 5
22 50
49 4
21 48
3 14
1 46
21 4
20 34
44 43
19 39
38 26
3 46
16 33
20 17
36 30
40 14
4 5
36 7
22 38
37 39
3 47
24 12
6 33
26 14
29 25
8 22
46 33
1 30
42 2
29 9
22 9
29 49
12 42
18 44
22 37
49 16
30 27
41 1
43 14
11 19
31 46
31 41
27 17
2 49
37 3
7 19
33 31
47 33
43 26
9 16
33 42
27 37
50 6
25 8
15 11
1 43
37 29
32 35
49 4
3 10
17 26
3 38
17 34
24 5
14 16
35 36
4 3
17 31
6 48
12 18
5 30
11 19
14 48
37 31
43 41
16 43
17 1
28 10
24 10
1 17
14 17
1 2
16 29
18 14
28 24
47 39
30 42
11 3
7 28
49 14
35 49
46 4
17 50
9 28
1 21
5 8
31 9
37 29
45 25
11 10
22 50
47 10
31 16
29 12
43 40
7 22
5 10
24 21
12 5
49 29
1 45
26 14
3 27
37 50
7 28
18 3
18 23
31 35
45 29
8 31
33 22
35 11
34 2
20 26
46 48
20 13
34 31
40 5
36 17
38 42
24 14
31 45
36 27
30 22
22 50
33 39
37 8
46 14
36 8
27 22
38 9
42 37
44 18
4 10
8 35
29 14
29 26
43 11
31 29
35 41
46 12
25 29
29 30
46 7
35 13
48 14
2 5
19 40
45 14
33 3
42 27
21 17
19 9
8 39
4 7
20 27
6 40
6 8
50 42
11 41
28 49
34 13
14 44
38 4
24 19
44 45
26 46
9 3
38 2
10 29
33 7
29 24
50 10
36 30
41 50
48 8
7 25
36 16
48 38
50 10
48 6
45 27
39 4
27 18
14 30
13 8
6 45
39 11
3 22
4 27
46 2
25 21
31 22
32 44
10 34
38 43
16 38
48 25
13 2
40 29
3 50
11 43
1 4
20 33
19 18
5 40
33 3
24 22
49 6
1 11
31 29
19 17
45 37
10 35
32 25
8 2
39 25
48 14
33 43
40 9
41 39
46 39
4 1
10 30
45 3
44 3
29 35
35 11
2 29
6 31
9 45
4 30
16 2
33 1
31 21
1 36
5 23
48 12
30 15
3 41
2 1
50 36
38 22
48 10
16 3
36 15
28 4
27 28
31 38
23 28
18 2
12 42
21 37
44 22
8 21
25 18
17 22
32 21
10 23
8 1
29 38
27 31
35 40
9 1
44 4
16 28
9 41
42 9
15 1
37 9
18 16
31 1
39 31
7 8
16 31
7 27
1 4
34 45
43 13
26 25
24 47
50 33
31 45
18 7
13 39
17 46
33 26
47 44
14 39
19 30
50 10
50 35
32 23
37 20
48 23
10 49
17 47
28 27
16 6
46 2
20 10
14 6
28 49
31 9
31 36
33 5
21 39
12 1
30 41
48 1
15 36
31 22
9 32
14 7
13 24
8 4
25 38
27 47
40 24
6 7
9 40
33 22
37 34
16 41
29 46
43 2
3 21
26 34
35 47
44 31
26 18
33 6
35 26
48 38
19 24
23 43
33 44
7 28
49 42
15 22
15 37
27 2
1 47
33 11
43 19
50 19
38 9
48 29
41 23
37 32
25 33
19 10
24 42
16 10
32 42
44 37
29 50
34 45
30 27
16 37
8 40
18 5
35 44
47 18
47 34
10 30
16 5
49 8
36 11
17 5
18 10
4 23
34 37
24 45
41 25
20 42
29 25
8 4
24 15
46 10
31 27
42 27
19 41
41 36
3 47
3 47
42 22
5 6
18 39
24 48
41 19
21 39
2 10
50 7
33 36
8 1
44 37
50 12
11 41
41 23
19 41
19 36
37 28
15 25
32 9
32 31
17 49
26 49
48 37
46 8
37 29
36 45
20 43
13 46
4 7
44 4
21 9
12 37
9 50
23 17
38 7
8 31
42 25
29 10
21 22
19 6
23 37
6 33
18 45
32 10
43 1
10 22
6 47
47 42
36 6
19 41
42 50
4 24
15 28
25 23
14 22
36 26
43 7
4 29
42 49
47 14
18 29
13 39
14 9
32 2
46 1
26 42
17 23
30 32
13 44
9 28
46 3
29 4
3 33
22 34
13 10
22 49
42 37
13 11
3 2
39 38
50 42
35 32
36 20
7 45
13 43
6 33
36 48
41 10
28 34
10 21
33 24
6 35
32 33
41 46
31 16
13 18
16 9
18 21
20 43
18 33
13 15
20 10
30 21
40 38
43 16
1 5
40 48
50 26
9 1
11 17
16 36
50 40
48 18
3 14
44 47
23 50
38 6
18 35
41 17
4 32
12 5
34 17
29 47
8 29
7 18
47 46
8 25
26 15
25 48
6 45
42 12
31 33
13 22
37 36
2 6
2 25
2 50
17 14
1 21
33 31
12 10
11 35
48 11
20 34
49 12
4 18
34 30
41 16
34 39
37 21
8 44
21 40
3 9
29 28
50 44
49 27
42 2
23 18
33 24
12 36
14 31
6 17
32 40
11 10
4 44
43 9
19 36
30 45
22 45
50 43
23 35
17 27
34 6
50 25
21 46
22 27
43 16
36 1
47 15
6 25
9 32
13 40
23 33
28 43
31 29
41 8
5 1
47 24
29 25
30 35
41 29
30 23
32 48
27 30
6 3
32 41
23 38
27 44
4 29
13 21
32 5
46 27
21 47
22 11
41 46
46 23
26 42
12 40
2 28
19 27
2 47
6 33
35 14
25 1
49 35
42 30
34 7
18 10
29 46
47 31
44 50
36 3
41 4
18 20
8 18
26 45
2 26
30 42
24 19
10 26
28 38
17 7
31 30
9 41
18 17
13 18
28 33
37 31
5 27
33 37
16 43
1 28
31 4
15 17
6 17
39 37
34 14
31 39
47 29
45 28
33 46
14 42
49 26
6 17
34 43
32 13
17 36
35 5
48 47
40 4
12 43
6 31
5 14
27 32
9 26
25 36
20 1
24 34
36 35
22 41
27 24
19 24
43 8
40 42
12 50
4 2
14 24
29 9
15 11
41 9
36 25
14 4
2 6
43 29
9 10
6 13
12 8
21 10
15 9
21 17
19 40
33 28
15 35
47 44
23 26
16 45
19 6
39 45
23 41
10 22
14 10
29 28
34 17
4 15
39 3
28 5
33 9
24 23
4 47
20 35
36 18
25 45
23 2
19 18
41 3
47 9
29 19
34 27
40 15
13 28
20 6
38 49
31 6
44 3
41 8
31 23
32 1
16 3
8 22
38 33
50 12
15 5
49 31
32 12
27 4
29 39
27 43
26 24
43 14
17 27
41 37
41 38
38 21
21 28
35 23
5 22
29 28
44 4
13 50
41 16
45 39
10 32
7 2
41 5
19 20
31 47
35 6
9 35
40 45
27 7
28 48
26 47
19 1
2 32
44 33
40 49
21 23
36 12
42 46
30 12
48 42
10 11
10 29
3 40
42 50
14 17
43 50
2 41
45 23
9 4
37 29
5 44
25 38
35 29
43 26
15 23
46 41
50 42
8 39
46 13
15 43
42 22
1 26
16 13
50 6
19 46
42 12
31 30
43 42
32 9
36 48
49 25
41 32
13 41
12 36
21 31
11 17
38 36
27 10
21 2
47 27
21 7
21 45
30 11
44 5
36 11
6 19
11 33
43 2
19 5
17 5
47 46
9 7
35 46
8 17
19 38
50 23
35 31
19 33
50 30
39 15
3 8
7 30
6 10
12 2
11 10
3 44
36 2
27 46
49 3
24 45
19 44
39 24
8 9
9 16
31 40
3 27
39 42
18 1
1 28
20 49
23 43
50 22
28 32
10 48
41 18
44 35
9 26
3 12
10 14
9 19
6 44
39 37
17 22
2 35
2 8
14 48
1 41
20 29
45 3
12 50
9 20
44 16
17 28
15 12
35 11
10 37
16 50
42 13
2 31
30 17
19 44
44 19
45 22
22 20
35 9
9 25
6 29
24 37
6 4
9 44
27 29
12 11
17 44
21 17
42 21
39 47
24 13
29 14
25 44
21 16
5 17
47 50
29 10
11 37
7 49
7 13
17 38
23 24
38 22
3 47
15 2
18 43
41 24
1 15
46 25
49 41
12 37
40 1
37 17
34 49
24 36
2 12
4 18
11 4
11 34
36 20
31 13
16 22
46 44
38 44
8 41
19 45
6 33
16 15
2 32
8 23
18 44
43 42
35 25
16 28
44 10
48 47
42 18
26 41
46 37
4 40
32 20
27 6
12 48
32 39
19 50
48 47
13 6
14 21
8 3
31 18
37 23
28 25
7 24
8 43
18 49
12 5
22 6
2 32
38 8
49 31
45 9
41 21
49 17
6 5
35 9
20 26
21 6
24 34
36 37
32 35
39 43
7 1
22 21
37 3
10 3
17 10
15 39
13 49
6 43
17 18
26 50
16 28
47 3
18 14
14 1
12 29
32 8
19 43
13 14
46 49
20 2
28 11
23 28
34 12
38 18
38 49
2 33
21 8
2 10
11 3
20 25
45 1
18 3
11 16
26 12
26 31
13 14
9 36
50 15
21 37
35 46
25 23
34 5
43 2
42 31
42 5
30 17
10 38
38 7
21 37
23 28
3 45
40 37
39 46
3 16
13 49
1 29
2 9
38 36
28 5
4 10
40 42
6 26
40 37
36 29
5 4
35 23
27 31
20 38
44 6
7 5
34 33
21 18
14 12
3 48
16 30
28 43
14 28
21 34
33 34
5 49
43 9
36 23
48 12
18 5
43 16
36 13
18 43
33 1
18 2
49 28
22 13
19 9
30 48
34 43
12 28
17 3
29 1
45 30
19 43
34 24
32 5
36 8
1 19
43 13
37 4
17 5
21 32
21 30
4 41
9 31
17 37
15 49
41 22
33 46
16 37
18 36
42 22
18 31
33 49
30 46
30 19
35 26
10 29
4 2
32 22
27 34
2 50
10 17
36 7
49 24
19 21
20 41
24 20
50 16
41 26
30 46
41 50
49 25
33 47
33 13
38 36
34 32
48 43
23 14
40 23
44 16
18 16
1 50
15 30
29 5
7 18
27 7
31 12
9 50
16 12
5 32
37 8
30 34
18 27
6 32
50 3
16 2
41 39
41 14
20 1
28 34
10 19
38 36
6 11
50 34
44 42
33 18
50 8
33 46
37 43
37 18
37 14
7 29
13 4
11 31
47 27
22 5
39 32
4 27
10 27
4 48
27 37
28 46
38 35
5 10
17 22
39 16
20 33
41 1
4 18
15 39
31 18
41 50
44 7
29 18
25 30
2 38
35 16
19 14
48 27
24 26
17 15
31 41
10 49
13 47
4 46
11 35
3 18
34 10
31 7
47 37
38 35
26 24
38 13
17 35
5 43
6 11
41 50
36 33
16 14
43 22
30 16
34 21
11 5
1 11
16 9
11 17
41 7
31 45
39 25
7 42
10 4
24 12
34 33
49 32
43 2
8 3
6 33
46 40
28 4
3 26
32 31
36 46
10 37
23 14
20 10
30 32
4 38
26 15
43 3
13 7
39 29
33 43
26 48
27 36
12 3
12 3
12 45
46 5
23 43
7 25
41 19
31 4
29 5
19 20
4 25
47 6
39 41
11 45
19 48
48 25
39 24
27 24
33 23
7 6
43 42
10 35
21 16
15 49
10 20
23 16
21 22
42 41
3 41
14 22
18 43
5 16
44 49
28 10
13 40
14 2
15 17
17 41
6 17
16 28
9 22
20 17
44 30
23 28
32 2
33 16
41 17
8 9
50 5
12 36
7 50
43 18
15 44
8 4
46 1
49 1
2 4
16 34
7 50
29 2
23 5
44 26
50 41
25 21
17 30
25 7
49 32
11 50
24 11
21 39
17 6
12 14
46 47
39 11
46 25
20 37
36 3
5 46
36 14
22 26
29 24
4 26
43 40
39 19
43 22
43 3
44 3
34 41
29 22
30 28
45 49
12 35
45 39
17 10
3 33
11 41
9 6
5 44
25 9
33 6
11 47
33 8
29 3
29 21
29 6
13 33
4 43
35 22
20 17
1 23
12 35
38 24
44 15
42 37
44 9
49 3
31 1
25 50
6 38
30 37
47 40
12 48
40 15
17 48
44 45
2 50
8 44
45 22
34 7
9 50
19 34
34 20
28 25
7 10
33 14
8 42
17 34
38 37
27 8
7 14
16 4
35 9
10 25
24 7
30 26
40 50
26 20
27 11
22 41
39 29
6 10
45 40
23 8
39 14
23 35
13 37
44 34
33 29
45 4
48 19
27 23
41 42
2 46
40 26
50 29
3 34
50 45
47 10
23 19
16 11
42 6
16 28
16 3
24 30
28 27
38 34
37 38
15 24
13 5
9 6
18 42
50 41
5 22
5 25
39 40
17 36
36 47
30 1
25 9
17 26
32 24
50 32
44 50
39 27
28 20
19 2
23 49
5 41
30 14
6 26
25 32
12 44
8 13
38 18
49 21
20 14
20 15
28 21
28 16
28 47
22 13
39 26
50 36
3 32
50 27
12 26
22 45
29 17
42 44
3 16
36 3
7 48
37 1
2 17
26 27
49 29
17 22
44 22
45 30
30 21
13 29
46 28
45 8
15 27
39 13
20 1
18 33
43 47
12 42
31 2
26 5
6 16
48 24
41 28
24 27
18 19
12 3
1 40
17 40
46 38
25 40
14 20
44 27
14 13
32 41
50 3
34 9
21 22
15 34
18 16
32 12
8 34
2 42
29 40
39 28
22 23
33 35
23 29
27 46
26 29
9 21
19 50
12 49
12 5
26 22
33 41
20 11
24 39
22 41
36 42
17 4
27 11
47 39
9 39
25 34
47 19
7 38
41 28
16 2
36 43
29 24
18 15
27 19
18 22
17 23
38 13
25 30
45 6
24 23
10 29
10 7
35 31
26 40
50 43
24 21
3 45
47 10
11 16
32 14
7 25
10 17
3 7
44 43
18 45
3 35
20 15
7 28
5 10
33 8
47 40
12 2
47 13
16 10
35 3
38 50
9 43
2 32
40 5
34 45
24 12
10 26
33 34
40 26
6 30
42 23
32 19
49 29
36 31
21 37
38 46
2 19
37 45
9 11
38 41
26 36
3 2
34 11
30 9
27 23
38 41
13 21
36 30
33 13
33 2
42 17
30 8
44 25
34 49
39 11
34 43
8 42
14 2
4 50
11 28
44 33
42 16
24 2
12 44
49 44
22 11
14 38
48 12
46 1
20 32
3 14
34 4
9 16
42 2
42 1
10 1
5 11
50 43
13 38
35 9
50 4
31 49
17 4
47 36
1 20
14 46
42 26
23 36
2 16
24 8
47 25
45 43
17 27
49 18
2 35
18 14
50 27
41 50
30 42
44 41
49 8
37 14
27 28
20 25
3 17
19 34
38 30
33 31
3 21
1 25
36 16
25 22
1 27
15 11
48 16
42 45
7 49
41 29
30 42
39 35
25 39
36 21
21 18
1 18
19 12
37 3
46 7
39 29
8 46
23 15
17 30
10 18
48 43
29 46
42 13
35 23
30 47
44 1
50 31
9 47
50 12
43 3
11 22
47 15
16 48
44 1
45 33
50 7
37 40
31 28
7 24
41 40
24 15
14 45
32 45
2 40
44 12
15 34
24 38
16 20
39 22
29 4
32 15
3 8
16 10
30 29
17 26
25 30
32 9
8 49
19 38
11 7
16 32
5 37
42 2
44 15
18 36
30 22
29 7
5 8
40 30
3 5
16 43
42 12
43 26
25 20
19 2
38 45
42 1
31 32
8 41
21 35
27 17
6 12
44 30
9 32
42 16
9 6
39 8
15 36
47 46
28 32
33 46
49 8
46 2
40 45
21 20
13 46
18 39
5 9
8 44
41 49
38 50
39 45
15 35
48 33
26 4
35 11
3 10
31 17
43 49
34 22
2 12
19 36
5 39
34 22
17 1
45 44
24 40
50 39
12 37
12 18
46 39
46 47
18 25
12 7
38 45
9 12
49 15
47 37
14 16
11 30
27 26
11 19
39 47
24 47
32 7
43 46
33 25
27 28
3 48
15 17
50 14
31 50
2 49
4 32
47 5
13 38
31 19
6 23
26 49
6 28
23 34
26 33
2 48
43 14
33 7
3 20
17 46
2 20
26 38
25 18
21 37
48 32
22 17
10 35
43 11
40 50
48 37
32 49
10 37
40 38
4 48
19 40
21 4
44 10
22 10
23 46
20 22
44 21
22 1
15 10
10 19
26 31
42 43
1 14
26 21
15 37
42 45
3 46
23 1
13 33
20 21
38 44
25 29
3 21
24 6
17 25
17 18
4 35
9 5
33 19
36 50
28 11
34 43
15 32
28 48
39 11
16 43
11 3
36 5
13 5
8 48
46 36
20 46
26 27
47 37
11 16
36 44
15 22
45 39
29 43
43 5
3 5
43 40
18 40
25 15
28 35
47 41
50 29
42 3
21 12
33 32
13 17
28 32
35 12
14 49
21 2
29 33
40 3
30 19
16 47
47 32
48 22
28 24
5 20
19 9
13 46
19 37
16 22
28 23
12 29
39 4
19 12
10 7
40 39
4 2
15 42
13 43
13 10
24 2
4 26
9 49
24 11
8 35
32 50
43 17
24 21
46 10
28 2
8 43
17 2
33 21
19 47
47 19
26 38
48 17
25 5
31 35
43 38
34 44
29 47
11 24
34 4
19 25
32 31
23 18
10 42
47 39
37 12
23 14
36 35
25 22
27 33
9 34
40 43
45 14
37 41
39 36
3 46
48 1
42 4
46 5
15 28
30 25
37 39
39 20
10 12
28 10
48 3
41 30
45 2
9 17
37 15
15 13
42 17
26 12
38 19
45 32
3 13
39 33
44 32
2 25
28 22
31 49
44 19
19 36
24 46
45 37
12 11
7 44
14 44
7 21
9 39
12 6
40 22
45 9
42 27
9 31
49 46
4 5
39 33
20 9
47 14
38 27
39 50
3 25
42 19
7 44
12 14
18 24
6 49
6 28
41 47
44 21
22 45
5 14
3 39
17 21
26 7
20 22
20 31
13 14
45 14
46 30
13 25
19 43
33 21
4 10
5 39
40 41
41 9
4 49
38 5
27 26
15 12
20 31
2 24
29 47
19 42
32 1
25 46
8 48
22 41
27 50
7 19
20 2
12 44
47 2
34 2
17 3
45 36
21 5
38 21
43 21
13 29
29 40
26 34
28 34
23 40
27 31
39 36
10 5
4 38
28 40
22 12
23 14
21 42
8 25
19 33
10 8
41 31
35 22
7 40
17 35
7 38
30 3
14 1
38 39
40 45
31 27
32 35
14 29
41 34
28 16
43 15
33 1
2 33
40 26
15 8
15 33
44 28
42 48
29 33
7 3
45 27
4 39
48 34
48 17
50 3
34 22
28 35
29 10
2 9
10 24
27 35
13 50
17 32
7 22
39 46
16 17
22 46
34 9
3 35
48 2
28 6
40 15
1 24
25 14
46 6
8 39
25 45
17 9
12 3
7 8
5 36
8 45
36 28
41 40
32 28
39 9
8 32
10 34
7 4
42 2
16 22
44 20
18 6
40 4
19 44
22 34
19 15
46 6
18 50
11 8
43 36
25 44
45 25
18 9
24 47
50 27
26 20
6 26
38 11
39 6
39 23
3 45
39 8
30 37
2 30
11 50
43 48
49 44
50 41
48 18
25 40
12 35
35 43
9 22
11 48
12 47
8 10
20 27
1 37
8 50
43 41
9 21
32 23
24 49
7 30
28 31
31 30
33 50
42 15
37 35
50 46
19 21
20 32
49 17
23 22
47 9
39 42
11 19
38 39
17 32
8 10
20 9
24 25
18 28
10 19
32 25
2 9
32 28
40 13
38 30
35 27
47 45
31 16
3 15
36 24
47 3
19 48
7 16
10 1
22 46
44 43
46 29
21 3
29 42
23 26
45 31
44 7
19 28
32 36
49 27
43 4
14 13
27 14
29 4
17 12
14 11
1 9
18 33
20 44
31 42
13 23
49 10
7 33
31 21
33 8
2 48
34 5
30 5
46 39
24 31
3 48
23 15
47 41
38 34
26 37
32 38
31 50
2 26
47 48
16 6
32 10
29 44
12 39
16 50
13 11
7 14
26 17
35 11
34 13
36 8
16 4
32 12
33 19
16 20
31 33
10 23
19 38
42 21
13 28
9 11
5 18
27 13
4 10
10 33
8 36
3 2
42 28
47 49
29 24
35 6
46 9
6 26
36 7
29 30
32 36
27 29
36 32
46 38
17 28
42 19
14 23
28 47
5 17
18 37
11 42
45 16
21 23
33 13
17 22
41 22
42 50
40 21
25 8
6 9
30 40
44 4
37 47
44 22
21 11
35 45
15 33
10 13
12 19
36 1
11 17
14 8
21 46
29 32
17 20
25 11
34 12
13 24
19 21
22 46
2 42
1 19
11 1
40 27
37 45
33 41
43 27
21 30
19 47
49 5
31 45
32 45
10 9
14 15
26 30
39 26
42 3
24 31
1 26
20 34
39 17
10 43
34 46
47 2
41 30
15 49
24 32
11 2
31 6
42 41
3 13
45 43
37 10
41 48
6 10
12 8
22 12
33 47
4 31
31 15
18 12
42 47
17 34
37 14
23 29
27 35
15 12
27 11
29 11
28 41
18 3
4 42
30 40
1 4
42 50
9 3
12 39
13 39
17 32
19 44
27 9
36 16
14 32
9 35
31 28
28 34
42 11
37 29
1 16
33 1
24 5
34 4
44 20
7 32
47 29
45 7
7 32
9 32
38 10
33 21
42 43
43 45
12 50
36 41
5 25
14 38
49 50
20 4
8 14
8 33
2 1
48 37
28 17
2 5
28 24
29 22
24 15
46 21
13 30
10 50
45 9
36 9
20 48
9 3
41 18
9 17
30 45
11 6
21 33
11 35
18 7
31 35
7 10
16 30
49 5
30 9
48 8
23 24
32 28
17 15
17 18
24 5
11 24
33 45
16 21
24 48
12 30
7 37
49 35
32 16
49 3
14 2
12 13
12 39
50 9
40 8
41 8
1 12
8 6
47 22
40 19
34 13
3 36
6 11
46 42
24 50
30 29
38 30
11 21
39 38
17 42
25 11
48 19
12 29
42 45
44 50
49 1
49 26
5 8
34 22
44 46
26 6
39 11
33 23
41 43
8 46
25 44
47 10
18 34
11 1
27 7
16 49
20 39
24 43
16 32
42 5
49 4
37 38
21 3
11 46
20 40
3 21
41 31
9 40
27 14
4 7
3 42
37 6
14 43
47 23
31 26
44 9
7 29
35 22
46 36
40 12
6 15
44 26
6 20
11 17
48 23
47 50
23 7
22 40
28 30
7 18
35 12
9 23
41 36
40 50
26 6
35 2
30 43
42 21
49 6
27 14
12 13
29 18
35 17
36 48
45 7
15 37
20 49
13 44
13 7
3 5
42 17
12 15
49 15
17 9
15 34
14 44
35 44
43 49
44 15
25 21
12 40
11 19
36 25
14 39
41 45
2 9
3 43
42 41
48 19
44 27
9 37
48 19
23 24
32 50
43 30
12 29
3 43
10 29
14 46
37 25
32 30
30 15
2 26
15 36
9 25
35 15
11 25
41 42
29 46
25 5
49 30
34 20
6 4
41 19
7 47
45 43
46 33
17 20
6 20
43 17
15 1
21 3
35 46
31 26
39 26
44 45
27 2
21 31
38 19
39 28
45 5
29 40
4 11
20 46
25 17
14 5
44 8
40 3
45 10
9 1
28 23
38 48
23 2
49 3
28 42
3 27
7 14
42 30
29 3
33 42
26 6
14 11
25 6
5 6
18 48
25 12
3 41
28 26
9 39
8 48
14 24
22 9
49 29
30 16
14 27
43 22
21 16
29 18
4 28
3 4
38 37
37 7
47 11
5 48
21 39
29 17
11 37
16 19
41 1
23 34
25 7
10 50
28 9
17 37
45 16
29 42
37 29
41 29
37 3
1 44
33 17
14 30
36 31
45 7
7 13
11 41
4 21
46 41
3 49
11 20
46 48
36 4
20 28
11 4
27 15
26 34
47 39
45 7
48 15
17 46
26 14
29 34
5 12
42 12
1 9
22 37
13 8
34 2
31 42
2 45
19 14
3 27
36 21
28 37
17 44
44 35
42 9
11 24
31 25
21 9
22 14
32 17
22 35
18 9
25 1
41 10
15 8
14 18
39 34
17 19
25 47
47 2
2 43
15 32
37 31
17 34
8 29
23 13
17 41
3 26
38 7
10 37
49 47
43 49
4 10
14 32
10 9
13 46
45 24
23 22
25 47
19 8
43 10
40 22
30 17
33 19
26 12
36 43
29 31
41 1
28 11
8 37
16 21
38 31
28 29
22 37
34 14
12 2
36 13
9 35
9 24
29 20
4 46
38 35
39 42
50 20
46 33
19 15
24 38
36 41
1 10
11 4
27 46
47 3
46 16
33 25
35 47
45 40
29 47
8 29
1 17
34 1
12 24
23 30
50 34
7 19
2 46
24 42
44 32
26 14
7 2
38 31
26 14
37 16
5 11
42 29
11 33
36 17
8 12
25 8
6 26
37 8
37 31
1 32
43 28
13 32
8 34
39 22
10 38
15 46
38 37
15 26
32 44
13 33
44 11
20 12
39 15
17 25
47 46
49 25
34 36
25 44
32 24
14 10
19 24
16 18
9 17
8 5
1 37
19 25
23 28
9 32
31 35
46 21
26 16
49 10
2 28
25 27
7 25
46 18
25 32
34 28
14 19
17 43
14 6
21 41
33 36
11 46
49 4
18 13
49 1
12 49
35 44
28 12
23 48
49 27
50 6
43 9
26 35
26 27
34 9
30 49
50 24
7 33
43 30
27 41
11 21
19 7
30 20
13 29
18 17
28 26
1 47
21 32
24 45
4 24
3 48
9 6
36 23
22 4
15 44
29 24
2 31
40 9
33 20
46 33
34 21
10 30
13 49
35 31
45 50
21 17
37 6
13 19
24 26
42 17
12 2
47 1
9 19
30 10
8 22
2 15
39 33
18 28
32 40
36 45
9 41
4 23
13 31
26 1
6 12
15 45
30 36
14 31
30 26
48 19
4 17
2 13
48 11
8 11
18 37
37 11
10 31
10 14
36 34
26 2
12 48
28 44
47 49
25 15
37 13
50 31
47 18
4 14
22 36
40 35
22 49
3 15
8 46
47 27
50 6
14 31
31 47
2 44
15 12
23 2
39 29
45 11
47 10
7 9
45 14
18 50
12 22
23 10
8 41
42 37
36 19
16 37
41 50
41 12
11 19
6 42
39 11
25 49
39 20
6 14
21 18
8 26
11 45
10 22
50 21
25 33
5 33
39 5
38 18
46 4
5 30
29 4
10 38
10 17
8 6
5 14
1 34
31 6
48 22
3 7
8 32
8 1
24 23
27 48
48 13
25 27
20 32
27 30
5 27
45 35
6 35
31 38
19 33
16 1
37 19
31 47
13 10
46 13
45 44
8 5
20 3
16 2
36 5
46 31
6 22
35 39
36 31
50 30
11 1
3 45
44 14
9 14
33 48
36 42
17 2
46 39
41 34
11 20
10 18
34 26
19 13
10 11
30 48
34 47
16 34
21 32
16 49
13 10
38 15
27 49
41 34
27 45
6 24
7 40
24 4
35 17
37 20
32 4
23 27
6 39
40 28
11 6
14 16
32 12
4 19
28 30
42 37
39 24
8 38
34 29
9 44
24 43
38 25
14 2
33 4
44 26
8 16
32 35
14 35
21 49
8 2
24 7
10 9
40 33
24 13
35 23
30 17
6 46
38 49
15 48
36 31
28 30
24 23
25 8
13 48
46 42
41 19
2 28
38 23
11 2
11 50
8 34
25 21
5 32
33 32
38 34
28 15
8 40
21 3
34 45
10 46
29 44
25 12
36 11
16 17
20 45
1 25
10 12
20 27
27 2
33 28
44 41
18 47
13 49
5 43
46 3
18 25
22 42
8 41
38 14
25 43
34 20
38 42
24 5
26 35
41 37
46 24
2 44
15 46
2 38
38 46
23 17
44 33
30 2
2 48
26 34
49 44
14 23
14 19
43 24
39 35
38 18
25 26
17 31
50 26
26 24
19 33
49 36
24 4
30 19
13 39
7 8
45 3
10 26
36 4
25 45
13 8
7 38
21 33
6 27
7 1
45 14
48 7
22 31
21 12
24 21
49 22
41 31
35 12
13 16
19 3
43 24
18 34
22 14
25 23
40 37
28 12
13 19
10 30
36 24
2 18
25 46
31 3
4 18
26 30
15 4
21 3
9 39
30 25
46 35
30 28
46 3
34 40
33 46
16 49
49 3
42 38
32 18
21 46
41 16
38 2
16 33
39 26
36 12
20 32
38 46
12 32
33 34
26 4
8 13
30 26
36 38
29 27
17 44
37 1
41 45
41 19
41 13
6 26
2 36
2 41
10 37
3 26
45 29
43 7
12 7
31 7
14 30
9 39
3 8
25 16
19 4
47 45
45 44
49 3
1 47
16 18
15 47
26 2
35 20
11 41
1 14
19 37
31 9
49 11
2 7
25 26
18 34
1 11
41 5
15 26
50 2
46 2
13 19
9 23
5 7
3 7
29 22
44 25
7 20
16 14
36 28
46 5
41 46
18 5
49 22
14 38
34 3
11 41
38 15
38 29
43 26
42 8
23 10
26 25
36 25
50 43
2 28
28 35
14 20
44 48
31 23
38 20
43 10
17 25
19 16
3 1
25 28
43 32
40 47
14 28
44 12
42 20
33 49
19 14
25 42
48 43
10 6
10 32
24 44
4 9
8 36
42 24
12 50
21 33
2 27
22 44
35 6
43 8
17 13
44 15
45 47
4 8
25 30
38 10
46 11
9 1
26 31
48 35
27 19
22 18
8 36
11 39
28 38
19 40
1 39
48 30
28 36
33 37
20 35
15 11
21 26
50 10
40 33
32 11
49 5
25 26
2 28
45 31
23 36
41 18
17 6
22 36
26 32
28 4
14 35
43 13
19 32
8 16
48 45
47 27
36 5
31 49
21 4
21 11
46 1
13 11
31 47
12 35
6 21
12 1
46 25
46 1
43 41
10 3
3 19
28 35
35 16
24 28
14 46
24 11
22 7
37 12
5 14
28 22
28 43
20 18
36 35
12 22
36 40
7 49
36 38
12 38
38 15
46 9
35 3
40 32
34 50
36 32
24 27
21 13
6 20
21 10
16 41
41 12
13 50
28 43
25 20
47 1
24 39
20 33
9 29
2 18
45 44
40 16
40 45
27 22
43 26
33 3
34 6
48 2
31 26
29 5
25 39
32 29
34 29
44 11
13 39
20 26
36 23
17 29
5 11
26 15
36 40
49 18
13 28
39 43
6 5
30 17
25 13
35 1
39 9
19 30
36 48
45 43
49 38
3 36
4 18
32 11
49 4
47 43
43 45
15 2
1 23
33 2
3 18
12 22
28 50
11 34
43 32
42 43
35 16
20 6
25 37
19 2
33 48
6 36
26 44
42 19
18 41
42 50
11 43
4 44
6 37
8 49
36 33
46 32
7 19
11 36
46 11
17 21
19 6
15 22
33 19
5 26
32 37
49 9
27 24
21 34
41 13
1 11
50 45
41 35
1 23
47 8
34 25
28 21
47 22
5 44
3 16
7 14
42 8
13 3
12 8
21 37
18 49
10 18
9 48
44 50
26 20
47 31
41 25
17 9
39 12
9 16
49 13
1 36
43 22
9 10
19 20
42 13
32 28
49 48
48 18
4 24
49 48
7 41
32 33
36 29
33 27
31 30
16 8
18 34
47 10
26 31
15 46
6 22
13 36
41 49
44 28
10 48
30 32
29 14
20 41
41 6
49 35
10 45
43 28
22 47
14 21
24 48
9 47
3 35
11 26
30 18
35 36
48 23
49 11
3 21
49 28
9 5
17 34
39 36
3 45
43 5
35 34
21 2
18 26
9 17
35 38
17 6
32 6
22 45
16 29
33 48
17 12
19 35
20 13
20 48
40 15
22 2
30 10
38 11
2 35
46 20
47 21
17 29
11 49
3 18
33 37
22 30
8 26
21 2
4 11
21 27
1 16
37 23
42 36
26 30
35 40
35 8
2 35
32 17
26 16
12 21
3 9
44 30
33 39
37 35
32 50
16 4
10 13
36 3
27 19
2 22
8 2
13 24
48 22
37 7
19 15
31 8
21 1
1 20
7 43
43 22
31 30
23 15
43 4
6 4
19 26
32 33
12 47
30 6
33 42
1 29
48 1
9 19
39 38
29 3
35 9
37 48
23 44
45 44
17 19
23 7
34 30
46 34
19 2
13 3
6 42
31 20
40 45
9 30
11 14
43 40
37 22
9 16
48 4
35 34
34 14
49 31
29 42
5 43
36 45
33 32
7 49
4 2
50 37
24 33
47 20
22 4
1 10
35 14
50 48
31 2
40 16
25 17
32 12
14 31
47 41
47 30
15 42
38 32
50 4
29 38
46 23
31 40
31 12
37 27
27 42
36 21
28 38
10 49
35 17
5 22
1 3
34 10
38 26
16 14
28 37
34 45
4 25
50 26
50 2
46 44
39 25
26 9
29 8
18 9
47 43
4 47
48 38
14 5
35 28
5 28
15 13
35 38
20 49
40 8
22 12
16 45
23 38
14 40
29 19
19 1
18 15
6 28
18 17
42 34
41 36
29 23
7 14
41 18
39 43
1 29
32 26
24 48
18 2
40 44
43 18
36 18
25 19
37 45
41 13
47 21
8 41
5 16
30 29
45 47
37 28
39 37
45 14
20 35
12 46
37 47
37 43
31 45
19 11
43 25
15 37
19 8
36 9
35 23
19 12
4 23
42 4
38 48
26 7
26 14
46 41
10 28
31 25
5 39
48 17
38 40
17 43
32 22
4 40
48 26
39 15
7 19
10 25
22 44
8 17
27 46
31 7
35 44
26 19
27 19
20 14
29 17
11 34
43 20
29 10
5 40
13 39
36 6
18 44
45 2
7 9
16 21
34 5
34 15
24 9
28 26
45 35
47 19
46 19
25 1
41 25
11 38
13 39
35 37
19 35
21 6
42 16
47 13
15 5
10 8
50 14
4 43
23 46
1 24
41 34
44 50
44 28
7 38
36 40
41 12
32 16
30 5
7 8
50 40
37 43
15 33
41 48
15 37
42 33
33 23
37 47
34 8
38 39
45 42
24 9
48 30
44 49
31 49
17 39
41 13
49 1
31 8
14 30
28 4
24 20
11 9
26 10
40 14
24 46
33 9
24 42
43 44
2 44
35 21
4 26
43 2
26 13
23 8
21 1
41 48
41 40
8 17
11 34
41 17
28 39
21 13
17 28
46 6
47 31
37 28
35 2
18 27
46 37
32 37
22 46
3 43
36 30
33 26
37 48
49 43
24 7
35 21
21 41
17 6
19 11
12 8
25 24
33 44
32 35
44 26
42 33
12 25
29 40
13 16
39 15
13 23
26 39
41 33
42 34
24 30
17 11
20 50
42 17
8 16
31 2
29 45
4 25
49 10
49 40
1 36
35 1
14 25
25 8
46 38
23 34
12 38
3 22
34 30
31 25
29 42
4 32
21 4
13 7
13 15
24 26
48 43
44 38
18 20
18 19
13 7
37 34
42 25
4 43
49 10
46 45
6 17
4 46
41 11
31 13
29 44
4 16
4 21
25 19
13 11
28 3
12 38
30 38
35 11
6 36
36 35
44 18
2 49
4 24
21 43
47 12
21 26
18 32
47 24
47 1
42 9
5 28
14 50
4 31
47 43
47 45
21 16
14 20
50 8
15 22
18 36
20 23
10 29
43 4
38 9
27 17
21 30
1 25
26 12
24 5
24 10
23 50
9 50
33 43
27 12
17 48
25 38
20 18
38 29
40 46
49 34
13 37
39 48
21 37
46 8
3 31
29 7
19 8
9 7
21 46
46 28
9 32
35 2
16 19
18 7
17 48
45 41
5 39
37 46
6 47
3 6
50 35
8 35
50 5
5 7
16 9
31 27
33 1
3 46
39 49
18 17
31 49
17 12
13 25
43 41
5 18
5 2
33 21
45 12
40 39
29 2
9 33
5 25
31 29
41 45
2 34
46 10
18 1
7 17
15 37
6 40
18 17
36 42
7 44
16 19
36 18
26 38
3 6
50 34
9 14
44 3
15 32
46 11
8 14
26 43
7 13
14 25
4 46
23 45
31 48
4 31
47 17
39 32
18 8
43 23
37 44
14 19
30 39
37 30
13 39
48 10
38 10
35 37
3 33
38 7
2 48
12 34
14 1
7 35
48 22
4 38
35 31
13 46
49 27
10 44
20 9
32 38
9 38
16 40
12 10
31 9
38 10
28 24
6 49
35 20
16 21
27 32
13 34
2 43
43 31
20 33
30 7
39 24
2 23
41 33
41 45
5 1
23 15
2 24
42 15
10 4
34 45
28 1
6 34
47 37
3 21
37 21
7 39
47 8
29 21
1 42
21 9
33 40
29 36
19 45
35 29
42 29
2 16
48 7
20 34
24 12
41 30
46 39
36 11
6 9
13 39
48 8
42 31
46 50
42 7
33 23
40 2
31 16
41 37
50 5
43 3
42 26
23 30
39 1
50 8
48 36
24 23
23 26
36 48
23 40
18 40
32 19
43 47
1 7
49 2
9 41
34 39
6 37
46 42
39 29
37 31
39 36
13 20
36 38
2 41
5 15
18 20
9 11
14 12
23 36
40 11
30 31
38 40
31 9
31 17
46 18
6 4
7 14
42 5
1 48
41 15
34 33
26 29
32 25
31 10
25 43
37 10
20 25
45 24
5 11
33 36
38 13
22 12
5 11
33 7
15 16
45 28
23 31
40 23
32 18
22 23
8 7
16 44
40 47
49 37
49 28
31 9
10 2
6 4
28 1
30 43
7 26
21 17
10 39
14 10
35 25
17 22
8 9
39 15
43 32
31 25
7 34
44 29
31 33
43 12
27 11
40 12
34 49
17 18
50 17
36 42
23 14
20 11
19 18
15 14
40 26
50 28
3 37
30 45
29 40
18 8
22 29
26 3
19 41
26 18
6 12
18 37
3 17
15 36
12 40
7 13
43 4
1 48
46 33
16 48
46 14
34 47
48 15
16 41
3 34
1 7
19 40
42 6
33 15
35 10
39 35
33 9
34 44
9 6
10 33
48 3
20 37
5 50
47 9
7 3
45 34
1 10
41 27
49 37
10 24
42 2
50 4
32 33
7 18
30 40
27 18
19 44
24 2
11 40
13 4
50 7
27 4
46 35
3 26
34 8
42 35
37 18
37 44
4 23
2 13
3 22
21 16
8 34
33 48
49 50
32 22
35 28
25 33
6 41
50 35
46 33
49 44
29 16
32 42
9 15
45 1
36 24
29 36
26 39
38 21
38 47
17 13
12 47
4 49
16 22
25 2
36 17
32 48
47 26
45 34
23 17
8 30
17 32
46 15
41 8
21 29
49 45
41 44
37 36
32 20
3 46
50 32
33 8
9 5
28 2
37 3
25 11
33 26
15 7
38 34
18 5
42 45
42 18
44 31
6 48
33 8
26 38
45 36
18 50
48 10
37 3
9 23
7 35
7 42
15 10
12 10
6 9
25 8
22 38
13 15
38 2
28 16
5 49
7 16
29 4
35 40
9 23
42 40
29 5
28 35
42 35
47 32
39 46
14 44
12 30
14 47
2 29
40 50
10 43
27 18
5 3
45 27
37 40
16 4
2 45
27 17
46 21
15 44
6 10
23 8
13 4
43 50
23 5
13 41
31 3
39 50
14 6
36 48
8 37
10 49
16 30
27 17
20 18
41 21
35 36
29 6
4 22
5 26
19 5
6 35
29 41
49 17
47 48
36 10
14 7
37 48
34 50
1 22
10 14
46 5
30 35
10 2
24 35
33 43
24 43
23 6
32 28
34 41
41 27
31 50
16 26
6 27
5 17
28 41
6 37
14 3
10 14
29 24
13 7
40 8
5 2
31 14
16 13
28 3
23 43
42 27
18 32
9 27
22 49
40 10
20 8
23 37
24 32
13 16
49 18
1 43
49 15
15 32
26 16
15 50
25 13
16 50
23 31
11 2
40 41
36 39
23 25
30 22
1 40
49 48
45 13
31 45
8 22
2 29
36 25
36 18
1 33
46 48
44 13
33 9
1 45
12 6
23 44
16 1
11 4
35 24
10 50
50 26
1 49
32 17
38 18
11 34
45 30
43 13
18 2
26 22
24 20
27 8
48 46
40 26
24 27
26 40
11 28
34 22
19 34
33 23
44 22
2 50
43 15
42 40
47 2
1 23
42 41
40 25
7 34
18 7
6 9
35 40
38 42
21 23
23 46
28 40
5 3
13 44
31 40
37 19
8 41
25 35
30 49
40 3
40 3
24 37
47 18
48 37
32 33
18 29
19 6
21 33
25 40
10 25
25 11
48 49
37 35
30 31
19 47
30 36
4 24
46 14
1 24
29 45
11 43
29 1
3 46
25 3
45 41
5 17
44 18
7 8
33 9
5 20
43 39
35 34
45 14
8 16
6 17
47 25
12 3
50 1
30 36
19 13
30 47
25 35
11 37
36 17
34 23
41 16
37 25
3 43
24 18
29 11
10 41
20 3
24 5
1 16
40 47
34 39
18 20
7 25
40 33
30 2
28 50
34 48
23 7
18 10
21 12
27 38
29 28
24 3
8 33
48 22
9 38
5 32
31 11
37 22
3 21
34 44
36 15
29 13
40 18
14 34
17 26
35 15
4 21
22 1
29 32
34 7
16 36
6 22
41 28
6 50
48 32
36 30
11 34
27 16
21 27
47 9
44 25
31 50
12 10
50 3
6 29
14 12
10 32
46 40
24 42
26 42
12 23
37 41
39 25
37 11
15 7
29 33
3 16
15 39
23 8
17 31
35 5
45 35
18 7
10 49
3 48
1 5
4 29
16 5
5 34
24 23
11 25
11 23
17 2
11 27
37 42
14 11
18 34
49 33
24 46
21 11
15 5
39 18
7 17
45 11
27 28
33 18
32 37
44 45
1 19
47 27
32 4
41 46
37 46
12 50
44 28
48 40
18 10
5 19
28 39
14 1
41 6
38 48
39 10
37 4
17 19
19 45
45 34
14 13
49 36
5 48
5 32
35 49
44 41
23 39
19 41
26 29
9 6
48 29
5 20
31 49
39 35
10 9
46 28
48 1
6 35
42 49
28 18
22 40
47 26
33 5
34 40
37 44
46 17
42 39
18 39
43 49
10 35
30 35
39 32
40 50
27 6
29 30
7 33
5 2
39 9
16 31
33 18
25 38
6 25
1 5
16 28
33 42
20 29
16 7
44 17
44 12
41 10
16 44
14 44
49 37
42 26
13 8
3 31
32 25
29 34
45 33
1 42
2 47
46 1
43 15
42 25
27 8
25 27
27 28
25 19
45 44
13 49
34 46
1 11
31 33
5 35
14 26
48 22
17 11
5 38
3 36
37 7
48 16
39 45
42 17
14 28
30 25
38 4
24 41
17 46
25 9
18 44
6 38
49 48
46 11
22 11
25 26
30 20
23 4
14 32
22 44
18 10
47 2
48 17
27 14
38 3
49 27
49 13
29 36
15 19
19 46
22 18
16 15
35 12
30 41
29 47
6 16
1 15
7 10
18 19
48 44
38 5
49 1
13 18
28 50
42 44
48 31
24 28
49 18
2 26
48 37
31 25
30 22
28 18
11 42
20 41
16 23
21 35
26 8
34 26
42 1
34 39
8 3
4 21
29 1
22 14
44 39
22 19
15 22
14 35
46 38
36 42
13 6
9 48
3 24
39 10
23 1
7 19
14 28
30 27
30 24
12 15
46 16
9 36
7 17
49 33
43 19
4 18
18 28
5 44
27 38
3 43
35 45
36 44
30 47
9 24
49 31
50 44
48 29
11 45
32 38
15 8
41 5
50 18
45 2
15 25
26 25
27 23
42 33
34 19
13 28
40 10
12 18
34 33
30 31
19 16
2 44
36 10
40 36
35 44
22 42
49 22
4 28
11 41
19 29
42 28
19 48
12 1
19 22
31 39
47 50
42 27
13 14
3 12
7 42
47 40
31 44
21 33
6 4
24 30
47 36
13 42
24 32
12 45
7 46
42 7
42 18
45 32
42 7
18 17
38 13
3 38
32 21
10 13
20 27
47 43
10 6
48 31
43 28
33 23
49 20
26 50
5 47
40 39
9 5
5 38
41 20
30 16
18 45
50 28
7 27
23 20
40 49
19 8
47 13
41 11
35 40
41 21
23 38
12 29
10 43
6 19
43 28
40 14
41 22
34 5
40 46
50 11
30 22
40 17
5 41
4 13
20 35
30 35
29 23
21 16
12 28
28 37
16 42
28 31
7 47
45 16
23 3
48 14
13 21
32 8
29 22
29 33
37 20
6 25
39 7
1 45
42 49
46 18
44 48
31 14
14 15
3 36
27 2
25 18
42 21
29 35
25 16
28 25
46 5
34 25
22 27
40 23
23 26
33 21
29 23
12 18
19 2
29 16
10 33
46 38
48 34
26 31
41 44
50 37
35 21
47 23
1 27
17 20
20 33
12 37
36 30
21 28
14 3
38 15
4 22
50 20
19 8
19 12
25 34
2 46
3 33
45 4
50 48
12 28
10 44
35 44
44 42
18 30
42 19
42 2
6 47
6 30
21 26
34 22
13 15
5 35
29 41
34 7
16 19
10 13
16 1
23 35
33 43
28 40
47 33
11 42
47 10
49 17
43 12
43 13
43 33
19 15
37 43
38 26
2 13
21 18
4 17
18 15
26 4
28 34
6 35
42 10
34 36
1 29
4 34
25 44
30 12
2 36
7 24
16 3
13 45
38 45
10 8
23 49
9 35
42 21
19 3
2 25
37 28
15 2
12 32
47 19
22 37
30 42
2 23
16 28
12 26
8 35
43 18
17 9
16 3
10 41
24 34
8 15
40 43
23 48
13 42
18 11
26 35
50 27
36 48
14 32
37 13
36 30
22 18
35 13
37 17
22 34
36 13
43 18
44 38
3 46
4 2
17 38
28 15
29 25
29 34
1 24
34 22
6 33
2 4
21 40
24 40
29 46
36 4
24 9
18 46
44 49
22 40
36 21
21 11
1 38
42 34
8 31
31 21
38 50
32 26
27 3
13 42
14 31
36 10
14 50
31 1
25 23
8 20
19 40
35 13
6 16
47 6
10 21
5 47
27 23
18 3
2 3
29 31
36 12
39 33
49 10
4 29
27 11
6 37
26 33
34 33
6 12
21 47
44 6
33 26
16 19
2 36
3 46
21 48
45 16
46 35
13 33
5 20
22 40
43 1
11 3
36 32
48 2
2 8
21 15
25 10
22 36
18 35
31 40
30 39
39 22
32 33
17 12
6 37
36 19
45 19
5 33
14 23
48 41
45 13
35 32
39 27
9 42
48 11
26 29
37 26
45 5
9 30
7 1
21 31
49 45
35 12
43 27
23 21
18 6
47 43
8 7
49 16
46 10
5 25
47 26
19 43
43 12
41 16
48 12
39 47
41 28
8 23
50 36
9 4
3 16
6 17
32 33
43 4
46 28
19 3
34 29
30 21
18 36
12 22
46 41
29 10
36 14
50 38
36 46
31 8
13 6
39 27
47 7
46 25
24 10
36 35
33 5
37 10
49 50
42 22
40 29
6 42
23 33
6 37
25 38
25 36
31 35
37 22
47 13
10 49
29 27
42 44
17 41
33 22
30 24
24 20
40 30
18 37
19 2
5 10
25 31
16 37
6 9
22 44
18 20
43 13
43 8
5 37
6 10
36 24
29 40
29 13
47 33
33 46
29 45
11 30
3 42
2 18
7 48
5 29
48 44
15 26
22 10
30 31
18 41
23 17
7 28
9 37
42 32
46 1
12 48
5 32
39 46
36 23
48 6
27 31
49 37
46 30
32 30
39 26
17 4
41 18
50 24
29 17
41 46
23 7
28 47
26 33
13 30
16 20
21 36
10 1
24 28
40 31
11 21
27 44
22 36
8 34
7 47
50 21
38 14
3 42
26 3
1 3
27 22
28 46
28 2
10 6
19 7
31 18
46 4
30 16
8 50
11 30
1 8
22 2
36 23
36 28
20 29
33 43
8 1
21 15
33 45
34 26
40 18
15 31
31 46
23 34
21 9
38 9
13 49
2 16
35 45
32 26
38 15
4 48
50 9
9 13
27 32
35 26
15 19
3 26
21 18
39 6
12 20
42 2
32 48
29 38
14 13
24 33
16 48
24 46
46 50
35 10
20 42
27 44
18 34
13 26
38 35
24 7
30 3
3 28
37 26
46 7
13 37
42 23
16 46
26 36
30 44
47 42
31 22
44 49
44 35
9 36
22 49
43 10
37 15
42 7
43 47
13 36
24 15
2 17
43 14
26 30
9 49
46 32
50 10
31 50
37 38
39 24
48 15
48 45
30 5
20 45
4 18
39 40
17 41
19 7
46 40
39 34
22 26
38 19
42 30
15 2
23 38
17 44
33 19
37 29
13 2
37 43
46 19
21 42
48 18
2 41
46 24
45 37
34 26
7 29
18 27
31 21
12 38
17 9
50 35
43 46
41 11
39 10
30 2
17 15
27 18
16 49
43 8
1 8
49 23
48 2
8 21
24 23
12 19
3 31
24 41
14 31
21 30
48 27
23 36
33 27
25 7
9 16
39 15
36 17
47 31
26 15
18 42
23 4
2 34
11 50
27 38
1 35
43 1
6 32
9 41
12 9
31 24
34 3
40 1
40 5
13 19
22 3
2 15
35 33
21 34
5 32
46 29
11 9
16 13
5 35
14 50
21 15
50 37
40 8
5 35
30 8
21 37
12 7
32 34
17 19
25 33
2 13
8 22
23 50
12 47
7 3
29 5
49 4
10 43
40 14
29 23
50 25
34 43
34 8
9 24
45 44
18 49
18 46
8 19
4 11
42 29
19 8
49 40
36 24
50 4
33 11
29 10
44 30
44 22
21 43
11 37
45 31
47 35
46 11
3 9
24 42
16 28
30 1
47 43
27 49
37 21
38 22
44 39
40 26
16 44
47 22
30 46
3 36
41 18
45 29
47 1
22 32
23 28
31 45
48 2
44 5
14 9
7 2
1 23
35 30
40 9
16 22
22 17
48 43
29 39
27 23
1 49
8 32
19 24
43 42
49 42
33 30
33 35
42 36
15 12
20 41
37 38
15 9
29 31
27 25
26 3
27 40
1 8
13 31
35 15
44 8
23 34
47 28
24 25
21 15
26 11
10 9
21 15
2 50
27 25
27 24
28 13
39 43
28 46
17 41
7 11
36 39
2 5
15 39
33 7
31 26
45 29
48 42
32 23
13 2
16 6
6 8
25 23
6 28
41 22
15 4
32 49
34 1
45 18
26 34
7 11
29 31
5 26
38 50
38 5
35 42
36 17
24 30
33 18
13 41
21 15
35 26
15 17
46 47
14 34
45 49
27 21
31 35
35 42
7 38
46 21
46 14
20 23
40 48
18 47
49 35
15 30
6 22
4 35
22 35
40 45
44 16
23 21
24 48
49 32
1 19
34 14
13 42
7 40
25 35
23 41
7 32
17 48
9 38
26 37
42 27
17 16
14 24
45 33
27 46
11 13
34 29
35 17
43 22
7 41
35 3
1 44
36 23
14 43
1 22
34 33
26 38
38 22
39 9
26 48
38 3
41 23
20 15
50 15
20 49
43 34
43 22
35 23
46 6
30 34
36 9
43 50
40 20
33 9
32 35
47 44
46 15
7 24
11 24
5 2
35 28
13 39
24 43
25 8
47 36
41 43
50 13
40 2
28 21
36 16
3 16
23 40
40 3
46 47
29 17
5 26
5 6
10 6
40 14
29 3
32 14
17 36
25 42
47 11
16 13
33 6
34 45
14 29
5 4
8 19
32 25
12 25
30 3
1 41
15 20
28 31
14 26
7 17
11 46
10 2
28 21
17 40
16 12
4 9
24 30
47 19
37 10
40 39
45 26
38 45
10 9
23 15
9 42
26 17
19 15
6 38
13 32
33 2
7 48
6 28
44 3
47 12
9 47
29 8
13 11
42 40
6 12
16 42
34 43
3 41
6 23
48 14
9 44
34 44
31 17
41 26
38 8
5 46
12 36
13 36
23 13
42 20
31 19
29 9
20 14
12 19
22 32
8 25
24 18
12 18
25 15
3 23
5 47
36 40
3 47
36 27
14 25
5 14
50 45
12 1
45 34
41 49
31 6
11 43
44 9
4 46
43 8
34 5
14 36
22 39
37 40
2 43
37 34
5 37
49 21
45 33
1 17
33 10
33 30
36 42
6 16
47 8
45 50
18 23
1 2
36 21
11 39
4 34
38 6
39 24
43 24
49 9
19 21
11 9
30 27
35 25
49 26
16 19
49 46
11 41
50 17
17 39
25 5
17 42
9 14
4 45
43 25
13 44
43 41
39 26
26 48
34 29
34 17
48 37
35 37
37 33
50 26
6 25
5 12
27 1
39 41
7 27
18 28
45 39
46 8
27 46
45 33
17 13
3 29
41 35
35 13
30 40
40 15
43 46
42 29
43 28
28 18
18 40
42 9
25 33
23 6
45 36
27 15
26 1
16 18
28 42
18 15
20 3
30 25
38 7
15 30
41 3
41 46
26 14
45 37
3 47
8 29
39 33
31 27
8 17
49 44
34 20
8 15
42 8
21 46
46 3
16 36
39 8
50 48
17 31
21 20
3 4
28 27
25 5
23 29
22 15
1 44
10 9
45 40
17 38
50 41
16 20
14 23
20 41
5 37
39 2
3 32
32 12
36 3
49 21
6 34
5 7
32 2
25 30
32 26
3 42
26 47
5 29
10 29
27 37
2 12
22 23
16 47
38 13
3 48
35 32
36 20
14 12
46 36
45 16
40 30
39 46
18 49
30 25
35 32
49 25
32 2
32 7
29 41
41 47
43 3
50 36
33 50
7 15
13 36
14 22
5 38
25 20
40 8
19 34
29 14
14 12
11 48
35 26
19 36
44 28
17 11
19 3
18 47
39 12
18 23
50 27
19 47
46 20
35 42
34 3
38 47
32 40
19 2
22 3
8 35
46 1
26 30
13 32
47 38
27 2
9 45
35 14
18 31
10 50
42 3
12 42
5 39
17 33
35 23
18 46
16 2
5 15
41 28
42 30
24 50
45 47
37 31
43 23
6 28
44 8
39 10
48 2
39 29
13 19
2 32
45 50
8 44
5 43
3 1
14 9
40 3
39 49
2 11
32 50
20 35
25 17
50 45
45 31
29 48
26 23
19 26
48 29
45 37
36 46
27 35
2 46
39 19
1 25
38 46
43 32
1 37
23 3
15 49
4 24
47 18
3 50
25 6
12 26
2 37
39 7
50 11
50 31
20 11
6 32
41 21
23 21
40 22
50 16
20 48
37 13
16 20
30 41
45 24
2 17
42 16
26 43
30 6
17 49
3 1
25 24
1 29
6 22
43 32
42 12
33 2
24 50
33 45
41 13
40 28
4 46
5 10
35 28
41 45
49 22
23 22
18 23
50 10
19 10
8 44
5 7
16 35
50 28
7 24
10 28
3 9
9 48
5 10
15 19
48 17
6 19
20 18
49 17
11 22
25 37
1 30
11 49
22 46
27 29
11 22
50 41
24 40
46 21
27 23
43 9
21 16
20 5
12 13
27 34
11 24
49 50
30 36
20 14
48 39
16 37
9 49
39 26
11 35
35 16
22 19
44 6
15 36
25 3
2 18
42 1
18 1
28 38
28 44
27 48
27 3
24 4
25 24
26 37
29 43
18 35
34 35
1 16
34 3
30 43
4 41
23 37
48 27
31 27
45 18
29 24
50 23
10 1
36 35
34 22
13 29
21 45
7 47
7 31
16 10
43 39
44 13
50 12
9 4
26 7
29 6
24 22
18 21
9 15
40 15
35 37
22 46
47 25
19 47
19 49
32 48
40 9
32 3
36 21
50 6
8 22
5 40
18 17
35 30
29 49
7 37
5 24
16 49
35 15
26 3
9 15
20 38
30 23
27 4
30 24
23 12
20 47
26 38
44 1
41 16
50 43
36 39
8 40
37 11
16 43
23 26
34 35
12 46
13 5
23 16
30 9
22 28
17 26
6 43
15 33
14 22
48 27
48 24
44 32
39 49
16 12
18 23
45 18
42 7
50 4
24 12
28 36
10 29
2 25
8 39
7 19
6 48
28 30
19 9
42 26
23 32
32 25
24 43
34 5
35 18
37 15
26 22
12 42
22 50
50 43
40 46
24 2
26 30
29 4
1 45
29 34
25 28
47 14
45 11
1 36
5 9
32 4
19 46
13 38
41 49
24 13
3 5
40 44
10 23
49 38
47 3
46 19
14 7
41 38
23 8
45 13
38 22
39 18
37 10
27 42
15 45
31 23
48 12
9 28
23 2
1 22
28 42
28 16
8 10
40 27
10 27
1 26
12 33
32 6
41 6
14 6
2 50
3 48
21 11
33 18
48 36
21 32
23 12
22 7
50 45
48 49
47 31
37 2
31 13
42 1
50 8
2 6
30 41
29 10
23 8
22 29
36 44
41 7
4 39
24 8
21 19
26 42
44 15
10 37
16 49
34 33
44 14
38 10
22 50
3 28
34 24
9 48
4 16
44 2
45 44
48 45
9 10
3 7
45 46
27 41
5 3
33 26
25 9
3 33
29 22
19 15
6 5
35 21
25 49
3 14
45 43
10 44
17 18
36 42
9 17
13 4
46 3
11 39
33 35
23 48
33 6
46 9
26 47
33 23
34 42
18 5
46 4
43 9
8 41
21 8
19 42
24 13
26 41
4 39
9 12
42 49
45 44
35 23
16 29
4 33
17 28
12 38
12 19
24 3
25 32
22 25
25 1
1 41
6 41
16 36
24 43
15 13
7 40
8 34
38 21
29 34
42 6
33 36
37 6
33 25
35 37
44 33
21 50
49 35
39 9
50 41
50 39
29 1
34 36
15 26
29 27
15 28
3 9
21 13
18 9
25 1
15 42
12 22
41 40
12 25
37 38
36 12
9 24
38 1
41 46
30 41
50 36
17 15
19 20
40 36
6 39
48 8
26 2
17 15
21 43
21 43
40 4
27 18
48 24
11 45
28 30
12 45
41 27
29 21
14 12
17 26
17 50
14 27
6 40
49 38
50 8
46 24
9 37
7 28
8 21
40 30
12 27
37 36
22 38
25 39
29 7
4 47
7 3
39 14
24 19
11 43
24 35
6 39
3 18
34 25
14 7
4 39
49 37
33 42
10 48
7 2
33 45
40 7
35 48
30 32
27 10
14 3
32 28
31 50
32 41
9 20
47 23
15 41
38 11
30 29
47 31
47 9
37 22
28 24
12 28
37 50
37 46
34 6
49 46
48 21
41 9
9 24
33 4
25 50
50 17
12 20
49 6
5 7
34 4
38 25
36 10
39 18
32 17
34 40
29 7
36 18
20 46
36 26
50 1
14 5
22 49
47 23
19 41
3 32
34 2
37 25
33 45
36 33
16 35
13 24
5 30
38 11
13 4
41 36
38 6
24 44
35 15
29 33
14 3
25 41
23 33
37 30
49 28
2 43
27 50
30 42
2 36
3 20
24 42
9 27
49 16
27 32
11 46
35 10
44 8
15 7
29 33
42 7
26 44
47 12
27 42
2 15
4 18
30 25
12 26
32 11
4 15
49 31
35 10
6 10
18 30
10 5
10 12
22 46
18 5
29 46
45 12
24 37
5 42
40 32
24 50
12 14
19 7
39 7
48 47
9 22
2 22
26 34
8 45
15 50
14 38
19 35
18 16
34 2
42 48
7 11
15 3
7 13
6 34
40 30
24 10
50 43
2 30
20 1
18 32
33 30
4 32
50 15
19 42
2 6
17 11
19 4
45 17
1 28
32 25
10 34
24 22
7 31
39 15
39 12
19 41
20 13
30 40
32 7
5 16
23 38
1 34
31 46
40 48
50 44
7 13
42 8
10 6
23 7
50 21
3 46
44 33
15 38
17 16
9 29
25 43
48 18
7 36
15 9
25 10
7 28
26 12
12 42
33 43
30 36
47 24
41 2
17 33
49 36
15 48
1 4
44 45
8 13
16 1
18 30
29 26
18 44
4 48
18 33
32 49
45 34
18 50
41 12
15 30
4 47
1 46
40 50
50 34
46 19
21 36
30 40
11 41
28 41
22 36
13 29
41 15
26 31
19 22
33 6
14 34
48 7
23 32
31 43
39 10
44 7
48 43
17 30
36 35
16 8
38 2
1 40
21 23
10 40
25 8
25 14
37 29
21 41
48 40
27 36
14 45
24 19
16 6
16 22
30 18
30 45
40 41
42 17
27 6
4 16
24 30
48 30
11 18
16 4
15 24
50 9
27 31
38 37
39 40
20 12
3 34
50 34
50 44
34 11
1 6
12 25
47 23
38 16
48 22
25 39
21 3
12 14
42 25
25 29
26 9
6 8
48 9
15 6
13 37
45 17
30 13
35 4
19 43
12 38
15 34
7 8
2 40
18 39
27 40
23 5
7 13
22 34
1 13
30 16
35 38
43 45
22 23
20 46
31 10
15 21
26 31
19 45
11 26
34 26
27 9
18 3
50 14
9 5
23 2
15 34
12 36
37 12
47 36
1 29
39 47
45 34
22 14
44 15
39 38
17 37
41 49
3 28
9 44
30 24
20 7
49 1
15 50
50 11
8 31
13 38
37 31
15 8
10 29
47 46
19 26
21 49
49 48
7 40
7 45
28 4
21 22
12 17
40 44
15 19
13 19
36 34
34 14
28 7
32 9
27 32
19 21
1 42
37 3
36 46
26 37
33 11
14 43
45 32
50 9
19 17
48 18
24 37
24 15
46 12
45 23
6 33
11 19
23 20
40 38
22 30
7 29
19 7
34 26
47 43
39 31
33 47
46 41
38 11
35 3
45 8
50 40
27 44
22 40
43 10
17 33
34 16
9 46
14 18
10 40
35 30
9 10
8 26
30 38
16 14
10 34
22 47
34 44
11 31
31 26
21 40
32 20
35 30
1 13
32 49
30 27
43 50
36 38
14 46
44 12
23 16
8 26
49 16
25 42
46 45
32 10
45 2
2 47
25 39
7 50
2 26
15 47
41 38
44 15
44 11
6 49
48 3
4 10
13 50
21 11
40 17
18 44
45 17
24 3
31 42
37 42
10 3
37 45
5 11
3 23
43 2
13 4
3 14
18 37
26 24
29 7
16 43
22 16
9 28
42 39
41 12
18 2
8 5
9 4
22 14
44 19
34 16
34 11
9 22
21 37
44 11
5 31
8 11
15 49
26 10
2 11
27 50
15 11
40 43
28 27
34 3
25 43
11 46
48 29
31 11
4 22
46 25
42 6
32 41
29 1
33 46
34 13
9 45
35 20
28 15
11 9
46 29
28 31
17 7
19 50
39 46
25 15
14 40
50 18
23 37
16 3
30 36
45 9
19 18
2 38
11 32
48 13
18 50
39 21
20 9
14 29
12 37
27 50
42 3
4 30
20 50
22 21
8 35
33 39
31 15
22 33
35 45
21 11
38 7
19 30
45 13
30 38
37 27
32 11
17 30
24 31
30 17
25 1
15 22
12 45
49 4
44 10
12 28
12 39
7 50
28 16
42 37
25 38
30 17
35 28
37 22
25 2
31 6
31 4
45 14
47 44
32 33
44 50
29 22
31 42
4 46
24 45
42 27
28 36
42 14
31 2
36 34
19 1
37 6
2 40
41 50
25 23
31 43
26 30
15 31
14 21
29 46
48 36
30 33
26 18
26 3
40 30
25 13
25 46
36 1
39 25
24 48
2 10
45 38
3 18
31 35
45 18
35 1
9 46
29 10
3 2
27 39
12 4
5 39
7 35
40 26
10 18
37 50
20 41
42 50
42 8
49 8
2 43
49 22
20 45
47 16
48 33
33 20
5 8
2 5
49 29
37 32
25 9
50 47
37 9
30 43
44 30
23 44
25 27
33 35
46 9
39 45
45 16
47 32
14 49
23 24
40 48
22 47
19 33
28 9
9 18
20 5
18 42
18 21
29 43
36 40
9 49
16 17
7 21
50 24
14 33
37 40
2 5
22 34
29 11
3 34
5 11
32 14
28 18
16 48
14 2
30 46
2 23
10 9
50 49
13 20
43 33
42 6
31 34
25 9
14 18
17 44
16 19
8 6
50 10
12 48
39 8
15 11
45 9
49 16
18 26
23 19
10 49
12 45
12 45
29 35
26 3
48 20
15 22
37 9
30 11
46 49
33 2
31 13
44 30
37 13
48 43
11 34
39 6
48 46
39 18
30 45
42 13
39 50
5 29
44 31
31 44
4 2
35 44
41 39
1 39
19 5
44 24
25 12
34 49
47 23
26 14
15 1
48 33
35 11
16 34
34 33
24 48
6 45
45 9
12 7
23 1
10 41
17 46
16 27
47 12
50 19
50 5
33 20
30 37
22 38
44 32
15 32
49 35
31 24
49 13
1 7
17 24
18 50
17 43
47 3
6 29
36 9
19 30
48 24
46 36
5 4
1 30
42 3
40 5
40 49
4 31
43 20
11 49
43 15
41 25
43 44
38 2
48 33
50 10
4 20
37 44
27 31
24 13
46 5
30 44
6 28
3 48
19 46
32 1
35 21
15 42
22 36
2 6
39 3
47 33
1 45
37 19
24 10
12 18
9 12
13 37
23 30
37 17
28 39
8 27
22 1
27 11
50 11
25 46
37 32
24 1
13 40
42 32
25 45
31 10
24 18
30 23
28 50
46 48
45 39
34 41
42 1
7 23
25 10
50 22
44 8
21 33
30 49
50 21
13 40
27 19
32 3
15 11
24 47
16 7
30 28
5 42
35 5
48 7
38 45
37 26
50 41
15 26
28 50
46 37
2 25
24 44
7 42
42 27
20 48
46 39
24 19
31 14
42 9
49 9
1 49
29 48
39 37
8 32
9 46
23 20
7 11
31 37
19 29
6 26
16 6
35 25
7 12
35 31
20 19
48 24
41 40
1 13
5 30
9 38
25 34
44 36
33 46
41 49
41 25
10 1
29 14
46 23
40 4
50 5
39 20
29 11
27 45
50 28
39 25
13 41
40 13
28 22
15 6
30 41
12 47
10 26
30 10
35 3
9 38
18 31
21 18
42 44
43 30
34 13
29 34
25 27
39 26
42 41
34 13
31 50
23 15
46 1
39 26
8 21
10 19
8 48
15 24
43 18
26 49
4 33
3 6
37 47
41 6
3 16
34 38
30 34
7 46
27 13
6 4
12 2
32 35
5 21
30 14
40 5
7 47
26 39
25 30
22 23
45 14
7 6
37 47
15 17
15 7
15 24
8 18
6 33
39 5
6 23
37 32
16 37
12 45
28 47
46 16
5 29
44 11
32 50
12 29
25 41
15 43
22 48
47 21
34 10
42 36
24 9
38 47
50 22
11 7
33 10
50 17
33 49
16 23
25 16
8 3
26 33
32 7
26 37
23 39
28 5
47 44
33 1
23 3
26 32
9 50
35 13
41 28
18 13
36 38
27 4
32 19
30 42
9 28
11 48
36 4
46 49
9 33
1 19
9 41
13 30
14 43
23 20
17 9
9 43
36 35
33 12
9 16
28 50
36 43
13 24
12 41
30 42
49 18
41 40
37 11
43 29
30 28
31 25
14 15
26 13
48 21
17 37
38 8
2 49
7 29
17 27
34 42
46 22
46 31
35 43
40 31
37 2
20 27
35 48
29 13
7 50
7 31
10 40
22 48
39 7
29 1
3 27
41 15
18 29
6 15
37 17
9 26
27 22
28 4
46 39
37 10
17 50
29 9
36 9
6 2
30 9
37 27
16 5
24 28
20 42
40 10
1 43
45 3
26 32
13 32
17 5
6 10
10 41
25 38
24 31
26 21
19 21
22 30
33 18
43 5
41 46
36 19
20 13
6 22
5 12
42 29
5 48
8 46
38 6
13 10
7 14
10 2
44 19
40 47
48 22
30 27
25 20
43 47
41 20
39 19
38 6
15 23
9 40
40 50
37 24
23 9
38 13
19 13
5 15
3 8
11 21
6 19
15 12
15 1
34 49
13 31
10 23
6 34
34 14
40 49
21 14
20 25
37 33
46 50
45 19
38 43
40 13
10 13
1 40
42 36
20 46
7 40
44 12
3 48
4 2
5 8
38 34
27 30
2 11
16 38
19 20
44 45
35 20
14 11
33 18
15 23
17 32
36 7
45 40
50 26
38 1
48 31
42 26
45 2
48 32
23 44
49 33
18 50
49 3
41 46
34 17
27 25
12 33
3 49
24 30
15 35
37 7
35 4
2 14
13 26
25 8
2 7
43 34
45 16
42 45
40 35
48 40
25 28
9 47
33 42
35 49
1 50
46 39
50 12
37 4
31 34
12 10
32 17
20 6
21 42
3 17
34 21
6 42
