50 10000 1
4 9
19 35
13 27
8 40
37 22
13 22
6 48
24 14
36 10
19 1
16 22
48 25
6 32
49 23
42 47
18 31
19 2
6 37
18 28
12 50
11 16
5 39
11 43
14 21
15 36
21 32
43 41
35 1
32 15
19 24
11 36
47 21
20 44
10 23
38 37
20 22
36 21
44 47
18 24
36 4
42 37
48 24
31 5
16 28
33 31
20 17
2 38
37 21
10 17
27 23
8 6
12 14
3 48
29 2
6 32
41 18
36 48
2 20
45 30
1 44
13 7
23 29
14 32
45 30
39 49
11 16
13 21
44 3
41 16
45 15
8 18
12 48
26 43
9 17
22 17
34 32
44 11
20 33
18 49
46 1
17 15
35 31
23 27
32 45
6 43
11 34
9 34
32 18
12 23
31 26
2 35
12 6
19 24
9 20
13 40
38 41
48 45
20 27
41 37
34 12
34 23
28 44
23 37
46 2
19 11
37 31
16 2
32 2
11 26
49 48
33 39
7 41
4 31
4 16
32 9
10 25
7 24
10 14
10 11
4 40
18 23
7 38
45 6
47 2
8 2
28 47
32 16
2 1
38 17
24 47
4 50
17 8
2 29
48 28
8 28
6 9
4 38
43 34
11 12
37 43
50 13
12 4
46 16
3 12
43 29
35 15
46 42
25 15
44 8
19 30
40 41
14 45
44 28
32 27
10 26
27 48
4 5
9 18
9 45
3 17
2 49
20 42
32 2
34 39
39 1
44 16
9 1
6 14
17 34
39 9
37 2
24 6
12 31
43 44
27 42
40 35
49 8
19 17
24 45
24 1
47 24
39 33
21 8
22 42
28 5
31 11
14 2
5 35
14 49
4 3
35 27
43 25
6 9
8 10
1 10
41 35
31 26
25 2
15 11
34 22
36 6
26 12
24 8
18 25
30 50
22 31
30 47
47 46
17 5
36 9
37 12
40 15
40 13
36 43
1 36
38 20
48 23
50 18
31 42
15 35
29 44
12 21
24 11
37 13
40 38
40 9
2 40
12 35
14 1
1 48
2 16
6 20
46 44
19 36
40 47
2 21
12 35
32 26
19 37
4 27
31 43
14 1
12 33
26 11
17 43
24 29
45 10
19 48
49 39
39 20
37 50
4 15
42 9
23 3
20 23
44 26
33 12
35 29
30 49
32 15
1 27
25 40
13 26
2 6
37 15
17 15
19 1
18 4
32 14
18 47
34 43
24 21
30 29
39 37
44 13
47 4
14 8
36 31
46 31
22 43
7 48
27 23
6 34
13 23
4 22
44 40
10 33
7 8
47 32
21 17
7 33
30 11
40 43
2 14
45 49
26 16
8 22
22 49
37 20
20 12
26 44
29 20
25 17
23 11
18 11
19 7
45 49
18 12
12 41
35 28
40 2
10 41
32 19
15 2
14 8
44 26
33 2
27 47
42 9
30 7
37 18
7 32
30 23
15 46
34 4
28 31
1 25
27 26
4 14
43 27
22 31
13 35
45 19
40 25
35 30
48 49
6 11
23 20
41 43
33 10
23 49
25 2
29 30
41 16
41 5
10 44
50 17
26 14
11 14
21 35
10 24
21 15
34 43
37 36
41 3
22 18
16 13
24 6
8 7
13 8
49 45
14 50
26 2
27 38
12 25
43 49
4 18
46 29
41 8
46 18
11 10
26 46
16 35
4 50
45 46
21 38
28 37
41 45
11 3
16 11
29 22
7 44
24 37
4 16
39 6
37 30
26 37
33 12
38 43
49 48
30 41
24 8
49 7
11 45
27 14
1 10
48 19
11 27
11 16
27 3
18 28
13 41
13 5
25 20
47 5
10 32
15 32
47 48
30 34
20 25
33 41
9 28
30 22
44 47
22 37
42 18
25 27
25 41
20 41
16 25
8 12
22 12
37 27
13 30
23 33
16 50
38 14
45 37
23 25
41 7
34 18
21 45
38 40
42 7
45 36
14 15
39 10
30 9
17 45
36 28
20 50
42 29
35 8
19 14
18 8
3 35
9 49
48 28
40 44
37 42
9 5
31 23
16 41
19 38
41 45
37 32
11 47
19 11
32 35
8 24
19 21
34 37
42 47
29 11
1 8
47 26
5 26
31 33
40 16
41 18
45 11
41 42
38 10
45 14
47 17
17 40
48 8
12 27
17 10
6 29
49 29
37 21
13 9
35 45
26 27
42 43
50 22
30 44
28 39
7 46
3 24
5 39
42 43
7 1
49 17
28 31
43 37
49 20
25 37
42 44
29 7
5 21
10 9
11 47
21 41
30 24
32 15
36 37
10 8
50 22
47 44
9 40
29 47
35 6
14 47
17 26
28 26
36 43
6 38
15 28
32 15
8 36
28 48
48 29
39 6
40 43
24 46
17 16
3 48
27 47
13 8
47 34
1 26
4 35
22 13
11 1
4 17
14 41
13 29
41 19
8 34
10 41
45 21
46 49
43 33
26 20
43 48
32 44
11 31
36 25
33 35
22 9
46 41
46 42
3 12
12 44
15 7
18 12
45 2
5 17
32 10
30 15
33 12
17 11
30 28
40 27
42 41
50 31
32 8
20 37
15 28
41 31
44 4
3 4
50 10
25 46
20 7
41 8
13 47
10 14
46 11
36 47
24 13
4 13
31 11
23 49
40 8
36 3
46 29
44 10
32 12
30 47
20 45
32 34
19 15
50 13
19 6
29 5
11 26
45 37
36 9
44 26
25 23
27 37
25 7
46 27
42 46
32 11
43 47
27 44
49 3
29 7
6 32
15 26
45 14
5 21
7 32
11 43
22 43
33 35
43 49
7 45
2 28
9 26
41 37
4 45
27 24
26 28
4 6
23 35
38 47
26 11
10 25
23 16
46 3
45 10
9 46
50 36
45 23
35 30
49 15
14 35
38 6
44 23
42 3
47 16
12 29
1 13
31 23
48 4
13 46
45 1
20 12
49 24
44 4
49 48
11 41
24 7
22 21
30 17
16 14
40 11
26 13
8 40
49 7
18 26
37 28
18 14
24 12
4 18
14 31
37 25
6 40
31 35
10 19
27 20
48 45
30 27
14 2
7 33
32 31
44 1
33 15
45 3
8 31
36 30
28 24
47 46
11 24
49 32
34 20
15 25
40 24
7 19
50 26
50 3
43 34
31 27
40 26
35 33
16 12
47 2
26 6
11 4
39 25
39 6
50 18
45 11
19 16
44 49
19 30
5 35
30 47
50 20
12 9
5 29
11 16
20 13
2 39
7 42
48 41
24 25
15 9
40 37
43 7
40 37
36 47
10 3
43 46
10 15
25 20
2 7
8 30
27 8
42 31
4 7
41 36
46 11
43 36
32 7
21 16
29 43
9 20
44 40
10 5
29 49
9 33
7 50
46 31
2 35
9 28
27 37
49 35
1 38
11 28
24 31
43 37
24 35
40 6
45 17
35 34
3 30
10 47
30 35
48 13
16 10
28 19
29 40
15 6
8 19
11 9
18 39
7 45
47 10
7 10
11 16
6 23
33 36
5 37
1 25
34 49
20 35
25 37
11 24
5 25
29 2
22 45
2 39
1 25
7 11
4 2
14 46
50 11
46 13
35 26
46 8
35 8
33 22
22 8
1 25
6 5
17 5
2 48
20 22
37 46
17 46
30 26
13 7
18 13
30 5
41 20
45 40
1 22
1 11
25 19
47 32
48 36
15 25
13 35
48 32
13 25
11 50
31 26
12 33
47 8
1 35
11 3
27 48
41 39
39 35
16 24
50 25
15 17
18 38
46 50
49 36
10 47
13 31
17 29
27 35
48 13
7 22
45 41
39 6
14 37
35 11
40 16
28 29
30 11
5 41
33 45
24 19
49 4
42 43
32 23
43 9
18 25
47 22
45 18
48 41
9 43
10 33
46 4
18 49
5 8
17 28
26 32
34 12
11 50
24 13
35 17
33 9
39 40
39 47
24 12
9 7
25 44
31 48
12 40
47 26
33 27
8 5
34 35
15 14
5 25
40 2
45 7
17 48
10 12
36 24
34 31
4 5
27 7
46 48
3 7
11 13
32 9
6 20
31 35
38 46
16 14
31 32
28 43
8 11
29 3
35 26
19 23
6 42
26 16
23 8
45 17
24 1
43 20
19 47
43 16
6 42
30 37
20 14
24 11
47 42
20 33
11 19
1 5
37 38
6 25
5 4
14 2
31 37
32 19
32 49
48 13
6 22
30 32
7 47
8 36
11 30
16 49
40 4
42 16
18 15
18 25
40 46
6 16
29 47
10 39
6 18
32 44
7 19
25 37
3 8
6 31
45 37
3 41
42 14
2 22
14 5
23 1
48 7
38 50
2 24
46 43
18 33
19 33
19 44
8 10
12 44
46 6
33 28
18 12
37 32
48 18
38 40
36 11
1 33
36 35
19 39
17 43
43 16
48 32
14 44
42 31
19 17
14 50
40 20
40 29
41 45
38 6
2 44
7 46
36 39
34 33
33 44
3 2
13 21
42 15
35 26
45 26
14 44
17 10
43 14
2 28
4 48
45 41
30 31
7 25
25 36
36 45
41 9
23 22
2 25
32 38
17 49
19 38
28 10
13 28
7 44
35 16
21 9
2 35
40 23
48 23
25 34
44 27
26 10
37 3
12 37
1 11
47 36
1 46
3 34
16 31
31 25
28 21
17 42
41 24
2 16
44 35
13 43
33 48
37 48
22 45
39 48
7 42
35 27
33 15
13 41
33 40
4 5
38 39
18 17
1 21
4 22
34 25
3 41
20 12
29 5
30 46
7 1
33 12
49 19
26 17
33 40
13 10
21 15
35 17
20 8
41 37
12 5
43 29
44 3
41 5
8 42
11 43
5 33
23 1
5 34
9 48
36 7
46 33
2 1
23 47
13 5
22 28
38 13
48 34
5 13
48 41
37 24
22 9
13 16
30 31
43 30
2 35
5 31
27 40
36 14
19 14
10 48
29 8
16 43
19 26
43 5
28 41
11 47
46 32
24 31
50 7
17 46
34 10
46 48
23 27
35 20
28 6
7 6
32 15
45 8
50 16
22 43
3 45
4 19
32 13
48 37
18 32
26 20
43 10
16 6
41 31
46 18
32 31
17 11
31 36
34 9
3 46
24 5
30 19
11 48
21 42
33 47
37 48
31 12
47 19
35 8
27 48
4 35
14 28
6 15
1 34
48 20
43 45
43 30
10 37
47 40
32 23
8 16
13 7
42 25
43 48
28 5
40 49
41 24
2 8
45 9
49 7
43 47
21 14
14 47
45 46
10 37
12 26
12 46
16 5
41 48
9 14
8 10
42 38
1 47
50 13
15 49
27 41
2 45
19 30
11 10
38 15
18 1
42 50
12 2
44 22
32 34
21 22
30 5
44 45
15 3
27 20
49 31
2 32
46 34
6 25
26 19
21 4
36 34
40 9
1 42
26 42
47 30
36 41
37 17
24 35
26 4
7 26
16 41
15 29
40 12
26 36
27 42
36 13
4 33
22 31
46 3
29 37
25 42
41 50
42 32
11 29
19 40
29 30
23 39
44 39
16 10
5 3
33 32
36 43
28 31
4 50
49 20
43 33
33 5
32 42
30 13
50 27
35 42
36 20
39 33
22 45
21 48
11 37
4 28
43 30
36 37
13 23
22 11
31 7
24 4
41 26
14 10
36 28
26 40
45 50
49 8
34 2
5 42
3 20
14 48
48 36
1 25
46 3
27 5
35 23
9 2
32 9
38 40
29 17
37 9
25 37
19 41
37 15
30 41
25 47
24 19
23 7
40 25
31 15
13 8
45 22
29 4
32 9
2 7
9 8
9 26
23 8
44 20
15 45
12 42
44 8
42 30
32 3
13 15
21 26
4 49
23 32
16 21
18 12
11 16
39 20
18 11
39 10
33 37
28 6
46 4
44 7
7 12
7 9
44 38
47 8
43 1
40 45
29 1
12 2
39 35
42 41
16 32
3 25
49 7
1 27
40 22
8 40
37 31
7 21
23 19
32 45
28 41
50 1
34 39
8 28
17 5
50 12
14 47
1 33
40 37
2 49
5 17
8 19
18 34
22 24
30 3
7 33
40 45
10 25
10 1
14 5
33 26
9 15
48 50
14 6
18 40
43 8
14 2
49 12
32 4
46 4
38 15
2 13
16 35
1 45
10 7
35 26
8 30
31 6
6 22
8 39
49 21
25 22
10 26
11 5
24 22
31 39
11 33
10 25
45 22
17 10
15 25
31 24
18 13
30 50
48 37
8 26
38 44
16 21
7 17
33 13
17 22
38 7
40 25
36 23
13 48
33 40
14 22
35 26
31 34
43 29
37 21
9 40
21 44
6 40
16 18
20 14
40 10
50 4
15 40
32 10
34 47
10 44
37 19
24 10
7 21
7 28
5 24
37 27
30 46
44 36
49 4
48 50
17 48
41 20
16 17
20 50
17 35
24 43
19 11
34 35
43 23
12 49
33 44
12 7
50 12
10 36
50 42
35 39
8 45
1 43
7 8
33 50
47 21
27 38
11 1
30 31
41 20
20 49
41 42
29 31
4 46
36 4
34 32
10 27
2 46
40 30
19 32
27 18
5 6
46 2
40 32
10 14
39 41
50 13
29 4
36 13
27 3
15 42
27 25
12 49
14 41
4 50
38 7
47 22
45 28
6 16
49 45
26 9
20 39
2 38
20 41
46 16
17 27
29 6
39 41
35 49
33 50
9 16
26 2
3 18
11 44
31 1
9 24
12 18
37 43
4 10
48 29
39 40
32 22
32 49
37 22
50 27
50 39
32 27
7 49
23 16
6 5
30 4
39 26
34 28
23 9
14 20
49 37
30 32
46 10
1 13
1 38
2 50
28 9
2 45
27 22
14 1
13 25
50 17
35 15
39 49
3 26
4 1
35 34
24 36
10 33
4 6
38 1
47 7
6 15
46 25
9 36
40 42
6 47
8 26
42 23
38 29
50 10
1 23
23 14
28 46
6 2
29 39
18 37
16 26
46 17
50 48
46 31
24 2
37 23
38 8
45 48
36 21
40 28
39 47
46 13
6 8
29 40
3 39
49 15
35 10
24 14
23 28
18 5
47 38
17 20
39 40
29 7
34 16
46 39
6 26
12 44
18 13
38 43
20 24
7 11
32 2
8 39
12 17
38 28
21 50
3 44
24 5
10 5
15 48
28 39
5 20
36 19
25 38
19 16
32 6
12 34
41 28
49 50
4 18
1 14
22 14
1 49
18 47
44 11
17 20
44 47
41 45
15 36
11 37
39 21
27 47
46 47
12 4
20 22
14 45
10 3
9 48
20 2
21 48
47 29
10 4
29 40
13 48
4 1
45 39
19 28
43 37
37 4
9 13
43 28
40 43
20 41
32 35
34 41
3 34
2 27
29 22
47 35
18 10
3 10
39 15
35 45
16 15
17 24
22 35
39 18
41 32
39 30
47 5
22 11
22 12
39 29
28 41
11 43
25 19
1 18
27 4
35 40
41 29
31 40
18 28
23 37
48 10
27 24
50 7
10 12
29 22
29 39
27 22
18 47
29 32
5 11
35 16
30 27
16 44
48 1
18 45
27 49
6 48
40 4
10 1
4 3
12 36
20 23
7 8
4 6
12 25
34 50
16 19
17 16
43 27
16 24
45 22
45 32
47 24
20 4
43 12
35 25
33 46
13 15
48 41
2 25
12 18
34 14
25 47
28 48
37 43
30 33
14 11
49 47
22 6
16 31
39 7
13 1
46 38
45 18
48 28
4 23
28 50
9 36
15 14
11 21
23 6
43 44
21 16
8 26
28 9
48 37
33 21
33 19
34 22
29 39
8 37
42 34
41 32
15 44
22 18
4 37
14 29
21 8
15 5
37 39
11 16
4 33
1 33
5 2
3 4
34 37
26 1
12 32
46 36
1 17
21 22
25 16
4 22
44 40
40 48
22 26
45 11
8 46
5 38
22 29
4 49
20 18
29 25
30 12
13 35
13 21
35 30
20 10
28 19
26 46
29 23
15 41
28 27
4 46
40 30
5 50
10 23
48 37
28 33
24 46
2 7
31 40
43 30
29 19
49 11
14 30
25 17
28 40
32 20
3 28
35 26
18 50
37 16
21 29
1 38
43 26
20 5
37 8
44 20
41 36
49 11
31 17
33 47
1 21
4 41
49 27
45 40
45 26
48 29
2 29
23 8
24 15
19 44
1 45
10 31
34 19
28 32
44 2
50 9
14 46
45 8
21 6
11 34
30 48
30 23
31 21
38 1
35 48
20 24
9 30
19 17
24 46
3 2
48 28
47 50
14 25
33 20
1 28
34 3
45 5
28 26
34 14
5 15
6 23
22 6
47 40
19 8
22 44
45 25
43 29
15 8
12 1
30 7
41 20
2 41
31 34
31 14
14 25
45 49
15 13
10 50
16 44
33 2
4 31
15 13
3 44
21 22
33 20
8 7
30 41
29 26
43 1
48 13
40 22
3 47
29 26
12 19
24 21
27 36
50 7
39 40
8 3
32 35
38 40
1 35
4 38
37 39
6 50
21 22
13 6
29 21
19 39
48 22
41 49
15 7
7 30
47 40
22 47
14 13
15 8
14 34
38 31
37 31
40 11
26 27
20 37
16 8
26 41
48 42
14 45
23 2
30 37
41 3
16 5
8 24
3 20
49 33
21 11
17 13
39 6
49 29
21 2
40 41
1 10
4 50
13 2
1 43
15 19
50 11
23 2
8 34
3 41
9 11
49 43
24 32
50 38
48 5
23 24
48 47
47 7
41 20
37 39
9 10
14 1
5 28
46 43
50 12
15 23
23 24
26 2
22 23
22 19
35 47
24 37
15 29
38 7
4 7
28 10
9 15
44 11
42 38
23 45
2 39
40 37
6 4
36 25
49 26
31 18
3 22
41 29
22 50
35 26
33 6
24 33
50 8
45 19
47 1
19 29
32 14
42 12
17 50
27 46
31 20
24 13
38 6
34 41
41 32
47 50
31 23
30 17
45 17
9 18
48 19
41 38
34 6
11 50
10 3
4 28
46 50
48 9
5 15
31 3
2 21
32 49
19 28
45 42
18 26
34 36
49 6
39 32
47 37
38 47
1 37
36 7
10 48
8 1
49 47
30 48
31 15
39 44
9 17
16 42
28 30
13 48
9 12
18 14
36 14
27 25
34 32
17 48
48 30
15 35
41 50
48 37
44 2
47 42
21 50
31 32
35 34
39 40
22 19
41 11
44 42
3 23
1 40
1 48
44 1
39 27
5 49
20 27
10 31
47 27
41 26
33 37
11 36
39 38
45 40
42 39
8 46
32 50
8 33
45 20
1 21
6 22
44 17
5 18
39 35
28 44
43 32
12 17
29 14
8 35
5 15
14 11
42 50
50 36
29 14
33 19
8 30
21 8
6 37
9 42
22 40
29 30
37 8
29 25
36 14
48 5
20 23
34 12
32 44
2 23
46 38
18 17
2 43
14 31
11 37
29 2
24 2
19 30
14 32
11 42
9 45
16 9
9 11
42 17
36 40
19 30
5 31
11 47
17 5
42 25
7 27
20 6
22 32
44 34
32 46
6 4
1 8
5 18
31 36
29 39
40 11
18 44
50 29
21 12
26 41
39 38
40 21
4 11
50 33
35 42
35 3
15 44
25 48
6 2
6 33
31 37
40 49
4 45
11 33
1 25
3 26
29 24
44 36
31 48
43 22
2 10
11 39
13 18
22 5
27 10
45 12
18 37
5 25
7 49
42 28
50 17
45 44
40 37
7 28
49 28
9 25
3 21
30 28
50 40
13 10
2 28
22 18
25 45
23 44
29 36
49 5
19 32
20 49
8 11
17 2
4 43
15 8
1 40
37 35
2 9
9 38
46 49
29 28
19 47
3 6
30 37
35 33
15 39
45 41
43 10
41 22
23 2
50 38
31 3
22 23
18 49
39 40
41 9
12 9
28 2
47 39
9 13
47 23
42 38
34 19
23 2
6 34
28 2
50 20
25 26
5 21
4 22
10 11
5 50
43 50
37 2
26 3
3 10
2 48
18 4
31 14
50 35
9 37
48 40
23 20
37 9
10 18
23 42
49 38
33 48
20 32
47 34
12 31
34 9
9 8
34 35
6 4
37 15
36 2
8 13
11 47
32 1
49 45
47 18
13 35
48 39
36 28
38 45
35 1
5 29
3 9
46 7
35 6
17 8
5 18
39 30
13 15
28 31
6 45
36 1
15 36
3 1
13 1
41 50
19 6
4 18
28 24
47 18
23 24
30 7
9 19
43 7
6 42
13 15
50 4
49 45
21 15
42 7
47 35
11 2
8 34
35 6
18 13
4 34
39 13
24 6
25 44
17 11
15 14
49 46
39 9
20 41
27 6
20 5
36 12
50 19
29 16
50 42
17 42
17 32
38 19
2 17
3 18
49 33
43 18
49 43
50 9
31 43
19 45
38 13
17 18
43 49
10 28
26 17
30 26
47 11
28 24
2 1
33 6
17 2
26 50
15 3
2 41
42 38
50 43
6 26
25 20
12 11
42 31
37 24
25 41
48 7
38 47
35 15
11 33
5 26
43 11
6 22
28 12
46 22
35 30
37 7
31 10
50 21
49 18
7 10
31 48
1 28
38 37
32 19
32 27
15 33
32 31
36 9
21 50
22 21
19 31
8 44
29 39
2 40
21 42
40 26
12 38
3 43
40 29
1 25
17 45
38 26
8 35
22 11
45 18
22 24
39 20
45 23
29 27
48 30
1 10
8 34
37 46
21 17
45 7
3 22
16 11
20 2
45 30
8 39
16 20
25 7
29 10
14 16
5 49
25 9
13 33
16 27
49 9
1 45
12 24
45 4
14 26
25 47
20 14
38 22
13 18
11 6
7 27
1 12
36 23
4 3
48 41
29 36
16 26
21 31
39 3
36 35
3 18
31 45
49 23
43 16
49 40
23 28
16 26
24 18
8 35
39 31
20 12
39 14
12 29
36 40
26 4
35 30
21 16
16 43
28 41
19 3
23 16
1 19
10 39
21 9
23 29
9 2
30 3
4 26
37 15
31 44
12 28
48 10
27 7
32 9
29 49
50 42
39 3
1 26
6 18
28 22
6 29
40 16
32 43
10 27
30 7
4 5
44 14
31 43
28 24
33 1
37 7
23 1
14 8
28 17
20 42
1 10
16 31
34 30
48 19
22 4
50 49
29 34
21 5
47 32
5 45
36 37
35 25
43 45
26 28
39 5
15 22
36 45
20 31
9 43
4 47
1 16
31 5
34 18
25 36
48 45
17 44
20 35
8 21
47 41
10 7
7 4
15 38
26 6
4 8
45 6
28 18
44 31
34 4
3 36
39 28
29 20
17 21
21 36
50 10
21 18
31 32
36 1
44 50
6 9
18 3
50 22
24 3
22 13
15 45
27 16
49 35
36 44
25 31
18 20
7 8
20 28
27 4
33 41
28 14
41 3
50 11
29 45
19 35
9 17
4 8
22 7
23 6
39 1
39 24
3 49
3 6
49 11
29 30
30 50
28 42
50 8
1 44
34 43
31 39
13 42
31 13
35 3
48 17
19 7
35 50
31 6
14 12
9 17
32 2
35 5
13 36
7 10
17 34
11 35
33 48
39 6
31 24
7 2
29 20
26 23
34 15
7 47
41 1
2 29
26 39
43 28
24 23
30 1
7 17
47 17
46 25
48 40
44 7
27 43
46 1
45 32
27 49
11 1
29 25
1 35
46 34
22 38
49 28
8 18
47 49
9 8
33 4
44 21
6 46
23 7
25 31
23 7
9 21
20 30
48 50
41 30
50 40
3 45
43 32
40 35
46 4
1 4
32 21
8 29
48 10
43 39
36 40
34 28
5 16
8 5
8 31
39 1
28 44
35 49
30 13
30 24
47 5
39 48
22 42
14 33
10 3
5 45
50 21
28 16
13 16
49 36
14 20
42 27
13 8
33 29
34 38
12 34
14 36
18 20
47 19
19 4
29 45
5 45
14 1
23 5
12 44
50 12
32 34
7 41
12 7
9 41
36 35
46 22
47 24
21 5
5 35
7 19
39 35
37 7
6 1
46 20
35 42
50 26
40 3
1 50
21 48
36 38
16 39
19 23
42 28
44 17
26 48
45 27
19 13
3 50
47 22
26 19
49 19
26 39
37 49
9 16
50 45
38 49
43 8
21 27
29 36
38 44
38 26
21 26
16 47
21 11
38 27
38 18
34 22
47 50
8 3
15 1
48 8
28 12
20 28
18 22
44 38
24 2
44 30
39 19
12 21
49 48
23 11
42 49
17 50
46 13
38 31
27 19
17 13
42 47
8 2
47 42
32 34
45 36
3 34
12 29
1 5
28 48
35 11
25 18
6 29
3 5
44 32
11 13
25 10
31 3
25 14
11 17
43 21
8 18
1 12
48 37
42 43
27 31
2 36
7 49
45 4
21 46
11 4
15 16
24 26
11 29
16 40
19 14
47 32
24 23
36 46
23 9
44 5
18 32
35 47
11 27
14 7
17 3
31 26
43 44
26 35
35 2
27 16
37 3
2 19
45 23
18 15
17 1
31 6
36 49
17 22
6 27
44 10
3 24
13 46
31 7
30 42
14 35
10 32
50 15
26 41
33 36
12 44
12 18
11 48
44 25
31 24
48 44
17 7
19 12
28 41
4 13
1 31
3 41
22 33
4 50
19 20
23 7
48 44
30 34
8 18
47 7
3 45
35 1
29 43
17 6
44 41
29 38
37 14
45 17
36 50
22 33
38 20
1 22
9 31
23 16
42 30
11 31
46 28
15 8
32 36
6 26
14 21
22 24
45 25
48 14
37 47
28 35
47 32
48 5
17 46
43 17
16 49
27 12
25 23
10 23
6 11
14 16
36 2
7 46
32 35
3 15
32 46
15 47
15 18
14 44
24 3
10 40
37 3
3 39
31 23
26 42
18 7
31 50
46 1
35 39
26 6
8 31
49 35
39 7
42 5
29 27
1 23
40 41
32 33
27 14
46 40
15 38
34 42
42 20
7 8
38 31
25 48
43 17
9 1
27 14
6 25
13 48
17 13
27 37
28 36
25 50
21 26
42 44
47 2
33 46
31 25
7 24
38 13
34 4
29 36
6 25
21 14
17 46
4 16
36 16
1 50
10 15
22 46
36 31
35 37
27 11
8 35
18 4
20 28
26 9
15 49
39 48
48 18
33 26
35 43
42 13
47 23
16 50
45 32
30 1
7 48
28 21
15 50
50 21
47 22
35 4
41 23
20 3
40 45
34 19
15 27
10 3
10 18
23 11
50 1
24 28
28 15
19 27
1 38
45 5
26 23
44 41
36 13
37 22
3 30
40 12
24 42
12 14
50 14
21 10
49 14
44 20
1 12
38 27
12 18
20 39
30 27
37 46
4 13
4 40
18 28
41 12
11 24
41 40
24 39
21 26
37 2
48 20
4 31
26 35
9 38
27 33
24 31
3 50
23 38
1 24
16 34
29 45
48 7
1 33
19 44
41 8
24 9
24 44
29 12
36 13
8 10
30 28
5 23
17 33
3 27
28 9
44 21
22 25
20 22
11 5
49 28
1 29
32 14
21 12
2 30
4 12
46 49
44 38
7 42
38 35
31 36
10 13
32 11
7 42
42 36
43 45
48 12
21 27
5 33
3 36
30 9
13 23
12 43
45 34
26 9
8 10
4 33
45 13
30 33
32 3
31 42
29 40
42 6
4 24
7 4
30 46
46 36
34 31
4 11
45 28
35 18
37 28
3 46
4 27
36 14
1 28
36 34
22 41
29 2
31 12
20 7
6 43
19 37
46 33
2 31
14 22
26 12
42 26
30 49
4 36
42 33
18 26
34 39
22 42
36 48
26 10
15 16
18 40
13 21
8 4
23 49
31 26
22 11
2 9
8 31
20 12
47 2
48 25
44 10
26 36
42 18
21 44
33 20
32 1
9 36
47 16
45 10
48 43
47 43
32 24
5 48
16 35
7 27
42 20
28 25
29 17
16 9
22 16
39 15
2 36
8 31
3 49
26 27
34 23
25 27
6 33
42 43
5 16
8 17
34 39
46 26
11 17
42 7
43 9
24 27
34 19
47 15
8 32
6 4
29 2
33 38
18 9
2 50
2 36
17 27
31 22
7 14
4 38
27 44
6 42
38 39
39 36
32 42
13 32
17 26
20 39
28 35
30 37
4 42
7 17
13 11
24 7
21 9
34 49
10 13
25 9
15 27
39 36
30 16
38 46
13 5
18 33
19 42
30 7
5 15
28 31
47 15
48 8
27 49
6 18
8 15
42 37
2 25
2 13
48 45
21 10
46 5
47 29
1 21
22 3
30 42
21 11
50 6
16 14
27 36
15 5
12 15
48 17
28 37
3 2
31 48
45 42
20 4
8 9
42 13
35 13
2 13
38 30
38 36
8 1
4 23
47 35
7 2
33 36
9 20
12 28
27 28
34 35
14 8
18 35
29 6
16 28
47 23
39 22
22 10
31 42
43 23
46 20
32 5
35 33
34 21
20 19
19 48
45 33
24 27
8 32
20 36
4 1
14 29
44 11
45 9
35 50
31 44
10 43
14 21
40 10
24 50
26 34
16 48
24 16
32 1
49 19
8 19
20 8
26 33
17 46
36 48
12 46
41 16
24 21
30 43
21 22
16 6
3 32
17 37
25 39
10 13
27 11
5 30
36 34
19 50
50 9
48 30
2 45
25 18
11 7
16 12
21 37
11 9
38 15
31 38
13 43
2 5
34 13
44 45
46 26
7 32
39 32
41 43
44 50
48 46
27 10
37 42
7 31
30 36
1 7
41 31
35 27
9 42
8 6
20 9
21 23
25 36
3 21
31 16
43 41
38 37
26 36
11 21
50 20
30 7
20 3
40 11
8 20
49 16
3 28
44 12
38 7
25 2
49 37
44 46
45 13
3 25
10 18
46 16
29 5
31 16
43 36
5 6
4 39
39 22
24 34
1 18
27 9
3 30
30 49
18 35
44 6
38 14
43 7
21 33
8 1
2 18
2 15
13 12
36 49
5 37
30 31
12 42
8 29
7 29
21 10
44 37
25 28
29 40
2 4
37 49
2 34
22 33
24 37
16 43
3 38
9 22
48 10
28 13
31 18
7 44
34 30
5 24
38 24
24 31
2 44
48 27
36 28
29 19
33 14
40 41
50 11
44 5
43 3
32 15
41 13
9 27
24 45
7 26
35 42
39 17
9 20
9 44
49 35
32 34
5 39
23 39
4 19
4 35
22 2
31 12
35 20
24 1
32 38
34 29
34 2
37 38
7 40
33 29
33 35
48 41
45 50
38 11
31 8
15 5
44 49
6 12
1 39
46 1
19 49
3 5
3 35
50 42
28 16
36 32
29 48
35 10
10 38
43 28
23 49
34 21
28 8
8 39
47 42
7 21
19 43
10 36
40 6
29 34
30 41
9 29
32 48
50 23
8 34
3 33
47 5
29 39
5 4
18 3
29 5
30 31
18 20
39 24
8 19
32 35
10 36
1 25
1 3
36 7
11 14
17 2
27 19
17 1
33 22
22 24
24 49
34 7
19 16
35 39
36 39
39 8
50 15
50 18
31 48
13 38
3 25
26 43
6 15
10 22
2 26
26 39
40 5
4 10
7 35
9 1
47 34
11 14
44 27
7 45
15 44
44 24
30 7
31 13
4 1
4 1
44 17
44 4
48 17
19 41
10 35
43 15
22 10
33 30
45 34
17 34
2 7
10 12
16 17
45 12
16 13
40 49
12 3
9 35
36 41
48 17
50 18
14 49
11 40
8 21
1 8
18 22
3 42
7 48
8 42
3 44
41 20
39 25
43 45
48 47
35 9
49 47
3 42
30 24
33 8
35 1
11 38
11 8
16 7
38 17
20 42
8 4
48 11
24 38
40 13
22 49
50 21
10 18
25 36
23 48
32 12
24 10
2 7
10 37
48 11
11 9
31 28
3 21
7 19
31 35
20 33
17 12
20 7
38 35
15 34
9 22
1 48
41 42
11 36
48 8
7 42
10 12
35 15
8 14
10 50
45 23
39 48
29 15
35 6
50 6
49 29
6 2
28 35
32 29
45 22
35 20
6 48
2 21
16 6
10 38
43 35
41 43
26 1
4 2
45 29
4 18
50 11
13 32
37 26
17 1
47 43
49 44
40 47
19 6
29 27
44 43
13 42
44 6
4 39
17 46
43 31
18 1
24 14
7 35
41 46
32 6
43 27
15 31
29 8
8 2
5 22
7 30
19 47
16 3
36 1
27 37
36 33
35 47
18 7
41 7
17 5
9 10
31 12
50 12
44 17
33 11
7 46
16 42
29 44
38 34
42 45
6 13
24 48
3 24
40 4
43 37
39 11
29 2
40 15
1 28
5 39
6 35
50 34
31 23
26 15
27 22
12 6
9 23
2 50
11 7
24 12
24 3
22 27
47 11
35 22
35 12
30 24
48 22
48 12
43 21
39 49
33 46
28 16
10 2
26 38
12 17
30 11
37 2
1 11
24 30
36 18
26 1
34 39
22 18
49 35
21 30
27 13
13 39
47 21
42 31
24 42
40 23
24 1
39 26
42 2
14 42
12 13
46 29
27 35
14 17
30 4
1 29
34 22
4 16
27 8
8 4
41 5
34 7
11 3
28 36
48 27
33 6
19 32
44 36
40 36
30 48
17 9
12 41
33 43
36 20
28 42
27 43
22 33
20 7
5 10
49 37
24 32
40 35
21 31
12 3
33 8
25 13
16 30
31 1
42 46
30 13
1 16
37 31
45 6
2 48
34 39
20 24
46 10
22 32
15 43
5 12
32 20
1 18
42 47
28 43
7 39
29 14
9 17
11 33
19 25
22 4
28 41
13 4
16 24
36 22
49 7
47 40
15 17
44 39
12 24
30 41
30 16
46 4
50 14
28 10
35 37
18 29
41 29
16 8
49 36
21 14
50 25
44 45
14 34
49 21
3 15
33 42
26 13
1 12
5 32
17 34
37 47
14 48
21 3
14 24
4 6
30 45
48 4
34 17
6 38
40 16
25 39
12 45
42 9
50 1
13 48
39 45
28 14
26 35
23 17
7 45
15 4
50 7
9 24
37 50
8 27
39 43
2 3
28 50
37 25
40 8
41 5
12 6
12 22
11 37
35 15
3 37
32 11
23 27
44 34
12 30
23 25
3 41
23 34
36 28
14 8
50 19
49 27
21 37
20 35
24 4
40 50
17 7
11 37
21 5
44 6
36 35
8 25
26 11
47 15
11 22
23 30
41 9
19 16
40 45
30 35
37 15
20 17
28 1
8 2
45 49
21 40
44 46
13 45
48 28
1 33
4 26
5 34
28 40
25 11
14 32
27 33
39 15
4 5
22 16
1 4
27 18
5 50
25 14
49 7
9 41
30 4
17 5
36 21
4 7
7 33
47 20
39 25
14 18
39 5
35 37
7 10
44 22
48 12
23 39
42 40
10 2
12 35
45 23
46 29
26 16
1 32
24 39
33 26
6 39
4 36
3 1
31 5
17 26
33 40
4 22
28 42
6 15
20 50
28 45
28 23
43 22
5 34
35 8
25 33
44 41
18 22
37 1
28 46
17 21
26 48
3 31
49 5
13 10
17 34
31 20
25 26
5 45
2 50
35 39
33 38
3 15
26 43
29 25
46 17
50 48
29 46
16 35
37 42
16 1
15 25
37 41
11 12
18 28
27 2
3 42
22 26
25 24
46 44
36 25
17 6
30 50
9 26
32 16
21 48
46 42
22 11
23 35
48 39
39 40
16 11
22 43
11 34
6 8
19 8
47 15
27 8
23 27
28 38
38 22
24 34
18 36
23 22
18 20
5 18
25 18
38 3
17 45
7 18
28 9
15 45
42 31
29 24
48 2
19 25
32 33
20 39
29 37
28 46
41 44
12 1
49 34
47 22
16 9
21 3
35 5
29 40
27 10
34 3
29 7
36 35
44 3
27 4
24 45
18 30
48 40
19 38
24 45
12 4
27 5
36 1
5 43
23 30
18 27
22 19
34 4
30 6
29 49
29 44
49 50
37 43
17 45
26 2
1 50
18 33
3 26
4 37
35 14
13 43
47 44
39 6
16 1
17 48
25 38
7 16
9 40
11 30
29 14
16 37
42 28
35 30
13 25
10 21
4 33
47 31
45 19
24 12
42 41
4 26
6 18
23 24
46 34
39 18
47 5
1 27
41 25
42 20
8 39
1 27
25 10
18 30
49 44
19 42
6 15
21 31
7 31
34 28
22 44
14 28
15 36
22 13
39 7
32 49
23 10
20 48
2 33
29 49
9 26
20 23
18 7
32 31
27 4
44 45
23 40
15 4
19 8
45 20
10 9
27 14
21 7
15 8
38 30
33 29
48 39
19 8
5 35
40 46
37 19
40 18
37 29
5 43
45 4
38 4
22 6
32 36
24 11
40 41
10 7
50 28
28 39
37 15
3 46
43 49
26 31
46 44
6 38
38 31
45 23
39 20
43 32
39 8
27 45
15 44
1 37
21 30
4 3
26 25
45 18
27 3
28 27
15 42
38 8
7 29
30 28
13 11
30 22
5 45
17 34
47 1
19 14
29 16
18 47
29 26
8 3
7 48
29 38
35 44
23 39
1 29
7 8
45 24
45 19
19 24
4 2
9 21
7 36
36 31
47 27
37 17
44 15
10 22
12 39
48 20
37 25
48 45
33 41
15 11
31 26
26 7
42 20
50 2
38 11
5 32
43 11
23 7
38 24
7 13
36 37
1 31
41 15
18 19
22 2
38 26
12 43
36 3
36 47
2 40
39 27
35 8
28 1
28 30
48 10
8 4
34 49
50 32
15 9
19 37
29 48
19 17
28 26
19 7
47 32
44 50
4 18
36 24
26 14
33 26
20 16
19 42
42 7
24 18
41 5
38 37
23 35
25 2
39 1
28 16
12 35
31 22
26 22
20 44
22 47
29 32
9 7
7 1
10 17
28 8
13 20
26 18
12 35
29 18
12 46
3 6
15 50
48 44
42 49
39 33
15 28
46 8
30 38
26 28
7 41
8 36
44 14
29 7
33 27
48 7
13 20
32 35
1 45
16 28
29 26
34 36
48 38
10 41
21 37
34 8
16 8
47 4
29 7
9 11
37 9
41 2
13 44
32 4
6 17
8 14
41 6
14 10
24 49
22 39
13 22
48 1
24 32
49 40
47 25
50 20
1 7
1 34
24 25
38 7
23 46
19 42
8 16
3 45
20 18
29 10
2 16
15 47
38 10
49 45
5 46
47 2
32 44
29 43
48 22
13 25
9 28
24 44
49 38
42 13
16 7
21 19
22 5
50 8
37 48
46 7
10 21
24 47
45 31
42 26
1 31
5 10
1 17
10 18
31 39
15 9
11 6
18 7
18 46
38 33
32 15
33 37
50 11
2 9
9 42
36 16
33 8
33 15
29 6
18 36
7 50
6 37
45 30
14 36
21 3
50 18
3 5
2 8
28 44
16 50
47 23
46 27
41 28
16 25
49 37
2 22
44 4
22 26
19 32
23 36
13 20
21 44
10 48
24 48
19 26
40 7
27 40
50 19
13 12
12 18
28 17
49 46
20 17
6 47
47 12
36 35
8 32
29 16
5 2
29 18
1 19
28 43
7 4
21 33
5 43
44 15
19 39
7 9
1 39
48 13
43 20
43 28
19 37
1 10
4 16
19 49
27 39
3 7
14 18
19 28
28 6
48 31
38 6
21 35
46 27
3 39
23 4
28 47
46 44
31 16
21 39
32 22
5 20
5 44
42 15
9 10
12 21
3 50
11 10
4 28
11 37
20 22
34 42
35 43
12 1
12 25
37 30
2 18
18 4
34 38
47 33
30 16
11 18
32 22
26 35
15 48
39 9
38 1
48 13
9 36
38 17
15 45
47 38
8 29
33 4
2 20
44 14
50 14
44 41
21 46
6 22
15 23
36 33
28 10
40 39
24 43
31 14
9 18
6 2
16 23
16 23
7 46
4 35
2 35
19 27
17 14
45 17
6 13
4 23
9 16
39 47
29 35
31 3
46 49
13 2
46 17
20 46
4 25
2 28
34 16
18 13
35 37
28 22
24 46
47 49
50 10
9 41
30 43
10 22
1 43
24 21
29 38
12 34
35 19
37 42
16 35
39 3
44 15
45 5
42 22
22 37
49 7
47 27
29 40
28 13
18 11
7 24
20 11
11 23
50 46
14 11
37 21
26 48
35 28
15 27
1 20
27 16
18 28
44 5
24 4
29 25
41 21
21 34
3 43
10 29
45 10
6 20
21 2
4 20
34 15
9 34
47 21
21 47
31 36
13 31
12 36
16 13
7 33
15 18
13 11
49 14
8 38
8 16
49 8
17 27
5 4
9 18
31 30
42 48
24 5
36 27
25 6
14 1
44 13
42 12
18 4
49 7
45 31
23 43
22 45
14 26
46 8
23 11
48 16
40 5
20 28
25 42
49 26
19 36
32 40
13 37
34 29
32 3
36 37
47 49
35 49
11 28
22 4
34 49
23 40
13 19
1 38
28 15
18 13
43 40
26 4
3 19
19 16
33 27
31 1
3 6
41 18
39 17
20 15
36 50
5 38
1 31
31 49
2 4
10 7
38 21
10 32
47 16
21 33
21 10
35 39
36 45
26 36
26 38
9 28
14 49
21 32
45 42
48 10
17 42
15 35
25 4
2 40
33 34
11 24
25 32
46 27
36 30
50 49
47 6
1 13
36 26
37 11
6 18
37 11
24 43
11 21
30 10
42 31
13 27
36 2
39 13
38 22
25 14
14 44
17 42
1 33
7 49
2 9
28 10
23 10
28 1
4 34
10 49
43 4
47 24
46 12
28 48
20 14
3 18
29 23
5 7
27 47
26 17
48 15
37 14
5 19
4 36
7 23
1 48
32 16
21 22
16 36
49 26
45 38
2 25
49 24
30 35
47 3
10 9
35 30
50 15
37 12
26 13
16 6
6 31
48 20
2 14
31 44
35 23
30 38
5 17
32 30
33 26
37 5
20 40
5 22
34 17
9 5
42 4
28 8
16 23
37 30
41 14
7 19
19 5
12 23
7 30
43 15
33 4
30 31
2 21
12 9
15 34
19 11
41 43
5 24
5 1
49 4
16 19
30 35
10 2
32 6
12 28
27 9
45 39
11 44
6 34
46 18
33 8
20 33
9 34
46 31
37 5
43 2
31 45
14 35
49 41
21 37
12 18
36 9
35 48
18 42
45 31
16 11
42 2
7 38
24 4
5 3
27 33
47 35
34 2
41 44
44 43
36 4
43 4
33 8
42 14
50 26
32 23
4 46
23 5
13 31
14 16
37 40
20 5
42 27
42 29
5 3
19 34
26 3
35 29
5 44
20 12
49 15
43 16
30 33
2 28
18 14
7 1
33 27
9 39
48 18
43 17
2 25
3 22
1 29
33 10
7 17
39 6
32 25
22 27
11 31
30 6
36 45
28 16
16 31
7 50
3 38
23 5
1 41
25 17
26 25
44 19
21 4
40 29
18 9
26 43
38 21
26 23
29 37
37 11
42 25
33 34
33 48
42 48
3 9
20 5
4 34
5 43
25 29
49 3
28 15
2 42
30 24
20 28
14 26
13 44
24 30
1 10
37 46
4 25
3 31
42 18
37 6
41 20
29 11
44 9
26 36
4 36
12 48
4 41
39 36
6 4
31 38
2 10
21 16
45 14
6 41
7 12
46 41
17 43
24 27
39 21
12 35
50 47
40 26
25 46
13 19
30 43
36 39
11 19
43 18
45 31
38 35
34 3
23 19
23 48
12 38
32 31
7 13
26 41
13 15
40 10
46 13
26 8
2 39
38 37
39 49
7 13
6 39
13 4
47 11
24 22
8 47
32 4
18 30
23 14
36 42
3 10
50 11
46 12
10 39
18 14
20 23
49 46
3 47
32 45
9 42
29 3
35 32
50 33
16 38
23 32
15 4
7 20
8 5
25 34
36 18
7 26
33 6
36 39
42 38
19 23
40 16
23 43
37 24
17 40
50 1
30 13
35 19
44 17
33 43
21 6
41 15
48 7
14 43
11 8
43 45
4 42
40 43
42 3
8 36
25 15
46 9
26 32
25 28
39 45
44 23
39 9
39 26
26 48
16 48
1 31
16 26
34 5
38 47
20 21
18 9
2 39
22 46
24 3
45 31
12 7
15 17
29 28
23 1
40 28
10 31
18 30
9 5
44 50
21 6
48 1
5 39
22 20
36 3
48 14
34 19
31 36
36 50
5 38
22 39
13 16
21 7
43 46
12 44
32 3
47 8
22 47
44 30
31 1
41 43
33 6
45 13
45 43
21 42
40 46
38 39
36 22
10 46
41 36
11 43
16 24
42 18
28 40
28 11
1 20
14 44
4 48
2 46
21 10
30 22
2 28
14 22
32 2
45 37
46 17
44 2
12 20
18 45
14 29
10 41
3 21
36 17
24 13
37 22
33 30
42 32
50 41
22 42
1 22
30 3
31 32
13 9
37 13
28 47
35 28
41 47
45 39
46 40
22 15
39 35
26 48
28 11
48 50
36 35
5 10
32 44
48 10
29 25
47 46
44 11
7 36
32 50
14 43
4 14
7 38
48 27
24 46
46 49
17 41
30 27
16 1
18 9
47 19
39 43
9 3
32 8
25 8
11 7
36 16
33 36
39 44
6 16
21 38
5 45
36 30
31 47
50 35
17 37
12 36
13 30
28 21
10 50
18 20
9 16
4 16
32 19
17 15
47 35
27 26
17 48
29 45
5 24
2 18
36 31
20 37
28 22
29 1
50 17
17 10
34 3
21 30
32 7
9 42
8 41
30 27
49 50
36 49
4 22
42 18
49 18
22 36
37 45
28 47
27 12
50 21
21 34
3 24
29 28
47 8
13 22
37 19
46 19
30 19
22 47
33 41
9 36
15 1
42 26
12 1
50 19
9 22
36 43
42 38
20 10
15 46
18 1
12 19
32 2
46 24
8 12
41 18
26 27
39 37
47 31
31 13
29 15
20 11
17 30
46 33
13 40
15 41
49 41
48 17
22 48
11 28
13 42
18 2
19 29
32 46
12 18
28 2
44 31
43 39
50 13
27 49
46 8
47 18
21 44
1 45
21 4
48 17
41 11
20 47
15 19
16 14
26 5
19 44
41 40
2 18
37 39
39 45
47 11
29 28
1 14
11 2
40 39
5 10
30 23
23 19
49 5
34 32
21 49
37 42
38 47
23 24
28 45
11 36
12 30
40 14
34 26
38 35
31 25
1 15
1 22
15 40
1 5
41 31
47 14
40 30
26 29
4 40
1 31
27 38
49 35
25 32
18 34
14 40
50 36
32 9
45 25
45 10
14 32
42 24
19 31
7 35
41 4
7 39
10 50
20 31
39 9
36 50
34 22
50 2
45 17
41 12
34 29
30 37
33 47
39 45
15 1
1 10
50 43
13 18
26 43
41 1
33 11
50 3
2 4
10 11
6 29
21 18
42 11
50 18
35 8
14 5
25 46
42 27
46 25
15 31
17 39
2 17
33 3
39 8
37 3
20 21
37 34
2 47
5 16
49 48
7 32
12 14
31 19
11 25
33 11
39 18
5 2
24 16
22 40
15 19
24 48
15 12
49 32
40 50
16 17
22 27
28 43
39 26
39 46
46 35
19 8
14 47
33 27
31 46
39 37
10 23
16 15
30 28
21 2
3 47
10 26
11 48
2 34
22 49
3 44
49 2
4 31
18 47
33 20
14 25
38 5
10 26
44 6
2 47
13 17
18 16
6 22
33 26
28 16
12 42
8 6
24 50
23 19
9 33
32 10
45 37
14 41
8 40
26 48
20 41
35 38
21 29
46 24
44 46
32 20
23 36
22 45
13 3
14 26
39 34
26 14
29 43
33 6
13 20
24 49
46 25
28 18
23 42
7 19
40 31
17 2
36 8
36 31
42 40
25 8
7 11
8 43
9 49
7 21
29 46
25 39
10 1
14 30
19 25
25 45
11 48
44 32
48 17
26 23
34 42
37 10
21 26
4 23
7 30
45 9
48 33
34 36
47 5
26 21
11 33
24 35
24 3
32 13
40 9
8 9
28 12
30 23
43 50
21 42
24 48
18 17
29 13
7 38
22 8
50 3
8 49
21 2
44 31
43 46
5 27
35 36
40 37
13 32
19 16
30 31
44 33
47 25
16 12
44 17
22 12
26 36
45 18
41 30
23 10
19 6
24 14
22 24
25 6
17 12
8 33
35 34
42 13
36 42
19 25
8 14
3 41
48 21
5 18
22 28
36 30
35 22
38 40
49 40
38 20
29 22
38 3
19 13
43 7
43 32
33 5
28 11
40 44
26 16
22 8
40 1
2 43
38 2
34 48
10 19
43 9
22 27
17 28
19 4
24 20
10 6
1 31
38 31
11 44
1 25
11 43
29 32
43 49
14 39
20 22
31 44
37 22
11 20
20 26
32 4
39 38
46 32
11 13
10 27
29 48
10 37
50 6
5 43
38 2
45 24
44 37
25 2
42 20
37 47
32 36
34 4
44 19
31 17
17 50
48 39
14 19
16 49
37 48
48 16
48 33
45 17
11 17
14 20
15 32
30 25
21 1
32 1
17 4
42 39
34 29
49 36
46 39
2 36
6 10
48 41
6 8
1 33
39 29
9 26
38 18
1 2
39 18
23 37
14 12
42 5
11 25
28 10
41 31
2 24
20 39
44 38
46 37
40 28
49 39
34 23
39 5
30 49
14 13
49 36
50 1
24 23
42 41
13 29
23 41
50 36
6 18
15 38
36 50
28 31
6 50
20 21
40 17
30 26
11 5
35 19
44 39
35 6
37 34
27 29
2 25
32 11
42 14
5 19
12 2
2 27
38 24
47 10
6 42
33 50
18 8
38 40
45 24
6 26
15 39
12 13
41 44
13 17
44 48
29 48
21 6
13 27
33 14
49 20
31 5
13 19
42 50
39 13
27 40
13 50
15 40
41 29
34 30
7 47
5 15
30 34
45 3
40 13
5 49
1 25
20 16
29 11
10 22
2 39
39 44
17 41
32 31
10 24
40 1
49 8
24 46
48 15
33 21
17 9
10 5
8 40
49 5
49 13
36 30
23 38
21 19
7 14
46 49
48 3
41 47
30 1
20 9
47 12
6 9
30 49
48 14
4 45
29 16
2 38
40 24
16 45
17 12
49 21
18 20
29 1
38 18
38 32
15 37
15 11
1 21
44 1
7 13
19 42
47 14
3 17
9 13
36 17
12 30
34 42
29 44
14 1
44 19
13 50
10 28
9 28
36 7
27 14
4 49
35 47
37 20
45 48
28 38
44 1
11 18
39 22
45 15
34 40
22 27
41 3
49 38
39 46
29 14
17 19
27 21
40 19
32 24
14 2
26 28
6 10
40 41
49 48
48 27
47 36
26 28
42 43
28 11
30 28
49 32
5 47
41 14
18 24
4 28
27 23
7 25
47 30
32 30
15 44
35 49
32 28
1 34
24 18
30 29
1 30
31 41
33 8
34 31
7 6
24 15
31 33
42 3
47 15
12 3
6 32
27 20
37 42
29 6
38 48
18 33
12 8
1 26
40 44
35 42
1 33
30 12
39 49
39 5
5 3
11 43
33 2
42 2
31 44
5 44
15 2
5 28
18 1
38 48
9 33
35 32
46 8
23 11
39 43
47 3
10 13
4 2
8 11
48 5
46 22
16 29
24 2
32 18
46 48
2 37
18 19
23 38
35 39
38 15
49 23
15 32
23 6
41 31
7 11
3 14
20 6
23 16
42 8
40 41
10 29
28 42
33 11
12 1
27 42
44 8
44 17
40 26
21 19
36 9
18 28
5 47
30 11
6 38
9 2
46 48
14 44
30 18
28 15
22 16
16 46
21 17
20 8
29 40
40 1
9 5
8 32
37 15
13 34
25 12
3 35
3 10
38 9
26 2
41 14
45 46
13 15
37 17
3 16
50 38
28 48
27 48
42 6
29 2
11 31
19 30
29 5
15 47
17 6
34 5
50 49
9 38
9 5
31 33
44 36
22 42
12 13
33 16
12 10
22 37
35 27
15 22
1 25
43 47
2 34
27 13
28 22
7 37
23 49
50 21
49 10
28 45
31 17
8 14
14 7
15 5
39 41
8 5
28 40
21 23
46 20
25 10
4 46
10 45
5 39
19 46
41 19
47 24
35 27
3 17
29 3
27 21
10 17
31 19
5 22
40 23
45 17
41 9
23 27
14 27
36 27
4 26
44 24
49 3
14 8
16 38
10 42
37 46
47 27
8 45
25 39
8 21
31 27
22 14
27 26
43 14
35 4
21 29
14 6
16 47
2 29
26 46
4 1
45 49
6 31
13 41
30 38
15 6
8 32
8 42
39 9
36 16
29 27
17 43
31 32
46 25
9 39
41 39
49 40
6 15
45 25
46 3
43 16
49 17
12 34
23 49
1 41
37 4
23 34
11 14
13 5
47 44
21 25
11 47
30 9
41 40
20 39
40 15
43 38
6 40
14 18
31 17
50 42
22 35
42 16
15 32
32 45
11 9
9 39
36 7
47 9
34 41
18 48
22 50
45 4
16 20
31 23
38 22
13 9
44 19
39 41
16 35
33 24
12 42
19 30
42 14
40 26
46 2
1 10
42 47
15 16
33 47
11 43
5 36
10 23
13 24
13 22
10 13
27 6
22 37
35 12
29 6
36 46
49 27
30 39
1 48
15 13
23 5
1 49
16 34
43 34
23 21
50 9
40 50
3 11
7 10
2 50
10 43
44 40
18 36
3 35
40 1
6 27
35 11
12 46
30 18
50 25
39 17
25 27
30 39
31 30
23 22
44 11
38 17
45 36
2 28
38 6
42 33
46 43
32 1
7 13
40 32
12 36
27 38
8 35
30 19
27 47
39 37
24 4
1 33
37 28
8 3
8 2
38 50
4 13
6 30
31 47
47 17
23 24
19 45
28 8
11 29
45 40
16 36
44 3
23 19
40 39
15 38
35 8
28 12
44 43
6 36
8 49
24 14
18 1
17 18
3 2
7 18
22 21
21 39
49 19
5 2
34 49
27 18
42 16
13 8
37 44
23 50
46 8
41 12
10 42
42 10
22 5
32 19
39 6
42 26
39 46
42 16
22 30
34 27
30 14
32 8
9 35
23 32
31 44
1 42
40 15
47 50
2 27
23 8
20 35
43 50
7 32
8 20
23 14
47 26
17 37
6 27
48 29
26 2
44 5
28 44
11 27
40 9
35 11
14 11
15 5
21 33
16 12
16 46
28 16
36 2
43 30
10 3
34 35
40 11
23 14
48 6
43 21
34 13
27 29
18 41
5 15
19 4
32 38
21 36
8 27
23 27
45 31
4 26
25 50
19 43
13 34
36 41
25 47
45 47
49 1
11 44
3 41
1 17
28 35
29 43
50 12
35 3
18 47
33 48
5 33
31 7
19 44
29 50
22 46
22 39
27 23
43 49
45 19
37 29
41 24
24 25
23 13
25 35
18 37
44 17
40 11
44 30
28 11
46 18
22 5
9 14
49 30
27 15
50 40
33 30
13 28
18 9
33 45
42 1
6 19
48 30
19 4
1 29
16 30
41 7
12 7
28 35
39 9
35 39
2 5
24 42
36 25
21 39
13 5
16 37
17 31
46 24
34 38
11 31
26 20
27 4
36 29
16 4
18 46
23 36
10 24
23 14
28 7
38 19
5 26
21 38
34 28
8 48
12 7
2 35
46 27
16 7
12 49
21 10
5 1
6 25
23 21
34 37
25 9
28 32
38 44
41 2
5 17
20 8
24 22
4 30
5 20
15 11
26 23
50 45
17 21
15 48
42 7
11 7
3 5
12 38
37 25
49 42
42 16
34 14
40 18
5 34
38 43
49 24
11 35
19 34
14 45
47 26
40 35
18 13
19 39
5 13
28 31
46 17
34 6
11 49
32 14
39 45
46 29
18 35
4 3
45 37
11 48
22 27
12 41
40 14
16 44
46 45
15 45
28 25
48 11
26 12
38 24
50 13
32 29
43 46
18 38
10 39
35 41
21 14
45 29
42 32
11 47
20 10
4 22
26 10
22 25
49 22
43 45
23 50
21 26
25 38
29 12
36 17
21 12
28 38
49 6
40 37
21 11
41 10
29 17
2 19
43 17
29 44
24 47
42 37
47 9
30 10
44 30
50 41
32 36
28 41
41 4
24 41
2 47
20 35
39 21
2 35
42 4
50 46
1 5
23 49
11 27
3 40
21 4
47 24
4 38
16 39
30 18
46 36
39 10
47 36
49 2
1 20
2 44
15 4
44 31
21 13
2 32
7 42
45 30
49 23
26 42
47 9
21 35
49 7
5 42
5 10
28 10
25 36
25 9
4 48
19 16
22 3
40 17
25 46
34 28
20 18
35 37
22 42
28 4
12 47
50 30
1 3
25 36
9 46
37 42
35 44
32 12
34 48
46 11
21 42
23 46
4 1
40 10
21 22
13 24
46 29
38 34
37 8
3 33
13 3
28 25
6 37
1 41
19 27
3 41
27 2
18 39
17 40
38 44
37 40
11 37
22 7
30 26
48 22
17 48
22 15
13 22
29 20
15 47
46 9
20 23
42 10
29 15
33 48
5 49
35 4
18 31
23 25
48 14
40 24
18 50
14 11
26 27
10 24
42 39
30 8
14 48
40 12
40 13
45 29
25 27
14 12
26 23
12 2
14 47
45 2
20 33
30 44
10 50
32 42
35 39
28 16
11 41
35 18
27 36
8 39
21 43
39 3
47 7
1 44
35 11
42 28
11 4
31 47
34 31
48 14
43 11
17 24
11 12
31 40
26 13
23 34
30 44
8 23
18 5
40 11
37 22
25 14
32 40
18 2
3 21
8 33
4 16
38 31
15 27
10 12
9 8
8 7
7 31
23 40
8 6
20 36
14 40
4 6
30 4
46 3
11 39
26 21
34 30
17 48
7 9
37 8
39 17
18 9
43 30
41 11
16 34
20 16
15 17
25 10
4 28
42 39
11 39
39 37
15 13
39 30
29 30
20 39
40 18
32 9
9 37
29 27
46 20
49 6
39 35
24 33
47 17
42 20
6 24
20 42
8 32
40 41
6 43
41 17
8 13
47 35
33 45
40 12
18 37
9 27
15 18
2 4
13 4
47 9
40 10
33 29
8 36
21 6
29 42
48 45
19 8
3 12
11 7
31 41
36 50
41 33
33 6
9 41
8 48
44 48
20 47
48 3
15 46
11 20
34 28
25 7
16 43
30 41
5 18
43 33
14 32
22 16
44 33
48 8
45 43
8 6
39 30
23 12
14 36
20 9
45 49
9 10
1 26
36 12
36 35
38 27
47 40
29 41
18 16
35 30
31 35
6 34
23 15
23 25
9 12
47 18
26 31
48 5
23 2
27 30
26 41
45 34
43 5
8 28
15 41
16 48
10 34
18 4
46 47
25 29
2 6
22 5
20 12
14 15
28 40
14 26
4 23
18 46
12 6
46 4
39 5
10 9
11 34
42 3
29 22
2 21
26 20
49 30
19 6
3 32
46 25
45 18
23 11
33 27
4 25
10 49
48 37
6 49
23 11
33 20
33 14
11 21
34 14
21 4
7 46
26 15
46 30
4 21
49 24
5 43
39 1
16 40
49 38
41 47
1 21
45 25
17 49
19 3
7 11
36 28
42 30
28 46
21 31
7 8
37 48
28 32
44 47
42 28
41 2
34 3
37 22
23 8
47 43
1 32
15 45
34 10
10 36
23 20
21 29
29 31
41 23
34 19
18 5
33 43
35 37
27 40
38 36
13 37
28 15
23 8
39 11
16 5
18 3
40 47
33 50
41 40
35 13
37 22
3 43
47 19
19 31
43 13
7 49
17 40
33 8
21 19
35 31
30 8
38 8
7 4
39 38
8 33
24 44
11 46
24 18
50 42
38 40
5 3
7 18
36 33
2 25
5 45
3 35
37 42
46 9
48 21
26 11
23 19
49 30
37 22
49 13
4 31
37 27
44 33
35 38
19 12
31 11
30 20
12 39
21 6
12 30
15 33
7 44
15 3
2 49
45 49
40 15
9 11
21 1
42 8
6 20
21 15
47 34
30 25
23 3
23 36
5 24
16 30
11 32
22 6
15 1
18 6
40 45
22 44
47 43
32 18
9 18
6 30
27 48
5 9
9 2
43 33
5 16
17 11
8 50
49 2
4 22
21 32
46 10
4 1
7 1
35 50
30 48
4 7
41 33
32 2
16 29
9 33
6 19
41 2
12 1
27 25
23 43
21 41
31 1
31 39
9 24
1 12
20 46
4 23
43 28
19 23
21 7
37 34
27 2
8 1
8 36
45 9
28 11
5 40
11 30
7 2
31 48
16 21
44 45
46 9
49 1
27 49
28 1
6 49
3 29
24 7
12 30
27 35
37 44
4 35
39 26
50 46
4 24
33 24
31 4
29 20
37 16
4 50
2 27
33 14
39 32
27 23
44 39
11 21
32 24
3 32
11 35
17 47
50 13
35 9
9 41
3 37
34 7
40 43
39 21
3 24
2 16
22 39
37 23
33 29
24 34
10 13
9 1
17 27
21 22
46 48
25 49
32 21
27 4
12 32
2 8
10 12
35 36
37 32
18 4
4 15
10 50
21 17
50 22
3 27
37 17
7 9
2 10
26 35
20 24
2 30
21 34
17 13
17 45
29 42
14 24
41 27
25 31
1 24
33 31
14 41
27 26
13 32
6 42
50 43
9 42
12 29
15 21
45 25
48 11
42 10
28 35
42 47
37 31
8 10
35 34
34 25
6 25
9 39
23 7
49 26
37 46
2 21
23 22
9 40
38 6
33 4
50 18
28 33
42 29
40 28
36 4
34 40
17 42
23 10
49 50
25 15
13 8
42 40
45 28
26 25
14 28
8 42
44 5
12 49
43 19
4 18
10 17
14 41
33 13
31 18
45 3
24 38
40 19
24 46
15 40
12 50
45 30
26 31
31 28
14 17
8 36
24 31
14 1
27 22
40 49
16 18
20 49
11 48
19 48
50 25
33 20
13 12
12 3
12 14
39 38
46 15
19 32
49 14
27 48
19 37
20 46
12 46
41 28
50 18
50 36
16 18
5 48
12 15
49 20
23 19
5 9
49 41
9 7
26 2
48 38
11 32
27 26
40 24
7 44
46 37
42 6
9 33
11 20
28 38
50 43
11 42
36 31
44 17
23 39
14 47
33 5
49 10
27 10
12 40
9 19
12 29
6 49
38 4
19 10
45 39
20 41
9 27
2 15
32 13
10 32
41 10
42 21
12 20
11 27
15 20
28 4
33 10
48 38
9 34
25 16
26 16
19 45
40 6
21 19
49 22
16 11
12 18
46 6
43 9
11 43
44 12
39 3
33 44
19 9
11 38
20 18
26 24
7 35
18 26
15 33
10 20
12 49
39 30
50 49
12 31
22 43
34 6
45 1
21 23
14 41
11 29
38 19
29 33
31 44
22 18
45 44
14 18
44 34
27 44
25 36
32 29
4 30
21 44
47 15
7 18
5 25
49 13
32 1
33 44
11 10
43 30
17 32
29 36
6 31
5 49
47 4
36 25
26 21
4 49
50 14
3 48
44 48
18 26
38 21
7 1
47 42
32 49
40 26
26 37
50 13
4 23
24 14
16 24
42 8
2 39
36 44
33 3
4 48
20 18
42 43
11 2
40 49
14 3
12 39
37 22
17 41
21 16
14 42
8 22
49 27
23 29
22 19
2 1
47 19
13 40
35 40
2 43
40 13
6 32
15 16
23 46
18 28
26 24
43 5
14 28
42 8
16 44
18 41
16 17
36 15
16 35
23 31
35 25
24 7
3 5
44 41
11 19
27 16
47 24
9 44
33 22
40 31
12 46
36 10
9 46
20 27
34 2
14 29
19 1
2 37
47 33
44 10
2 38
41 4
38 35
19 37
14 5
23 12
37 25
38 47
35 19
15 1
36 4
25 17
24 4
6 38
36 1
30 22
50 30
39 27
1 34
38 2
15 19
30 42
48 4
47 25
32 14
3 13
37 1
8 31
23 29
43 25
4 18
39 48
37 10
33 35
14 41
1 19
39 15
28 44
20 48
9 27
27 15
28 50
9 35
30 21
17 50
7 11
11 38
13 38
11 6
41 27
40 22
31 10
46 36
13 38
11 38
33 47
12 46
45 15
41 4
2 9
47 29
29 19
1 36
4 37
25 27
29 26
18 43
14 2
44 31
29 9
12 22
12 9
42 46
41 39
3 14
37 41
18 38
41 9
21 40
1 9
48 29
31 3
5 44
17 5
1 46
48 33
37 17
18 9
42 36
30 39
22 49
37 29
42 32
27 41
45 49
16 11
9 11
22 12
43 2
37 9
44 10
5 40
4 16
22 23
10 3
38 8
42 15
25 3
16 30
33 14
32 3
9 7
44 16
39 43
24 37
3 10
27 42
18 33
42 33
1 14
26 32
45 1
18 30
16 41
39 14
42 30
37 36
4 44
19 11
17 43
27 34
45 4
42 7
19 14
18 1
48 13
32 18
36 38
9 35
11 18
41 42
26 25
7 8
5 34
23 22
6 7
13 39
22 21
46 17
46 36
21 50
44 10
6 12
19 15
44 37
50 30
31 29
46 11
45 6
41 46
34 44
11 14
25 20
15 37
37 40
18 44
35 3
39 33
15 49
37 47
15 27
45 43
28 39
8 15
9 6
30 39
15 20
37 48
7 20
29 34
3 13
34 13
43 16
29 32
3 34
29 43
18 17
2 24
26 11
37 34
12 14
37 23
15 39
42 15
30 36
13 11
48 35
9 49
32 20
22 5
39 10
35 24
26 48
48 25
37 25
45 31
33 47
37 30
40 31
27 24
43 20
19 21
4 10
31 18
43 41
44 28
5 17
44 13
38 47
32 7
7 37
48 29
49 40
28 20
13 44
23 29
41 39
6 37
26 27
43 35
46 48
17 10
25 29
42 39
36 35
32 12
23 40
36 24
49 20
21 50
12 27
9 47
6 14
10 3
25 37
43 44
1 29
18 26
45 9
50 44
22 35
45 42
5 28
28 38
36 25
23 29
23 17
12 6
5 18
26 33
47 12
50 43
24 10
23 40
49 31
43 41
11 10
31 12
28 40
6 38
46 41
39 31
41 31
16 36
33 26
47 21
14 21
50 14
29 21
31 9
7 37
5 29
48 5
7 43
21 22
3 49
7 36
50 9
7 24
27 1
21 49
39 4
9 36
45 33
30 6
3 49
3 5
46 12
25 28
36 24
41 30
46 33
49 26
13 18
39 5
6 13
20 35
15 50
8 28
19 38
40 18
42 26
7 33
42 46
47 28
38 50
25 10
18 34
19 27
26 35
41 46
20 38
45 4
5 13
4 43
1 37
29 9
16 17
14 41
37 48
48 23
24 43
37 43
31 46
5 27
7 41
33 40
4 7
45 15
32 38
38 15
4 34
7 17
19 15
48 50
1 35
10 38
2 22
45 32
21 26
49 10
23 40
48 15
8 14
48 50
37 7
47 7
49 19
43 3
12 33
24 20
46 39
22 4
41 50
11 7
46 19
45 46
29 8
17 50
4 27
15 14
32 9
32 5
8 36
46 37
23 44
34 31
9 10
1 48
30 27
46 20
32 18
2 44
19 16
45 17
28 33
21 28
4 34
39 26
5 38
16 15
9 5
33 9
36 26
4 30
48 19
46 2
41 45
38 27
20 9
35 2
47 46
5 12
49 46
48 34
31 20
48 31
17 3
5 11
40 19
12 48
36 24
36 19
12 10
44 16
5 37
22 20
49 25
14 13
8 24
46 8
45 34
42 1
15 10
1 17
17 10
37 34
31 20
16 12
31 14
16 46
5 43
35 29
23 10
23 30
29 33
43 20
17 13
15 31
21 5
37 28
24 36
16 18
36 9
9 38
19 38
33 46
23 36
28 32
16 33
40 10
34 45
46 21
36 10
23 40
31 12
42 21
31 4
22 33
36 19
25 49
12 20
25 6
2 6
2 44
28 41
28 30
44 17
30 43
27 1
32 15
23 21
6 45
46 18
6 9
29 39
27 5
27 3
12 28
47 1
16 40
14 48
50 12
26 2
18 45
15 29
28 10
8 48
18 14
24 37
1 3
35 40
1 10
42 14
4 50
18 28
6 16
28 32
12 28
42 36
45 39
50 37
40 30
15 22
21 2
7 29
12 11
20 40
9 3
17 46
22 30
21 33
13 27
23 42
50 31
19 14
10 16
49 35
28 34
42 30
1 12
19 13
4 13
34 50
46 21
43 23
18 1
25 23
29 35
27 9
50 1
6 31
25 23
2 15
29 39
9 40
11 24
28 39
45 4
38 18
3 48
28 22
24 22
24 41
34 30
7 46
19 46
10 28
50 28
32 16
7 14
23 35
5 47
35 20
18 39
22 40
37 46
12 46
21 30
18 10
29 5
36 23
11 15
39 38
45 26
30 9
29 31
20 6
43 49
1 34
8 35
24 10
46 17
9 16
37 11
5 37
25 35
27 3
15 16
28 14
48 9
6 10
32 27
37 4
39 4
3 1
12 45
32 40
48 32
13 46
8 32
2 41
7 22
20 19
28 6
34 13
32 34
35 38
13 26
42 36
19 45
31 34
10 4
16 5
10 25
11 43
9 43
21 20
16 30
3 16
44 7
40 23
44 45
40 20
3 2
35 13
34 3
17 20
8 16
21 32
34 6
42 22
5 29
33 7
18 1
1 4
24 35
16 20
45 47
46 21
32 26
22 35
28 7
12 27
15 19
15 9
19 38
1 25
11 2
1 9
38 15
50 3
47 11
33 18
35 18
15 49
7 12
20 15
3 35
7 49
25 29
37 19
31 16
5 15
20 11
9 31
49 25
9 25
5 36
23 3
48 5
3 8
22 33
30 6
11 35
37 31
19 31
32 19
49 31
29 47
26 2
20 36
25 16
12 1
26 15
22 31
2 49
34 49
30 45
8 20
36 33
36 27
45 21
11 49
23 37
9 13
7 36
21 6
42 29
31 11
8 28
43 39
24 33
19 22
9 41
19 12
46 39
5 46
13 9
13 50
10 17
7 34
35 8
18 46
34 41
18 14
19 18
12 45
10 8
10 12
20 41
22 21
7 35
47 9
47 50
13 21
37 20
35 10
6 28
36 44
42 17
19 37
33 40
48 45
10 1
19 40
12 48
19 7
3 1
1 25
9 3
15 18
2 46
44 31
35 8
5 18
16 19
10 12
1 23
30 15
30 8
23 5
41 6
44 49
26 20
18 10
42 25
23 16
25 9
41 39
4 41
13 22
28 3
20 16
50 8
22 10
38 20
5 7
9 37
8 41
41 45
4 37
42 46
18 33
1 7
29 38
6 26
26 30
47 46
21 7
21 40
14 36
44 18
38 9
22 11
24 8
50 43
21 10
3 43
2 33
24 19
48 14
46 40
39 24
12 18
10 47
39 1
22 38
20 21
15 40
47 34
42 20
19 12
8 40
2 28
10 33
35 37
21 17
5 28
1 10
8 40
23 20
36 39
21 48
30 46
9 32
12 17
39 35
15 31
50 36
13 31
37 14
49 45
27 1
33 7
50 8
16 39
10 35
40 6
17 25
26 1
41 44
33 34
6 27
9 45
10 40
21 24
2 47
49 18
10 11
2 27
3 33
7 5
48 36
26 22
26 13
16 41
30 22
15 6
43 18
49 33
29 37
45 30
31 17
25 30
41 22
22 17
40 23
37 42
5 22
44 15
41 48
24 41
23 36
31 26
41 34
6 21
5 3
27 13
14 30
49 46
17 27
45 40
48 8
23 37
3 30
32 22
34 50
17 5
38 32
35 27
43 14
22 43
47 26
41 43
27 26
25 12
4 8
29 3
21 6
3 22
32 34
23 1
9 24
46 35
50 1
20 44
28 18
23 16
42 9
2 44
18 39
38 30
33 50
45 2
1 8
37 27
38 26
1 47
48 12
41 40
8 41
2 42
24 22
13 30
32 6
42 38
26 7
15 24
9 30
38 4
16 37
33 42
10 4
26 2
45 25
49 44
50 25
1 10
19 32
28 17
21 27
12 13
14 49
26 24
4 49
41 45
45 11
22 42
36 29
40 9
10 22
16 44
47 45
36 1
8 31
50 20
16 47
47 39
37 42
42 7
25 2
26 28
50 17
29 32
13 41
2 14
25 30
34 11
28 4
41 16
42 34
37 36
2 7
34 22
18 6
44 28
31 24
29 30
20 50
21 26
46 18
12 30
35 25
33 9
31 36
27 20
27 41
36 4
9 15
28 2
35 16
50 40
37 28
47 42
17 24
1 31
6 16
31 48
35 22
41 36
31 12
12 29
23 28
38 35
42 12
26 35
14 15
49 18
16 32
48 27
39 23
10 32
8 41
12 21
5 14
50 43
1 18
22 31
36 11
36 26
11 24
13 38
47 6
40 49
11 46
47 7
25 32
24 13
42 44
32 20
40 5
48 47
30 4
24 36
7 14
5 1
40 1
17 48
37 44
40 31
13 48
2 48
13 9
39 13
1 18
22 35
23 1
45 36
12 32
30 11
40 13
45 30
47 36
7 1
15 17
6 12
25 43
28 30
1 36
24 17
47 6
30 17
7 19
13 23
38 11
37 5
12 41
13 35
41 47
39 32
5 24
6 15
23 30
14 43
12 21
3 37
24 49
40 4
6 36
7 1
34 41
24 35
40 46
28 9
16 13
11 10
10 7
48 6
27 1
26 18
24 15
1 35
37 11
34 30
37 32
32 28
18 9
50 28
18 1
41 27
1 28
16 14
15 14
43 30
36 15
10 15
11 29
43 45
28 47
25 42
14 12
18 8
19 5
44 39
11 20
22 9
29 22
46 2
29 38
3 8
16 50
3 9
35 18
25 47
10 24
40 49
37 40
21 2
10 1
16 15
14 26
41 31
5 15
50 47
19 12
37 46
30 48
43 46
23 49
37 14
16 35
25 7
19 6
21 23
18 27
49 37
3 45
39 37
34 9
21 50
5 26
38 5
27 24
32 17
16 15
17 2
13 6
6 42
35 8
11 30
16 42
37 31
31 30
27 18
28 48
19 28
50 18
45 16
48 47
24 6
8 21
17 22
29 49
21 7
34 1
11 30
2 23
44 7
22 41
32 24
24 10
7 47
41 19
44 21
2 38
18 22
17 7
38 32
21 27
2 20
5 48
10 44
38 48
6 27
23 10
42 22
46 8
1 23
6 26
4 1
11 10
30 20
50 32
15 43
30 39
35 25
1 21
50 19
43 47
32 29
21 3
30 44
27 35
40 29
5 41
6 32
14 29
23 46
50 15
36 32
48 47
39 20
38 7
23 47
39 40
1 23
1 10
50 36
32 13
35 24
39 15
7 15
37 15
2 23
36 42
46 49
18 4
17 13
31 24
26 23
38 40
46 20
32 46
13 47
46 32
40 37
16 23
24 44
11 4
40 15
34 41
14 8
38 30
32 45
13 47
42 6
19 44
20 21
23 38
20 32
9 28
26 28
7 22
36 17
3 6
41 17
46 13
25 16
32 31
50 1
13 42
30 43
18 31
50 5
50 39
15 31
43 16
46 13
37 44
48 33
45 5
45 4
40 34
38 3
15 10
40 1
26 47
38 48
16 30
27 10
23 28
42 23
29 18
32 41
44 28
15 4
21 17
4 7
20 18
16 25
30 12
21 5
32 6
12 17
20 9
2 35
42 26
19 17
46 7
13 45
32 18
17 43
21 32
11 29
24 42
8 33
11 21
32 47
20 45
15 30
2 1
20 46
5 34
3 31
35 3
34 6
8 29
34 15
21 9
20 8
47 12
1 38
29 21
23 50
41 17
47 36
41 23
40 24
2 44
42 32
50 47
2 8
18 27
34 6
39 45
11 25
17 5
47 33
17 13
34 47
26 43
29 32
3 7
19 26
39 45
7 29
45 35
44 12
7 4
49 23
37 36
45 23
12 18
23 11
25 49
30 31
31 39
7 22
33 15
2 46
28 16
10 41
11 34
28 8
23 37
28 5
7 41
17 47
22 13
6 34
43 6
42 39
49 36
33 30
42 4
15 9
33 15
4 10
50 15
18 15
20 31
31 8
32 42
1 20
27 20
33 22
13 17
40 6
41 42
47 24
19 1
49 4
45 5
48 45
37 45
5 44
19 32
6 35
4 19
40 20
29 19
27 2
13 16
30 31
38 31
27 49
43 10
19 24
44 16
11 4
9 11
11 20
10 35
24 43
2 30
28 4
15 31
33 39
41 15
33 42
44 34
30 31
40 14
2 45
41 19
33 8
26 4
9 22
4 6
48 47
3 34
22 21
10 44
28 3
25 32
33 11
50 45
48 49
25 23
46 21
49 43
12 9
28 35
7 43
45 39
44 3
20 50
38 46
17 36
27 48
19 24
26 20
24 26
14 31
15 33
29 44
28 18
8 10
1 27
24 41
39 37
28 36
11 23
8 1
35 11
35 43
16 7
14 32
11 24
31 2
37 33
21 14
15 39
35 32
47 20
14 20
32 6
49 2
39 37
31 10
1 14
40 2
50 5
6 28
45 2
9 7
20 5
9 2
36 22
42 3
41 31
24 14
7 35
38 49
5 14
37 20
28 16
9 32
48 41
31 36
9 41
30 11
11 23
40 49
22 6
10 9
38 47
27 42
4 26
37 7
11 9
8 21
48 29
10 14
11 18
19 46
35 38
4 10
4 43
49 6
44 39
23 21
25 47
40 22
20 32
50 27
28 18
46 13
10 14
20 28
8 39
10 23
34 7
6 29
12 3
14 13
32 34
6 15
19 6
34 41
6 40
37 5
4 14
27 17
28 15
7 31
13 46
8 27
2 35
29 1
13 42
23 46
46 23
7 26
35 29
10 21
1 28
38 48
11 24
2 12
47 31
6 48
16 7
4 30
4 41
15 8
16 9
40 47
48 18
13 27
20 26
49 25
43 23
5 38
25 40
9 24
32 20
13 34
43 3
27 16
46 43
41 50
26 6
49 1
30 38
48 41
36 29
11 26
3 26
27 38
6 16
21 2
48 20
17 19
22 20
34 3
17 4
43 27
50 29
7 18
8 28
12 39
35 45
45 32
44 9
27 3
32 37
9 40
46 6
15 44
1 6
31 17
49 20
7 37
38 15
33 30
27 7
35 6
3 39
6 35
10 42
43 10
37 33
43 17
30 45
42 30
23 24
44 42
22 10
47 33
27 37
25 12
1 11
40 10
50 1
36 50
43 27
22 25
41 20
40 3
18 16
35 47
5 23
50 39
17 2
45 6
5 11
20 22
16 31
27 45
11 19
18 3
11 18
18 22
3 12
28 31
48 37
12 44
37 17
11 17
4 26
34 8
42 15
44 30
5 3
25 33
43 21
18 2
36 34
46 3
4 29
30 35
41 8
12 9
31 29
46 24
9 45
9 33
31 11
45 17
49 47
39 28
41 25
16 39
26 9
49 24
10 25
22 20
41 8
9 28
16 29
1 13
6 23
21 9
13 50
9 50
47 28
47 46
20 12
35 14
46 17
19 11
9 46
25 21
8 1
29 42
1 10
36 14
42 25
48 38
7 4
6 10
28 44
28 48
44 28
24 33
14 23
28 43
35 1
46 37
11 41
47 40
15 49
23 6
44 49
3 43
38 3
15 37
31 10
2 23
19 12
11 46
24 4
22 35
1 38
18 4
46 14
30 2
43 45
3 31
44 35
31 20
35 15
19 6
39 18
50 37
11 50
39 11
47 37
4 20
40 10
19 43
7 5
21 38
26 22
31 28
26 20
33 2
47 11
19 5
42 3
37 30
3 45
49 23
32 47
47 33
7 5
27 42
36 8
3 6
21 34
34 29
7 39
12 50
8 11
20 18
6 44
1 2
20 8
14 30
37 46
21 42
38 47
50 28
32 48
31 39
47 14
14 17
16 44
22 21
16 37
1 42
39 27
45 2
21 24
49 44
8 34
38 48
46 47
9 47
35 27
17 13
17 27
12 18
40 44
1 5
12 4
41 30
43 32
28 9
31 19
3 49
34 21
5 39
18 40
27 48
39 14
25 42
5 39
45 8
23 42
42 20
42 7
23 43
49 21
15 34
42 46
24 5
27 38
31 28
42 29
17 7
31 8
22 31
49 10
44 38
21 18
4 48
42 50
2 23
34 2
12 34
25 5
17 7
1 49
49 27
2 34
13 39
41 24
16 46
43 46
38 10
40 43
1 31
42 35
42 1
34 38
8 12
23 31
5 2
7 13
13 12
13 33
27 23
16 39
36 49
26 24
1 50
16 47
3 48
7 23
11 37
6 41
37 23
50 37
8 10
37 12
35 26
10 38
2 17
27 14
21 22
47 3
5 33
23 24
16 48
20 2
33 43
44 2
15 7
28 14
31 23
43 39
6 27
38 13
18 12
17 46
24 21
38 44
16 23
32 9
30 1
40 2
11 50
46 47
17 46
44 29
36 14
15 17
16 22
40 28
30 43
34 43
36 34
37 18
4 50
43 11
10 36
22 9
45 12
11 35
12 6
13 3
37 42
26 11
49 13
24 5
26 20
42 16
13 12
25 37
36 13
25 13
45 42
26 50
8 22
25 41
17 18
31 41
4 27
6 10
39 50
39 1
45 2
20 12
25 38
50 30
4 25
32 38
22 36
13 27
22 37
48 8
9 31
25 1
41 28
5 3
19 49
3 15
13 43
24 15
18 29
46 28
17 22
28 15
26 25
46 21
15 22
17 21
12 6
32 28
10 46
48 5
19 21
47 34
42 9
34 27
7 17
39 24
48 12
13 36
25 7
39 22
37 41
45 18
22 38
20 10
33 19
13 21
19 40
47 24
12 1
25 50
16 13
15 6
15 28
24 30
44 17
38 42
45 5
38 2
17 2
34 33
15 46
7 16
1 41
26 3
31 5
26 50
49 24
8 14
2 18
38 36
13 19
17 29
32 40
39 36
2 11
13 40
48 45
41 24
20 26
24 26
45 37
14 32
6 11
43 23
40 50
41 10
10 18
26 41
2 50
35 27
1 41
35 15
11 33
40 23
20 5
14 12
34 50
29 47
42 28
12 34
6 36
20 42
49 44
3 37
34 3
46 25
25 5
40 5
15 27
26 14
5 19
40 34
16 29
50 46
45 47
45 7
21 33
15 9
41 22
17 45
11 44
43 41
39 34
1 34
35 22
36 32
42 1
47 15
30 49
41 45
24 15
40 7
39 41
10 38
34 38
17 2
19 34
46 27
20 31
28 26
17 3
12 8
41 3
10 28
16 26
1 32
43 3
9 37
25 21
28 42
42 34
25 44
6 38
9 47
15 18
44 39
46 7
8 39
11 15
30 37
36 32
48 43
22 28
12 11
26 4
42 1
38 23
40 13
12 4
32 37
36 9
38 23
47 17
27 18
49 1
46 28
38 25
21 13
25 37
42 11
21 11
34 47
24 11
8 27
48 43
45 47
42 39
31 43
46 1
43 12
46 11
11 50
2 46
40 5
2 22
27 31
29 49
29 20
15 9
6 11
23 5
25 24
42 17
4 40
37 16
24 26
6 40
28 38
39 11
23 18
24 7
26 45
41 27
4 19
4 42
3 42
30 6
12 18
29 16
15 4
46 3
29 11
26 41
42 45
29 5
40 32
21 31
45 1
47 2
45 32
32 30
38 6
5 37
35 12
24 3
27 45
48 46
24 16
44 22
12 44
16 24
43 42
13 42
6 20
8 12
3 6
15 29
49 34
17 36
43 41
13 36
38 32
11 25
35 25
40 30
46 49
37 2
28 21
38 32
35 6
14 40
32 28
28 37
23 24
7 1
50 36
37 43
7 17
1 10
46 48
43 20
6 44
39 26
4 42
22 50
35 3
13 21
38 16
49 50
16 19
44 32
12 44
23 43
15 10
41 12
34 13
15 11
15 31
40 3
9 43
17 31
48 29
2 49
39 14
21 15
18 12
27 23
6 45
24 25
48 23
25 9
13 38
1 41
36 46
32 31
47 21
9 27
28 31
36 6
12 2
19 23
13 19
32 1
43 36
24 50
47 12
20 31
42 7
30 35
9 14
6 39
36 24
35 4
38 36
3 40
9 44
25 43
9 37
13 45
6 14
6 46
3 42
21 18
39 44
9 13
12 5
25 1
20 5
46 44
49 32
42 37
31 19
12 47
23 12
24 34
15 33
5 36
46 33
23 26
17 50
12 38
32 3
32 27
2 4
44 40
37 21
19 7
8 22
23 11
18 49
11 37
31 30
21 38
23 44
10 24
41 12
50 10
49 28
4 46
9 12
16 14
50 39
40 46
34 2
26 17
35 44
48 14
32 48
6 14
42 26
13 43
8 31
31 42
29 39
23 2
34 11
20 32
20 13
13 42
32 9
26 20
44 41
10 35
40 21
28 49
20 50
10 39
29 16
3 38
4 23
36 26
50 42
31 42
13 37
41 1
16 41
22 40
32 43
48 19
38 11
28 18
44 15
14 23
27 50
13 42
17 28
13 16
48 5
46 2
17 4
7 33
20 26
21 19
6 12
22 43
48 32
26 18
5 14
1 22
21 28
19 14
10 19
33 30
39 33
29 16
27 20
22 41
19 14
49 4
25 18
29 19
8 3
4 16
38 31
22 15
29 41
46 25
32 12
31 20
48 1
18 14
40 4
40 32
28 46
45 42
7 9
15 48
19 46
48 31
26 14
45 48
36 8
28 42
48 28
23 7
50 2
8 48
48 11
5 8
27 25
50 20
12 10
35 28
6 28
40 41
26 20
1 42
47 22
4 38
39 7
26 1
3 22
3 23
37 40
18 35
28 30
3 33
43 17
15 14
40 49
22 28
48 38
28 21
6 48
3 32
4 45
38 39
31 14
31 36
2 37
5 3
3 2
47 12
50 36
9 19
34 14
15 49
37 44
26 49
14 12
18 33
6 21
48 12
44 40
50 21
4 49
15 29
16 37
44 34
2 49
31 6
1 32
38 11
30 5
19 4
26 20
45 33
24 29
31 16
4 37
29 41
17 33
50 6
41 24
36 34
5 13
20 6
21 9
29 30
19 39
7 17
37 12
19 21
39 41
25 9
12 21
6 12
13 31
15 31
28 13
46 25
14 20
17 47
17 6
17 41
10 26
18 8
36 41
14 31
14 21
29 42
48 7
44 35
36 9
1 43
26 38
4 15
48 45
19 40
42 45
17 33
13 22
2 9
28 40
37 9
37 39
43 1
47 40
8 41
7 25
30 35
14 11
19 40
22 21
34 37
1 46
35 41
41 27
19 15
19 22
20 9
28 26
48 19
17 42
33 47
48 6
38 1
31 45
10 27
31 9
38 14
47 43
7 37
32 24
20 33
23 49
36 3
17 31
41 50
8 39
11 46
19 22
10 34
11 49
26 25
5 34
31 23
34 44
36 41
15 21
32 37
17 3
39 8
13 45
17 47
35 36
15 11
28 18
26 24
48 31
1 12
15 34
29 31
45 2
48 33
45 11
8 21
40 13
19 23
4 17
32 1
50 30
31 35
18 35
36 24
38 41
4 8
34 27
43 27
10 26
1 37
11 47
11 3
29 22
11 34
8 27
24 11
26 33
35 27
32 45
17 28
45 14
15 42
26 46
32 29
4 19
12 16
17 34
30 45
11 14
38 24
9 34
11 41
19 32
22 33
31 15
9 16
23 38
6 21
21 41
50 10
35 3
43 48
11 29
22 14
48 12
46 43
41 45
50 16
15 26
8 45
5 39
41 17
26 5
17 11
3 26
23 2
39 38
28 22
38 15
3 17
19 34
16 1
46 40
49 36
37 2
48 31
33 31
30 20
11 27
43 23
9 25
40 18
38 15
35 46
50 23
45 3
31 46
41 46
35 40
48 45
26 21
1 9
20 10
26 28
30 4
24 45
46 29
11 47
28 42
37 21
31 8
2 46
22 23
29 35
4 5
41 4
35 43
50 8
50 2
5 28
41 21
25 1
29 46
26 2
6 30
7 42
21 19
3 32
45 46
13 24
40 11
3 43
48 13
41 37
45 14
13 8
1 47
14 13
17 42
27 1
18 25
48 36
33 24
14 3
36 30
31 38
36 12
8 33
7 24
44 34
50 36
36 20
8 26
4 5
20 16
28 38
28 5
29 13
1 33
2 1
41 44
14 30
27 21
12 34
30 9
37 40
18 30
31 25
24 41
41 17
44 46
1 13
33 22
38 17
44 13
34 33
36 34
4 31
47 22
25 30
26 4
47 30
35 5
27 44
49 48
14 11
36 19
4 14
6 27
48 37
39 25
44 15
13 26
37 10
2 6
39 18
46 29
24 16
35 20
40 15
32 28
37 24
3 39
39 10
27 18
14 37
12 36
48 26
41 18
40 33
27 7
22 25
42 1
13 11
42 50
36 27
33 1
28 9
32 31
18 37
27 20
26 37
11 24
48 13
7 39
6 26
17 22
43 37
33 32
28 12
47 1
45 26
25 21
38 34
38 12
37 41
20 22
50 43
28 10
34 6
38 1
22 6
20 50
49 25
29 40
9 49
19 49
16 14
39 2
38 29
13 2
12 24
41 39
50 4
44 22
13 16
35 3
40 15
36 22
41 14
10 7
18 38
43 18
23 18
27 9
23 24
26 40
24 18
19 28
42 39
6 16
23 11
16 18
34 19
49 35
48 27
9 47
41 25
22 13
3 19
24 2
48 45
21 48
9 5
21 15
48 9
38 49
18 31
17 11
8 10
45 3
44 39
16 20
19 8
50 45
12 2
1 37
8 35
42 15
49 48
38 17
17 9
28 39
4 40
40 1
41 47
31 7
6 35
44 1
11 27
32 35
14 40
32 19
43 45
6 35
29 34
48 17
6 31
48 45
35 44
43 39
15 43
33 46
16 37
49 40
22 29
27 42
16 47
1 37
43 31
20 32
41 29
8 36
18 23
30 26
5 35
49 12
34 43
48 6
17 5
27 13
7 15
29 31
37 5
9 28
18 2
23 28
2 49
24 50
5 8
9 24
41 17
21 26
48 8
46 33
27 20
8 49
40 4
30 49
38 26
