200 1000 1
186 194
12 69
22 87
181 104
154 135
153 38
44 184
123 171
97 107
25 65
137 33
198 85
66 87
186 70
94 139
78 43
177 48
97 90
9 143
132 76
96 199
127 4
169 113
186 19
200 187
166 134
162 147
55 69
186 189
53 147
187 1
191 105
166 198
33 75
36 67
135 27
25 31
136 26
14 118
153 171
9 196
41 129
49 138
185 28
57 61
71 27
197 81
195 46
194 109
183 30
196 88
45 121
191 136
137 39
121 194
183 9
120 55
111 3
21 9
19 85
154 155
192 103
169 194
121 47
169 197
133 193
39 169
92 28
147 114
40 192
176 200
24 21
121 11
161 184
179 188
19 148
162 119
185 130
187 102
78 175
98 26
97 163
54 36
160 104
5 193
89 16
72 92
81 2
138 3
137 145
111 47
168 7
1 112
167 76
115 189
20 50
185 156
111 195
162 158
85 175
76 33
96 29
14 132
53 138
99 72
149 135
129 84
135 36
175 182
60 194
30 111
108 90
118 143
32 165
143 122
121 98
183 67
56 112
139 182
182 173
105 50
13 165
34 83
81 165
116 162
96 115
49 167
86 59
148 106
126 1
88 143
70 66
33 188
173 198
3 182
10 55
52 127
61 132
151 88
157 108
154 100
179 26
35 102
122 13
142 178
188 172
85 125
39 170
195 96
155 133
142 165
158 97
57 128
110 197
87 168
9 54
86 194
37 168
121 70
157 198
155 90
19 28
77 195
139 17
185 119
62 110
36 142
46 94
99 170
11 3
188 191
156 115
122 138
140 17
10 21
110 4
186 84
16 1
91 98
84 66
115 190
140 53
3 133
31 79
1 14
13 33
62 81
193 194
61 66
101 12
155 46
133 144
67 197
123 83
29 95
134 20
138 53
84 35
186 62
92 179
65 132
58 199
38 31
82 120
174 77
54 179
169 168
100 5
182 166
168 36
75 103
7 148
12 36
197 7
74 115
193 169
45 156
80 124
192 198
146 154
110 13
118 11
191 62
54 193
157 76
170 199
138 194
197 159
141 29
53 157
27 80
143 117
140 84
49 56
195 193
34 162
160 157
188 58
139 155
59 2
9 34
183 27
50 40
114 14
75 133
147 110
186 195
22 194
46 9
3 164
102 182
59 112
69 126
131 6
151 100
181 163
6 62
117 108
20 29
196 87
37 150
167 72
184 171
200 188
116 164
174 175
22 190
139 193
98 132
31 170
151 43
52 38
19 92
115 44
151 40
192 92
5 157
198 140
74 24
166 110
119 71
158 25
83 172
9 29
166 160
80 187
78 73
78 18
66 176
34 183
110 25
70 15
186 11
92 200
189 136
43 84
135 195
99 73
135 122
69 183
40 55
185 156
30 15
99 16
6 133
53 128
160 12
67 55
30 17
184 199
17 135
135 16
2 14
35 82
172 67
145 170
133 147
42 109
154 24
88 7
183 20
131 138
33 18
130 121
192 22
101 78
64 180
114 92
55 98
130 174
160 130
61 29
126 125
187 161
16 119
168 120
78 71
102 191
132 162
190 5
148 60
117 59
120 41
177 130
121 59
113 175
87 129
172 171
84 108
102 33
135 36
18 72
131 104
147 75
21 12
98 57
33 177
35 64
127 89
80 58
53 49
80 152
120 168
87 159
73 92
38 184
153 106
78 193
185 161
87 194
12 102
111 18
151 80
170 85
83 152
179 192
110 142
158 27
22 162
100 85
93 54
126 5
67 123
87 44
12 152
48 110
152 161
166 125
105 30
168 51
186 157
81 48
27 1
155 38
36 200
138 75
6 184
112 4
29 102
28 114
16 162
122 100
76 86
104 194
127 132
54 122
91 96
146 20
98 1
92 7
15 34
10 81
45 25
106 113
135 73
150 48
37 26
106 194
121 109
51 136
142 197
23 95
94 4
107 12
84 128
22 29
62 125
80 167
43 38
49 156
82 75
24 171
38 80
89 130
107 149
18 78
118 74
106 65
185 27
176 54
185 36
66 35
114 190
34 32
42 13
176 110
74 29
13 182
159 161
60 91
43 179
47 124
9 32
124 173
129 154
88 76
197 148
189 192
109 54
62 61
61 63
154 33
28 18
124 154
163 73
22 56
139 132
144 166
136 61
124 62
142 117
161 73
39 127
70 138
112 183
145 133
155 139
74 1
172 81
144 33
20 45
43 11
9 112
167 26
34 179
121 31
159 82
110 184
51 60
90 54
79 53
74 100
19 64
144 174
108 131
61 25
43 141
158 137
86 112
193 30
24 139
61 130
147 88
47 71
148 42
61 31
97 36
75 128
141 160
152 4
174 154
175 56
186 74
37 22
74 150
111 98
109 55
36 144
169 162
17 186
92 194
51 151
167 95
91 68
21 102
7 28
54 184
114 192
59 66
132 61
52 168
133 70
112 167
23 137
80 102
41 9
68 121
174 125
200 18
200 132
43 61
41 121
80 2
84 26
102 168
70 98
176 27
180 147
53 97
25 148
77 151
34 121
69 6
195 12
76 98
120 93
12 29
162 101
140 2
96 155
200 89
182 3
200 2
59 130
32 66
9 20
98 4
186 72
154 184
46 103
51 14
67 56
25 59
198 49
7 54
173 153
16 84
19 102
73 120
200 92
164 168
39 144
66 156
106 75
75 29
10 101
189 36
40 114
180 85
29 170
97 66
174 2
84 95
114 106
134 103
33 28
26 93
34 78
21 18
137 87
144 73
98 105
9 144
72 132
108 129
33 142
1 108
117 47
22 72
106 197
37 187
149 66
66 12
194 95
157 42
172 180
20 109
81 115
17 121
63 89
20 186
134 170
87 138
145 75
186 52
190 189
191 71
109 34
176 138
188 80
38 70
98 72
194 40
73 102
94 163
7 65
4 1
146 155
183 139
122 155
1 43
196 129
175 135
82 108
49 152
106 93
16 147
74 104
195 57
92 172
142 154
167 143
132 20
59 151
84 191
159 154
186 103
61 153
179 92
52 89
52 154
77 103
31 54
11 52
58 161
30 159
159 39
174 117
127 165
1 155
53 1
122 123
89 61
66 112
35 147
17 91
156 149
38 31
179 8
153 175
122 151
53 107
59 186
94 145
31 195
93 195
58 82
112 176
40 162
110 106
17 147
153 80
53 109
20 35
19 44
81 115
75 193
122 109
62 128
26 111
109 40
198 61
185 141
53 11
68 102
94 82
93 128
149 148
11 106
44 173
116 65
150 124
68 190
152 112
147 60
26 88
121 93
6 19
77 169
69 19
20 177
33 99
41 56
174 125
43 137
12 169
52 134
162 69
91 68
22 136
105 81
96 98
57 65
120 197
25 26
103 167
162 63
200 179
180 189
196 183
67 115
53 180
156 154
160 30
152 155
174 37
30 98
59 105
42 138
159 142
148 198
55 126
47 44
105 37
152 11
102 47
115 92
114 25
44 182
18 68
126 51
5 194
10 34
49 34
94 24
102 108
114 112
171 90
172 109
183 103
158 50
40 8
69 182
34 139
21 103
111 77
40 113
89 55
79 107
105 126
195 164
163 45
77 1
172 110
98 16
91 1
166 78
83 189
14 2
200 33
30 135
7 183
179 177
171 97
153 62
62 112
51 124
200 48
64 115
155 66
152 85
190 54
125 98
77 143
98 107
100 160
116 162
77 45
39 150
154 175
3 7
80 68
156 43
87 32
182 158
168 103
126 59
114 34
80 160
118 173
144 72
31 166
38 1
81 30
142 153
110 156
168 51
32 176
8 104
172 123
45 194
154 54
189 87
196 3
128 177
83 120
39 113
138 87
174 141
141 79
49 92
171 72
122 58
191 90
48 90
120 185
132 189
186 49
161 132
186 18
194 22
109 8
200 197
93 18
129 87
28 170
163 47
165 54
8 26
56 193
167 119
1 64
55 69
172 21
122 32
11 169
45 101
198 132
39 21
69 196
71 132
3 7
71 200
47 192
137 50
104 43
18 185
39 197
23 58
14 74
29 10
110 167
90 140
38 66
34 106
130 88
113 192
143 78
168 16
26 20
72 81
47 184
131 104
12 188
82 106
199 81
183 19
64 3
200 75
69 19
192 61
6 34
156 57
50 181
34 192
18 49
184 158
132 110
153 37
46 114
151 19
15 27
40 55
121 14
102 43
92 194
163 72
102 94
127 148
98 53
136 57
103 130
174 66
165 128
98 86
189 116
13 198
49 146
169 176
72 119
113 25
186 30
170 87
125 196
99 107
112 123
103 196
96 6
9 190
169 74
103 126
18 131
26 134
137 165
113 154
166 123
156 6
14 105
16 67
108 185
112 115
8 151
53 129
131 81
189 177
69 17
3 88
188 149
63 56
36 18
67 49
45 79
60 113
139 135
49 104
22 160
39 35
1 179
68 160
53 80
132 98
41 24
145 195
132 4
71 99
192 49
167 116
122 81
59 106
80 15
161 24
191 194
39 110
42 166
17 188
5 188
131 149
83 196
16 37
109 152
20 124
113 93
156 42
185 135
156 134
29 185
100 193
100 178
11 169
168 196
65 51
