3000 10000 1
2516 608
594 2305
1591 365
1084 1150
2000 686
620 1050
1385 714
1962 2102
2038 704
2858 609
1548 1477
2354 660
168 1558
1566 1425
2982 2596
1568 1666
1395 932
559 1417
937 987
1685 1567
94 980
2138 1791
1656 2849
693 1414
2132 1115
1245 3
1691 2542
1038 78
2471 2608
1356 2345
1242 626
1465 731
1645 792
2304 1136
2054 2393
1985 1908
1584 1365
1501 2661
622 1064
935 1745
357 1056
2015 1282
1360 309
2765 1583
95 1711
1551 2517
1675 2617
207 508
1218 181
545 1641
1887 1714
1623 828
1275 73
2176 2207
635 405
1783 2524
54 467
518 250
828 1173
2875 814
2749 104
903 909
174 1985
222 304
2041 2252
110 2837
2864 1742
2309 363
2312 531
2149 212
968 1471
1909 2354
1360 1609
1873 2019
2173 2057
1321 2566
2511 851
2942 1009
117 931
2617 322
725 1925
2733 873
260 1225
1910 1172
138 1103
2465 1564
2532 2884
2687 2129
1958 13
2407 1417
2961 2583
1450 874
246 2938
2635 1666
1765 1157
171 933
956 1278
1695 1501
684 2491
2136 363
1965 1291
2487 1621
2190 2248
1544 323
2502 1768
2720 2633
2474 1155
550 2638
1175 679
2477 592
632 1600
2780 1831
892 291
1004 315
1005 2890
1975 2551
185 318
2697 772
549 2861
23 1095
130 1632
1672 1236
1579 2748
2011 691
997 1436
629 669
1037 1309
937 1422
382 2358
2436 1017
964 193
2134 2686
2461 846
1425 2307
95 2232
1565 157
2384 2978
710 1268
1888 555
229 2176
1147 1880
1529 2074
192 833
1383 1841
2076 2455
1254 1099
1504 2438
862 1469
680 1569
1498 1769
68 2148
756 836
137 2528
1823 2913
1360 460
1289 2452
2189 1634
722 2747
2258 764
1162 489
2252 2519
2792 1334
2143 2999
1266 1572
2740 220
2462 1436
1778 2846
415 2144
2599 295
2363 2934
2885 1528
2676 566
2188 2989
473 1474
2129 1584
843 822
586 515
1232 941
827 1261
1701 2952
640 1858
1745 1058
2366 2783
837 502
2786 2615
2808 446
1369 2137
2207 210
466 1610
2003 2233
2324 2123
1829 1931
2581 568
2114 1940
240 2910
1076 1407
2405 943
2603 2670
627 2725
1462 1512
2899 2310
1290 2634
1258 2314
2238 2842
853 908
830 1167
1284 1773
706 1608
2380 11
1379 1901
1384 1402
1958 1472
1375 1469
1913 2788
1042 901
17 1891
2957 815
306 1748
1379 797
667 1540
1960 1284
1316 2643
478 2742
993 2201
1059 480
1519 2414
2130 2216
539 2782
534 2869
83 407
2595 2645
506 1741
2996 1177
985 2568
2751 259
1412 1322
2278 1647
2909 2219
717 165
1719 1718
1958 1476
1511 2289
36 2397
445 2575
1113 2840
2606 503
773 265
1124 1372
2475 1818
730 2198
2306 1247
1559 2298
2580 2927
1712 538
1871 1842
2905 1439
172 2643
2254 2625
325 8
1434 2344
2766 1128
2534 218
809 1105
2962 1776
2319 1824
2639 1197
483 1657
1605 773
827 1325
1981 1046
2598 1933
358 2533
305 2731
1557 1395
487 2143
770 497
2204 683
846 2633
2676 743
1517 398
1599 2266
2874 2010
2201 1236
471 1683
2950 2223
2531 1305
140 929
2108 1416
250 1553
100 1524
788 1753
1841 2095
813 2398
70 990
840 1868
2684 926
2571 125
1372 143
2797 1689
2607 2013
330 1796
290 2342
584 492
588 1479
2155 2690
1196 1759
2996 1841
1593 773
581 1293
2215 283
2967 2228
1139 2606
2752 40
2565 1943
1400 2018
2011 1141
2776 369
204 103
1591 351
1009 1972
108 2824
222 2959
608 2517
1035 394
2438 2863
2232 2138
739 895
774 1228
2933 255
2307 2074
571 1974
1233 702
345 2499
2452 371
1845 1680
1261 2327
1695 2594
214 2689
2672 2902
1981 942
1644 854
2198 1439
608 788
1520 2584
2946 2172
299 1246
734 2698
845 2131
751 178
629 1053
1554 2016
1064 2104
1133 2022
1766 1101
844 176
267 438
1457 1648
1436 1545
2312 359
1158 2653
1873 2623
2911 1051
1235 2668
2273 1718
417 1265
2316 2113
1845 2886
1632 1250
2436 2763
2259 26
1376 176
773 2753
836 2965
396 448
2298 2663
2981 1571
604 513
2184 1699
1414 263
1813 2013
608 1553
876 608
1317 968
1426 860
2936 2145
1087 2420
2820 2487
746 751
1176 2895
2298 1335
2430 1253
1329 1894
2344 2491
679 1128
613 2584
382 2207
988 1803
2041 201
71 2813
742 2216
2515 2301
1950 243
1743 2365
994 2674
48 968
1033 1182
1335 896
694 331
955 490
2541 1080
878 2132
158 1511
2165 2383
356 2669
2242 73
1699 2870
2498 2984
1880 386
1843 2632
1948 1557
1507 1190
639 2835
2049 564
1577 552
1209 1728
2265 178
1216 2777
1896 367
2109 2651
2768 1274
1383 1179
2279 2776
2490 29
2920 244
2586 163
1560 2725
175 2642
2745 2772
391 2872
551 2820
1605 618
1202 30
1633 2024
1612 1822
669 2359
2356 2264
1605 220
162 2436
1915 2181
409 1629
139 2791
808 1387
2628 2809
1720 2362
1840 1391
2441 1147
2371 867
2179 1714
1728 701
103 2655
2483 197
2332 2381
618 2706
1552 431
1515 1392
897 1168
2568 939
2020 600
619 1740
2682 2198
222 2885
2995 364
1004 1328
371 2546
1825 2528
2399 2534
1138 71
1424 2277
1929 1768
441 1778
1369 661
752 1886
640 1898
1058 1887
1479 909
1667 2935
1484 166
1861 727
1089 2911
49 1946
1341 235
2608 436
540 574
2463 1611
30 2105
1592 956
270 1921
2416 116
2780 1131
2378 2727
2853 1248
104 1784
1682 808
725 1739
824 2761
2437 1233
926 804
299 2095
2127 1217
2475 1582
1072 1312
2720 2457
1066 366
2852 779
894 2851
1705 1774
42 985
774 2541
1127 2221
1010 2566
1062 1626
2587 1244
1956 620
1061 139
1529 129
1828 2765
1743 1836
2056 649
2605 2062
1057 202
268 1565
2310 839
880 1699
1303 583
2170 2412
660 781
427 969
2865 372
1049 156
1499 472
2954 534
911 2466
714 36
721 342
1469 2753
2316 716
612 1199
1946 661
224 2027
441 2365
2122 41
1558 2316
2369 755
1089 1677
1540 1663
2173 743
1501 1760
2175 2887
969 1648
2463 280
2051 2557
2415 2923
510 180
1460 747
2813 1611
2282 1184
2260 247
870 212
2373 640
1573 951
1396 968
335 447
2598 2458
2034 642
1893 2175
117 2514
2512 279
1650 1199
79 780
1014 771
2723 652
1835 1645
2096 2932
88 1342
1409 232
129 2697
177 844
2336 2446
195 2406
1837 2337
2414 1503
2261 2078
1759 185
2269 716
1844 2618
1696 2074
540 1861
839 980
2933 338
2740 1234
2967 1715
754 1693
2262 793
2108 476
2591 2410
508 2590
491 1932
1809 1808
1050 2946
2278 385
2872 1030
2616 1572
1785 1877
387 2291
947 529
2260 2100
2952 1644
1755 1892
1783 943
1430 791
123 42
1053 2645
842 1869
623 1287
85 2578
2423 1127
1933 585
2809 2927
1710 808
1269 1040
542 507
2480 754
200 32
2792 2237
1690 199
1414 1255
164 305
615 977
2908 2056
2018 1165
1377 1234
1222 1460
177 1705
2202 763
1241 2250
2983 430
1383 446
2111 2712
74 1214
1482 2869
1925 2758
1953 243
2971 14
1399 813
2840 2915
1260 439
1719 1866
1068 483
1358 933
986 479
251 1909
771 530
526 237
1702 2616
2292 634
1462 2180
2224 486
2636 765
2083 766
973 1577
2547 741
2157 2394
1485 1636
2838 755
1665 1955
385 1019
1032 1138
175 569
2221 629
167 1469
2760 1837
632 2686
556 2568
2880 895
178 2072
2718 1297
1825 1280
1544 1815
945 756
1297 2559
344 2530
394 2012
87 461
2412 293
2632 1940
669 1588
773 1333
2675 2654
894 2740
1678 2039
593 1547
2494 725
80 403
1525 2860
1618 1706
1103 2050
712 1079
185 45
388 69
1502 2364
2584 1672
324 2514
1568 2048
1155 2041
2388 2770
521 1941
1229 203
2502 2506
1099 2951
2268 901
2169 2731
1994 2474
749 1989
430 2788
1934 2569
352 1799
494 2183
1409 745
1907 257
1090 2812
893 1109
2338 2386
2590 1298
2564 2309
2096 972
381 988
1017 1243
2657 657
1868 2608
1241 1124
1488 2488
2832 239
1327 2208
1664 451
1887 2789
953 1295
2790 854
229 2908
766 1957
2828 2584
2072 1835
79 818
493 1969
2263 326
1486 1757
1853 1341
1911 515
674 1246
2471 517
580 1712
311 1551
1665 2981
1040 1747
1795 1869
126 150
1316 1882
51 2691
941 1691
1999 1653
572 1911
2794 352
1069 665
1336 1909
69 1802
2368 2010
309 443
561 899
1802 1692
1766 321
1346 256
581 1489
2754 2342
2500 1363
1156 1959
1251 253
360 2072
1837 2812
299 2352
367 2378
1586 13
967 2460
100 2820
114 1176
1224 792
2578 2741
2604 2260
1140 2148
2399 1786
1999 1101
1608 1060
2221 340
2665 2526
2919 2613
1463 732
2971 1138
376 2947
846 1583
1330 456
2208 2776
1056 1561
2147 887
1777 902
2660 2776
2237 1389
2093 100
1625 1771
2334 1207
128 1733
2132 1666
3 602
859 1245
2443 901
1194 2611
2915 1678
1060 2100
2569 1061
1348 2924
342 480
1287 1399
727 2374
2231 2708
2104 2287
2327 1350
2556 2818
33 441
910 2241
316 2722
1033 1291
256 2512
1243 972
1318 1416
1285 2092
563 2363
2113 628
2840 1967
61 48
275 1190
1354 2342
2882 111
1978 1863
1476 802
801 2071
780 635
237 1320
1701 2797
501 2339
877 1299
615 2944
1454 743
856 2393
215 1022
1298 590
1404 269
2674 2252
7 1930
2848 2041
904 1025
2616 1799
1381 196
1758 1289
959 809
135 2445
2009 1095
1213 2141
651 167
1048 2883
70 1735
1574 2526
2104 337
1242 652
627 1610
2619 862
730 1633
1688 2822
706 2115
2123 453
1169 295
333 2282
2371 2667
880 509
912 1730
2597 2095
143 1139
277 2105
2916 2071
2301 654
1375 1065
2349 574
1647 2936
1461 1225
2836 656
1708 2243
2181 755
2983 2949
2947 15
486 1988
743 2288
290 977
1083 1471
990 619
793 2384
308 815
392 1125
470 2167
186 2593
1752 2428
2325 2107
2541 131
2712 683
2530 472
2328 328
1948 1021
2158 743
2651 1022
794 1073
2717 623
1567 20
1256 1062
2200 2272
683 2439
967 2957
1419 2838
1795 1994
761 2721
103 27
819 624
1260 872
901 2578
2474 178
2194 401
494 1519
204 81
1626 2604
1054 684
192 1900
2188 1381
424 1659
581 2419
1116 906
1563 1147
562 796
2510 2768
1571 1365
2523 2673
2161 2286
1146 339
953 467
297 1875
2475 628
2883 736
705 1788
2933 702
2456 1121
2965 2876
72 661
1788 922
735 2188
2437 342
2815 2159
2585 2779
2572 1061
383 1978
262 1298
2314 1848
2813 2839
1613 2675
370 655
2842 794
1322 69
299 1092
2012 1724
2001 2707
2776 2596
2223 523
2311 1319
866 1887
1939 987
2074 365
2008 2543
2149 674
852 1379
2595 1394
2402 57
1863 374
1486 1753
1324 2788
217 2628
1209 1005
1053 2170
1995 384
192 1237
1169 1772
2340 2904
814 887
450 439
869 1723
2623 1265
654 2872
1126 1849
1844 311
2164 1732
902 936
378 2627
547 1782
49 380
1439 682
1067 2535
2845 1744
2985 487
2162 980
2698 2954
1454 673
1050 242
657 403
2438 1161
2887 2381
2534 2197
2638 1330
2497 2782
2839 2610
220 2324
1114 1324
2547 1926
2428 2179
1969 251
1761 749
2341 747
2746 1416
1357 625
661 2402
342 2306
2656 1413
175 2149
2846 2542
221 752
1584 1346
469 1293
2266 303
1391 1903
259 353
1604 2006
1226 691
2881 1515
1928 750
1065 924
776 2831
2931 215
2962 212
312 758
1587 1678
2982 84
2001 2325
2715 888
2951 202
1081 2561
2600 1106
2553 2798
1754 1607
2583 785
1113 1995
2554 2770
1424 184
2518 2132
393 1518
900 1441
1795 1023
2401 2199
560 848
467 2072
2326 298
2276 919
2862 1768
360 297
1259 478
1608 2437
1362 141
1983 1947
854 2466
2559 1075
1119 1597
628 950
1029 133
893 1274
1973 1402
2154 459
1923 2996
244 564
2419 1610
2419 2781
2614 771
2555 257
2106 368
818 1132
1076 2098
2991 1211
1985 1415
1657 1796
1658 279
658 635
411 2866
1347 1722
671 1341
1184 671
554 1368
2740 2019
2828 600
2407 504
2828 1910
309 914
1017 1691
593 187
1450 1588
1668 47
2703 1638
179 2816
1208 1609
1426 2353
502 2767
1995 2840
1722 1458
1894 2969
2723 2039
1880 774
1646 2195
2641 1173
2998 2163
365 2212
1060 2939
220 1722
1032 2079
2521 676
162 2824
2676 984
2340 2802
529 1019
167 1067
2440 1142
636 612
304 1137
113 2833
503 1271
1773 1908
1549 2142
2989 1133
2235 824
1752 2805
2855 2953
787 36
2518 2765
1343 2168
2880 1447
300 2577
803 1510
2239 1775
746 1897
2147 2043
1559 826
1861 2575
80 2152
252 2167
839 2865
979 834
1926 857
2554 2759
226 2498
1964 525
1048 890
735 48
969 2299
1299 2917
1198 2210
1348 2683
1831 706
667 77
2482 1435
738 1787
2055 1067
432 2340
2117 808
2586 1403
1579 2320
1106 322
2902 2098
587 27
2208 2581
643 2481
2671 1989
2674 695
2306 2786
2697 584
909 2872
195 2123
1803 372
770 2256
1043 2119
2377 1745
810 776
2428 180
260 548
796 793
2414 1288
1517 2922
2283 2343
1313 1493
400 1650
1340 1808
775 1348
2581 2615
1329 1534
1339 162
2112 1481
1834 2404
2716 967
996 401
2912 1375
97 1869
2048 764
1866 1570
175 2947
1179 1216
2563 1500
2159 2880
2853 176
1689 189
2515 2215
301 2323
2015 2853
1867 2804
337 667
97 2439
1609 1994
1249 2125
863 1885
580 2088
2113 724
970 1628
1066 1751
2122 2220
2701 542
248 2288
2915 1914
1892 432
2208 1688
1462 1968
1989 2032
1904 433
334 2589
2864 1595
1539 2473
2478 2358
716 2423
2102 2342
152 689
236 1186
675 1885
996 1899
639 774
2819 699
557 1840
2182 2121
2599 2556
1037 628
564 2126
585 774
988 1257
2379 2384
1219 1262
845 176
708 1644
2393 1112
2372 556
1923 1980
2265 1972
2481 1665
1759 205
2289 592
256 105
481 299
520 337
41 1310
349 1975
436 587
610 1254
2128 1715
2000 1762
1468 2578
2804 2786
861 2413
1053 2031
338 2515
2466 2713
2630 1120
2136 2040
504 37
1068 697
1021 2837
917 2396
2788 1668
643 2228
232 2046
773 638
753 947
2430 2966
423 997
710 168
818 507
2344 1906
2287 1643
1466 1260
279 2131
673 45
641 905
2214 138
1072 2865
2431 180
1533 145
1188 462
2603 766
1097 222
1829 2858
2985 1810
2955 2430
2205 2196
2799 1108
2074 1356
1827 424
2850 1378
2810 2604
847 145
239 2559
534 490
2831 1534
474 2163
5 2494
81 1276
2981 1727
217 1134
1582 400
237 1178
494 2655
687 1038
1122 1321
1322 943
1445 758
1287 800
1603 2426
2009 764
1632 1300
1357 575
1668 794
1750 796
2565 96
1859 2579
213 1445
364 20
208 359
2588 3000
1912 93
336 2703
449 604
2868 2609
1227 1060
1030 2486
2825 957
2109 117
2779 1576
141 391
1986 2460
915 1800
767 2125
123 1475
744 2284
859 2901
1924 1901
2621 2875
1213 2188
1772 1032
2941 818
2001 766
2396 1436
1657 1697
2563 387
2968 2436
2465 445
2468 1773
2102 2691
1782 2976
2331 2057
1169 527
820 2152
1816 1848
1302 1939
2279 2444
970 1348
716 2386
2804 2174
2665 2087
1778 857
392 688
2344 1359
1455 2492
454 2741
2002 37
2656 1284
380 977
2933 1577
939 1685
2958 1279
1579 2240
1391 1811
971 58
540 2182
2506 950
54 2331
1879 2495
1733 2751
356 1831
1663 1658
2222 1127
1021 384
1675 2694
856 368
540 2326
2060 1988
2195 2846
916 2256
2189 1184
2761 2877
389 383
641 992
2155 2414
468 154
832 2084
1374 1609
1338 1027
1051 298
2559 1931
1668 279
857 211
822 1397
2243 1796
1992 2279
159 784
2766 1469
287 1581
1574 2224
802 359
1294 707
1176 1705
1296 1532
1864 1678
1393 2368
1942 749
2938 1933
2359 429
157 1980
535 1583
2282 112
302 2851
2375 761
2316 2213
2564 631
1816 1783
330 2433
2084 287
1266 1467
2532 582
2397 213
1743 2895
824 2907
80 2817
215 1283
2256 1660
939 1171
1853 2641
117 923
2721 1692
2371 1199
1508 2455
842 896
1677 273
537 2935
2214 872
897 2724
2959 1321
1733 841
2310 1622
2208 314
205 2412
788 1775
770 181
1770 431
2633 75
1638 1156
702 317
417 382
854 585
2926 1973
39 676
1659 1973
20 991
550 1670
833 2607
1040 2861
372 280
2685 1479
2864 510
1445 1418
2819 1303
1987 2223
2652 2372
2578 2679
1771 1981
1309 851
871 1846
17 2130
2984 794
980 286
1114 1115
564 1349
2764 456
1222 1997
2045 47
2724 983
642 520
2915 1166
2265 663
1367 2227
2165 383
1507 838
2221 941
121 871
2779 852
50 1716
2314 821
1392 1054
1815 2321
1152 1710
2661 35
945 265
901 771
1154 497
358 2218
609 1126
2061 2224
2967 928
2595 2224
1213 2976
708 2459
1535 2771
2815 2874
1125 307
2530 2077
2801 1401
1497 2518
2967 2623
2912 2151
693 2765
920 2265
2661 268
1541 2703
749 954
455 2935
970 1416
2382 1895
2643 1450
299 2272
2928 126
1579 1010
1454 2412
47 367
1243 1791
833 2714
2615 362
1537 818
436 1807
2964 2095
2330 1496
900 2299
2184 2140
1926 849
823 1502
2212 2642
2102 2341
965 2869
432 2619
2477 1745
967 1719
1570 1052
959 705
400 378
2917 1930
831 2611
2109 1794
2350 1616
221 1982
594 974
1982 797
822 1367
1145 1394
336 180
2489 2573
1149 1771
743 701
372 1288
2609 2951
1228 1910
2682 1665
2820 2048
2216 1736
2405 322
464 484
1705 2857
897 550
2214 1994
910 740
2398 85
171 559
1062 1728
2488 282
1388 1808
2625 1641
195 416
2853 1808
742 1401
2674 74
2564 2457
586 1805
1761 2396
1579 2457
1643 1937
609 1812
2303 678
1229 1596
365 1999
2355 2093
643 1859
679 732
1694 783
46 661
481 2432
1014 120
2041 2187
1255 1418
683 1253
1920 629
922 144
2338 317
1589 2920
2260 2868
2777 1658
1748 2625
2881 1157
2417 2360
492 422
1380 508
545 1741
2166 2390
1681 1410
460 1286
1106 83
1282 1781
1917 1490
415 2166
2984 2088
213 1077
2611 2985
389 2001
1281 565
1732 1738
1689 1649
573 2148
1277 162
2568 1110
2253 527
124 1635
1302 2313
444 1258
2950 1121
1914 2481
44 851
2453 1642
214 1480
1868 2202
603 1717
2060 568
2245 1892
2747 970
2112 2396
1457 2176
1777 2922
783 1338
1923 698
1453 408
905 871
1615 1626
1384 2726
908 304
2801 148
366 384
1162 654
2725 1779
2272 944
299 1179
10 1542
1120 2705
17 1685
2826 1102
2857 1696
2563 2911
2567 305
2994 1118
641 769
972 800
2441 823
1073 437
2604 2254
2023 1067
717 1727
350 1065
2961 2012
2237 1175
2252 319
1574 2665
1798 1065
1213 2992
1646 2266
994 2666
799 2743
1194 1678
2770 1315
2854 2761
1895 2775
851 415
420 1343
2967 2816
1336 2880
1995 1912
848 124
2491 1476
1699 2505
822 1802
2822 2784
2783 580
1035 109
678 1257
1841 175
719 331
1721 2174
134 994
2395 2449
410 1508
779 2197
2733 1915
1934 293
1807 1088
461 1744
345 702
2135 2769
2949 1215
45 2050
2440 2173
2301 112
1453 2567
2735 1336
41 2169
1086 1784
1047 1382
1598 331
207 1490
2878 1281
704 1382
1640 707
30 2041
2169 2215
299 1087
163 1291
2831 2868
1722 1905
1825 2421
2746 961
1506 1535
1402 845
2054 1019
1139 752
2859 2626
2921 1413
1603 1614
2602 1328
783 1915
544 367
2612 2067
156 412
2686 352
2741 907
1908 855
1933 1731
955 568
873 1364
1165 2588
2170 2670
665 537
764 265
354 307
2331 1077
825 955
664 1631
2618 523
2920 510
2635 1722
1212 2065
793 646
1438 626
2964 1631
1227 849
907 2941
681 2095
2391 94
1501 2770
2885 324
2820 2909
2646 1068
1797 2964
1867 132
2546 1593
648 2573
2637 559
2696 2420
2618 362
817 467
854 188
741 1611
2763 239
2674 1844
2117 2121
311 872
1249 532
1570 1938
1470 410
1751 2305
2471 2737
639 1640
2869 820
2950 2360
1727 1397
801 362
2001 2839
1362 1440
1923 2276
756 425
2598 733
2092 1027
2962 2822
166 1641
70 952
2302 229
818 168
1724 2793
685 344
1727 1802
2488 868
1385 2302
1382 1260
505 1986
1567 2714
645 2147
368 2227
2989 507
1360 2516
2686 309
1263 57
745 1913
2252 2039
2369 349
1524 369
2308 1367
2889 2702
1640 2982
267 1316
1563 1117
1410 2209
194 796
74 1997
2218 2472
2366 2352
2874 189
1468 1525
2546 1382
1571 291
302 626
368 587
322 1785
1706 2559
2645 2578
2268 2107
377 2046
538 1285
1153 1466
2127 1051
1376 1504
120 2798
2629 951
1355 2437
1152 1182
2835 1882
730 495
2319 2739
276 1237
395 1225
2713 1861
2645 2829
35 2196
205 1045
1950 1613
110 1577
665 320
2996 2796
1310 1742
174 1029
2611 2219
1798 1374
2449 2266
854 365
1516 1704
199 504
649 2150
1327 2509
1928 2375
1243 224
2484 432
340 1815
589 2129
2757 2218
2432 841
1575 2837
918 1991
121 226
592 1947
1098 2247
505 2578
2897 2613
344 2315
1584 2473
113 975
2132 619
2702 2641
1434 148
2155 107
1028 2836
2924 1389
1571 2937
1651 414
502 1072
341 1718
2012 318
529 326
1036 2825
2228 1591
2250 1444
2935 2322
2916 686
2361 1211
122 649
1648 2985
2277 1666
1748 1644
2386 734
1418 1148
2653 282
2283 1420
950 1640
2562 1415
1980 37
19 2355
2001 880
1610 680
825 1430
1115 2748
2952 1016
624 1934
1010 1277
1367 567
2833 2013
345 405
508 613
286 557
2524 1962
733 616
311 1724
1900 412
1950 2225
2666 1903
1890 2339
2059 2857
2588 2944
1507 1657
1652 2519
722 2924
305 980
829 2362
917 1455
1122 901
1227 2824
637 742
1705 2259
2695 2442
1418 183
1981 451
2512 616
2428 939
2458 335
2375 2654
450 104
685 578
1513 1393
722 2320
2819 2998
285 891
1003 2170
926 401
1516 439
2187 993
1614 278
1879 2137
1619 2784
1028 2383
120 551
1631 53
1600 913
2718 185
2417 2227
752 127
422 1870
1600 1002
533 1401
2937 2885
1075 903
2263 1428
1455 388
715 286
2676 2621
1778 228
106 1374
54 595
1301 1092
2597 2423
2694 1642
2122 2912
1016 2856
740 2079
2090 2029
1660 1540
975 1937
785 2626
2414 730
1698 2320
755 722
2915 2400
380 1961
98 2458
103 2592
150 362
962 74
2366 854
2137 2555
912 211
2188 594
137 634
626 12
2236 748
547 1478
2947 16
1016 2726
2852 2
616 2947
1870 1388
1674 2947
1290 2641
927 1534
1372 220
1442 1670
250 1095
895 1763
150 1603
233 2234
2787 871
1054 1722
864 2857
1442 2670
576 11
982 826
107 32
992 2102
1057 39
1355 1435
225 2872
415 2361
1896 1212
2638 1946
651 2559
891 2469
2704 2462
1422 2337
1137 1487
790 1163
1555 2415
1507 817
686 280
2665 539
2114 1703
2708 1037
2745 1048
1172 1790
2434 310
2163 634
2080 449
2235 1024
1598 113
1933 2548
643 2263
672 2524
2759 2992
2850 2229
2846 947
849 2312
565 1461
442 2989
2114 1172
2732 160
1344 1954
1763 1799
2210 1358
260 2004
1367 1854
1459 2713
1813 1222
1460 1858
1689 193
1810 41
1637 2438
1698 1518
2678 787
2872 2122
1652 539
1377 2164
2822 1590
1070 1115
341 746
483 1881
1551 1217
581 2065
1748 74
2809 601
2413 699
1392 2359
719 2340
2763 1690
2821 717
2375 613
443 1727
2208 1825
2701 2246
1763 1907
2787 558
1586 2559
2299 381
1428 1712
1473 2455
800 991
667 2699
2304 2174
598 976
321 2448
877 11
1808 2084
1314 697
47 1297
2148 2641
23 2981
2562 2280
951 2064
510 1615
1102 683
2933 1078
2839 1607
728 1633
89 536
2133 1609
1998 1916
2890 538
2478 2064
2619 2964
2101 2825
773 1578
70 2640
2523 1494
316 2610
2932 1064
46 2561
1035 753
593 33
2096 2137
2198 681
312 199
366 1717
2748 1517
212 1546
2018 1012
2793 551
2645 108
2520 83
157 2744
1651 1158
1157 2637
439 1603
407 308
1574 469
1706 446
2705 2691
2870 347
608 1371
2656 2843
312 1392
397 707
1067 2668
479 750
651 1095
920 649
745 540
1098 2234
1840 2038
220 2774
652 845
1172 2861
2707 1957
2177 410
426 2734
501 1754
1941 568
1464 737
590 2294
1999 1449
2907 850
1213 1553
1301 775
689 2266
814 1800
1687 206
1269 2776
1389 665
2211 2999
512 1938
2356 2728
1939 498
561 134
2305 2354
2543 128
1743 1128
1936 2930
1084 1711
1195 489
2918 2814
1982 1614
1799 2136
1050 1827
2437 1596
116 2205
2953 354
909 1900
1555 2239
784 1588
2643 767
1454 2989
1296 10
176 2423
1820 1405
1899 2744
2437 47
1845 549
2564 2421
2720 1964
2358 2632
2240 2488
877 1906
1725 700
27 1626
1521 1835
867 52
2796 1111
1769 2105
54 880
2533 2747
2996 346
2255 1770
1911 1697
1751 106
2399 1253
2081 2106
631 1881
2780 1405
1182 524
2786 1272
1231 1583
270 1593
2154 978
1677 235
1513 2457
1522 18
1100 1665
909 1552
872 2623
1246 2921
2130 2866
27 864
444 1430
782 1343
1539 692
886 2279
638 2663
2456 117
1660 741
1882 2393
468 2731
356 2883
1815 43
1472 931
2246 1120
522 715
2802 2778
2456 633
2048 327
966 303
2662 2116
487 2973
505 657
397 4
1662 250
2876 584
1565 1969
1038 538
1824 1338
2933 1373
2551 817
1733 467
2538 1958
1780 1570
399 1695
346 1767
1866 2816
1189 2807
1399 2864
1895 31
2522 2764
689 289
2835 2421
182 479
621 1869
2129 2770
1213 2471
2653 2809
2636 2864
2860 420
1366 2362
1449 2467
2043 2705
1011 226
1313 2074
2861 1648
2766 159
701 305
2674 2246
102 706
1581 1739
1144 1877
2308 487
2440 680
2327 1372
123 2586
2558 2017
947 728
2553 665
1224 1002
531 808
1425 1301
2605 2903
1722 2254
375 1727
2325 930
2012 2586
2281 1724
2341 1924
2485 669
2661 698
1958 742
736 2533
1017 1710
1599 2148
1965 1925
2059 785
1597 2168
1910 1442
893 1431
808 1625
354 2855
230 1334
2669 1479
2223 2125
2745 1121
486 1972
2982 2437
18 1360
1883 437
1215 2962
119 2133
708 743
1480 1144
1819 880
887 279
1025 2664
1002 778
2990 2043
546 2061
2142 2196
1555 178
1991 1597
721 1546
944 2245
1358 2398
196 845
1021 1854
103 320
2734 2895
2150 2731
91 593
2581 1903
1834 350
576 390
1118 1893
2377 2626
1698 424
2732 2528
504 1848
487 2983
794 509
2222 2348
2702 1285
2844 1179
954 2349
820 830
1870 1615
2741 1619
1394 945
1463 2243
698 1383
1322 1465
2284 1005
700 2364
2198 1189
1278 2549
64 2467
2319 37
87 1882
950 1483
1313 283
1497 2310
1651 1408
2763 1426
1888 1335
277 921
1821 1236
1720 1268
1527 362
411 2659
2420 144
1561 398
590 1670
976 1906
1644 249
2701 1905
2049 62
2632 2858
1352 1426
1328 1094
2353 1392
1314 1080
405 2201
404 93
484 221
2988 20
2486 2484
1709 422
2527 1387
1607 846
2548 2289
230 2784
979 1384
1313 1307
2654 1320
2850 2041
2195 691
2503 2789
609 2098
1359 1852
2632 2504
2077 1473
1665 278
1676 463
254 2581
1464 105
470 568
2916 1274
2081 202
2364 452
1066 1256
117 571
289 2491
2453 1716
1092 1334
2577 272
2750 1890
767 2394
2357 2684
2245 1606
1075 2679
2721 1482
2538 1588
1379 873
1575 2586
2070 1364
785 1389
1800 2532
74 2140
230 227
2919 2228
534 423
1588 795
1354 638
189 1871
1031 2803
2842 2939
405 317
2235 889
1894 2286
2663 1265
1330 321
2955 1695
1331 123
2122 830
2040 180
185 568
2861 1310
1856 705
1667 136
2438 1592
1901 559
1524 1033
2869 2813
2268 923
2009 1953
447 25
451 830
1457 878
40 1946
2964 512
1120 2952
1114 728
2817 2697
319 128
70 1611
1804 2853
878 2621
2302 2312
1385 2592
2933 2242
2417 1972
1060 356
178 1858
1631 3
587 207
1764 1275
1607 1839
1670 684
185 2304
2988 689
520 1218
2792 2123
2221 2840
468 315
2498 892
2568 1474
355 802
302 511
1635 755
1869 1718
1308 1055
1224 1759
647 1037
2271 1630
2064 2837
2049 1249
866 2059
1152 2200
2822 2414
2226 2103
172 1456
1265 1091
2739 1503
2868 2420
437 1069
2615 2105
542 1683
581 2957
1030 1446
1199 645
891 2008
1230 543
1728 2953
550 2865
172 674
1127 1028
807 1304
2600 1702
133 2137
123 1035
778 1878
1487 2559
1843 548
1566 122
561 1611
1113 1605
2912 2218
1578 2826
2261 2813
2081 1264
802 1536
2898 2436
1876 2383
1246 1576
2885 1957
2081 104
1614 152
316 2794
258 2835
2125 689
2805 2789
131 308
1017 1892
1560 2418
2301 2693
2920 1295
1444 1656
186 2635
231 1191
488 2920
972 2600
182 2215
1358 1102
2806 1533
2344 2604
1752 86
2336 545
2528 443
917 771
364 1793
1340 1609
1952 711
916 209
2515 95
495 83
2709 1943
1430 2069
955 2739
2525 463
2091 2910
1294 44
1855 2512
704 2692
1553 2096
1362 1445
2729 1644
2058 774
246 2927
2885 72
1393 311
2669 271
1863 1582
895 2250
1752 1389
2070 681
1098 2008
80 199
1874 2574
2083 250
352 1524
1948 2648
2470 2559
608 1003
1844 2284
170 1961
588 16
2031 722
1455 2751
808 2081
1432 967
332 2746
2343 181
850 2885
587 1372
2534 948
852 2435
1381 2182
2177 429
1787 2910
1953 2490
2469 2099
1062 2579
262 285
2235 676
1618 335
892 154
1007 1150
352 1116
2234 1687
1154 1563
214 1280
659 178
862 2167
16 1709
2031 2347
2033 1574
2839 196
1755 1937
2137 2308
349 768
7 368
2678 2134
1188 2030
2645 1307
697 1250
2337 686
347 292
1846 423
1319 1657
2066 768
945 1187
2004 663
488 428
557 151
214 2968
875 104
587 1800
2743 1977
1861 841
801 80
1009 2768
1653 144
2862 1135
2586 2497
1419 314
246 1204
250 1937
1046 2306
236 2580
1217 2398
1281 197
23 1951
2016 1262
1368 420
1055 821
1198 716
2715 1862
213 2496
1223 77
1837 2287
2095 2659
295 1878
804 912
2412 2835
9 2200
1037 2964
1677 1943
2230 2627
2651 2067
419 2319
192 2490
820 1971
2607 732
2795 2656
2013 2881
1560 153
931 955
1424 37
539 1077
1751 2124
2351 9
1759 2323
107 825
1877 278
2861 708
319 549
1809 358
1174 1568
841 263
132 383
1952 361
1718 2880
388 72
651 1683
681 481
131 1257
1850 2138
2421 2150
154 1976
2807 1352
2967 1019
31 1523
422 2958
2150 1411
1838 750
2142 1986
2088 529
2486 2111
564 2634
2180 2443
808 598
1456 2856
1337 157
2806 1909
290 911
1278 2128
190 2431
629 1347
1582 14
1886 1044
1295 1633
963 670
623 966
2721 745
1321 2861
826 519
853 1375
79 707
1078 613
2958 141
2211 1512
2448 1697
1534 2608
461 2256
1953 1921
685 2930
777 201
961 783
165 297
2851 2687
2749 1117
1989 2478
168 234
2728 2711
506 431
1872 984
53 1363
248 1757
698 883
2263 1899
1150 1455
2102 1287
652 408
1274 1820
792 1257
2079 1949
2984 751
2999 1223
1080 2438
43 1597
955 412
127 439
1963 2247
1331 1851
1028 1934
78 2501
2975 2086
472 1961
1474 673
923 2762
773 1938
2596 2553
1046 197
2150 2290
247 2854
992 1562
2602 371
713 153
386 2702
1248 2949
1960 862
215 1686
2449 2693
326 1650
2816 1038
433 1940
2909 732
1573 1954
2185 2000
2382 2310
2952 1380
2391 736
1393 2636
2823 2485
2840 2037
1598 1060
2080 2902
2296 2556
2603 314
2571 2888
1644 1318
2266 2890
488 2161
1843 1608
2290 2881
369 575
1701 1617
1237 534
2838 119
1679 989
479 348
2674 2445
166 1948
1925 1014
2751 1217
1172 2325
1947 2568
1446 634
2878 2186
2531 2665
2318 2776
2734 1628
2533 2018
1619 2504
1762 2222
2035 2314
2480 2916
2997 1192
1376 498
14 292
1031 1754
1923 588
344 896
1373 1735
2499 2908
2875 582
2695 72
988 2490
129 223
343 717
1532 492
2451 2181
549 1748
1819 419
2274 2731
2384 356
1921 732
94 697
1614 1809
312 1458
2797 284
836 2343
1600 132
777 1059
1671 1933
1551 2833
1971 1098
2546 2965
944 392
11 1348
1741 709
227 2177
1476 2995
1401 797
1259 1877
1473 683
2484 1155
97 1877
1799 2580
1584 284
557 2046
28 1579
1479 1059
1225 1481
2053 2047
1295 1665
1952 1402
1275 1804
619 884
2612 488
2698 2097
375 1938
876 236
160 875
1062 353
1675 2923
2295 1539
2756 2164
2027 1780
1748 141
2487 1377
2175 1266
388 2089
2132 435
2683 2650
767 1823
1803 1555
50 2776
651 1230
1995 1103
1874 62
2248 1260
2155 2677
1858 797
1995 1764
2387 2742
1531 2694
2702 1741
682 2453
2834 2853
1819 549
713 2025
946 881
2442 1436
821 637
521 1708
1720 1613
2378 1919
1250 1182
1863 939
2963 1468
313 1642
2846 531
2938 1093
1831 2580
2675 649
2901 246
1831 1546
1580 13
1066 435
1032 1331
1190 2448
642 410
1867 1649
560 1950
1799 2405
1236 1799
794 2778
1306 1698
2063 2190
2871 55
578 793
2842 208
2054 1914
771 1071
566 1188
2459 529
2790 105
1501 194
3000 2180
164 156
2472 2217
859 2350
2892 158
1619 2619
2790 1357
1051 2412
2776 2042
2412 2071
1014 2447
752 1226
1904 682
2878 371
2858 1248
1126 1146
2693 2517
268 2288
361 696
1141 1362
956 1068
1320 21
1150 2257
71 1288
739 1998
994 1687
1783 884
2681 966
941 1700
2368 1130
1175 202
1919 2003
2517 839
256 2676
2853 861
1495 1571
2169 1834
1366 1689
2254 105
39 2556
1526 1150
640 1455
950 2093
431 1566
2470 1464
2493 1978
49 2415
1951 2816
1115 1114
799 173
1635 44
2136 1676
2953 660
479 1139
971 2727
2267 1414
1464 1674
1078 460
1916 1869
586 2446
1944 2285
1589 2297
305 1768
512 1198
2915 490
674 1534
1565 687
744 1285
2820 1861
1881 2090
1544 2154
1422 282
1446 1153
1861 668
1250 2987
267 1599
2138 1752
399 1131
2550 578
922 323
678 57
1441 1653
2352 1128
1305 1
2041 2097
559 2980
1814 2256
2917 2348
420 2927
1528 1963
2877 2597
2784 2416
2665 2815
2361 298
2735 952
860 2406
15 2256
720 2346
2771 493
1751 1487
1173 189
1959 478
1249 1082
1996 572
2660 1458
460 797
81 662
1026 2284
2198 1297
73 2477
2845 2362
1479 1045
2589 1275
2523 867
1566 173
198 2326
1376 2404
1520 319
2934 666
1881 1869
1458 1770
1267 494
1477 1914
806 1622
1429 1804
1341 1200
2831 798
242 1574
2755 2733
2145 2180
516 213
2333 1851
1854 834
2820 2852
2421 393
1689 2964
2825 2049
591 2308
833 215
1465 1114
2980 2670
2210 2938
2892 1685
2347 496
1553 2578
1500 713
2494 190
1131 2069
1494 2180
1062 2636
137 955
2209 2244
586 1406
2187 640
251 836
2210 2658
2274 1795
2161 2818
2171 2631
2802 2177
1693 1803
2031 2506
540 1028
1468 2241
652 2008
2416 774
1205 663
76 1031
1682 1285
2755 2840
1904 118
2623 2259
2523 2752
2418 277
444 2469
940 2659
1365 2016
2570 1977
1352 1678
2184 254
1643 1797
2366 2580
187 2952
2720 2024
1874 1718
1290 2660
1195 2547
2613 2260
1245 1019
635 1492
1946 277
2547 2045
2010 927
2427 993
986 1250
2701 1182
2873 1822
1279 211
1268 1300
492 694
2598 2636
1400 723
1249 786
2421 2107
1737 1886
1674 44
56 2213
2016 2229
285 264
139 2148
1393 1591
581 961
364 14
133 1717
1411 2510
683 2538
914 2672
1006 1367
1085 2480
2944 1666
138 1585
504 2039
891 1632
869 143
152 1780
1003 2783
399 549
1289 1013
1231 1334
1985 906
2534 628
1392 958
1823 1684
2882 996
2091 2535
1504 2519
2631 25
1178 612
2230 2786
447 2276
1998 933
380 2832
383 867
2748 777
373 607
1913 393
563 832
2444 2380
1957 1890
769 1616
220 1883
736 1752
687 2768
1861 484
2944 2170
1104 2700
90 1729
2532 1914
1307 1425
2659 1039
602 2118
279 1882
2741 864
2506 1514
462 1997
2632 2306
1507 2297
2602 746
2323 2524
478 2127
12 2609
1363 848
2354 2015
517 1325
1425 1333
319 1110
2843 1701
1411 2786
1964 2642
1463 1487
1632 759
1720 2131
2821 1501
587 1043
1310 2896
2839 1352
167 514
2716 1496
1336 2667
2932 965
455 726
2723 966
184 1764
859 2159
1923 1561
403 2289
2476 2089
2166 1568
102 2449
2229 996
100 953
504 1094
1174 1936
2210 2190
864 1272
2740 212
456 2116
253 167
2562 859
1947 1907
1145 298
1138 335
2856 1245
1272 1818
1926 2123
1057 1819
1807 1913
2633 783
2546 2256
2971 868
2364 510
814 981
2532 2749
1662 1474
1444 1276
797 1685
873 2783
303 1256
1193 1258
412 1750
2669 1979
2657 1934
1079 2715
1862 1430
804 859
845 2297
1208 178
976 1066
861 1575
1635 2751
2733 749
1586 2319
154 2605
2969 510
473 219
919 1160
837 2987
2899 2753
436 2525
1212 2310
1335 233
1724 179
1007 1963
874 310
904 1121
742 680
244 932
2571 214
1805 161
2611 727
2003 2192
550 181
847 1825
2405 2617
520 900
2624 1058
1627 94
795 1901
1948 623
1802 1085
1345 2507
2091 865
1477 1883
493 1172
1071 2562
1788 75
1397 2363
422 958
1818 1952
922 803
1966 2832
2963 104
2758 971
1232 1200
2351 514
549 2423
834 111
224 1452
1829 180
423 1647
1275 2096
525 2570
665 1011
289 2969
2994 1266
48 223
2229 2278
1295 1535
1180 1133
517 2448
2313 2752
1937 2217
90 2198
459 1759
2550 655
906 1224
2446 1235
344 1843
1487 2829
2269 495
276 700
2151 671
969 1639
409 2276
2900 676
2370 1143
1504 1228
899 1796
2649 492
199 2988
1514 1618
2732 2242
1298 1825
2913 1416
2158 2570
119 1314
753 2528
1360 312
411 2984
459 2811
309 1322
2826 2765
848 1528
525 2038
2053 932
1416 1564
600 1913
1392 1758
2423 1649
1749 2408
1415 2085
1374 1534
2653 66
1225 1296
1478 526
790 2673
1074 2323
1566 372
104 725
245 12
631 526
300 733
2629 1123
163 602
252 1820
1903 2051
234 1557
1008 277
1290 1902
1491 1738
196 2801
32 2862
1959 1874
748 2467
201 1849
1424 335
2970 883
743 1762
2685 1037
917 2695
2830 2820
567 1335
1881 817
1053 2806
2056 2106
897 827
1898 408
2087 1519
537 2503
2397 625
2476 840
2539 2750
234 1584
791 831
2728 1978
2985 2961
1100 855
2471 1902
131 1508
399 1820
2075 1713
210 2742
610 1480
1176 2881
2641 2481
1777 572
396 2743
1123 575
1394 1825
2484 1310
2856 2394
939 512
200 640
2599 2378
457 2528
799 1552
2092 902
2763 2649
1762 2470
1338 1489
1730 159
1508 1133
122 1366
2585 1159
101 1739
2949 2215
1039 955
2599 945
2830 2018
475 2075
2006 1438
2640 2272
1344 760
938 2394
1232 570
143 1120
2620 1613
960 2193
195 1286
1383 950
2375 1531
1425 1334
1512 2691
1070 836
1901 2292
4 1966
1089 1800
26 1465
1191 2917
1945 1273
2226 2640
2581 1318
403 1409
370 2857
1068 2382
2120 2386
102 2465
2757 2439
233 1322
1022 2223
1525 1243
324 313
1261 1666
18 72
647 1619
2725 1589
390 2887
1232 914
2123 2619
585 701
99 2370
604 1723
1948 2637
1327 1977
1947 1893
1277 341
1697 832
223 2043
2579 2697
229 1437
328 2341
1463 2164
1800 2807
2208 1997
1917 2228
190 659
1926 998
2636 2179
99 1801
2371 1900
531 753
1548 2349
1822 372
182 1423
1898 1561
1746 2182
2742 217
591 1429
2975 105
2991 2533
1646 370
2762 2641
1651 1470
1736 1651
2844 2522
2368 1275
430 591
1215 2820
1815 2113
2830 2295
2791 459
1852 14
2005 1513
2379 1427
274 1007
1555 1955
1222 2942
1711 2287
834 380
2540 1296
1387 529
2198 606
1082 2477
2335 2137
2685 824
1388 1196
2274 2264
1005 1685
836 1784
874 2339
220 2253
2807 1135
894 2930
2437 1211
2138 410
119 512
1542 624
661 2572
1359 679
2794 577
1185 1923
804 1736
800 2868
1546 2225
1145 850
222 2372
1904 1726
498 2025
543 2731
1597 117
2529 786
1510 213
452 678
1727 565
705 596
670 1418
2791 1879
455 2472
2180 510
2174 203
231 563
2853 793
1545 944
924 822
1574 681
3000 2046
2344 2185
2304 1228
1015 1994
1120 741
2735 1564
1331 2212
713 2510
1140 1473
2174 2128
2546 1683
414 685
2671 1413
552 1337
2023 1237
964 650
1108 552
2695 218
479 2218
2704 137
1077 2789
1940 2335
223 521
2251 873
2161 853
1690 188
2637 1762
690 1162
568 1134
1302 1310
2834 1462
821 1709
1841 434
314 1634
933 2920
2530 46
504 361
2389 88
1995 924
1448 2094
962 701
930 1308
2451 2413
1999 1844
2190 1708
134 363
1835 2144
1605 230
779 1427
862 1610
1568 1873
2888 2633
878 2679
2271 1997
1527 1220
907 1898
498 2712
1263 1172
2730 1700
147 2961
28 2765
1271 2879
1952 278
1904 622
45 2971
1539 2715
328 2038
1604 157
1951 195
1491 1084
1014 577
1016 1324
463 429
2984 2787
258 127
1257 964
771 307
2593 742
230 636
1413 2114
2582 2154
94 2627
1943 1134
1941 2994
2229 1992
2265 2037
1438 2913
1925 2086
453 1987
2686 1753
484 2708
715 2955
2377 2861
1419 2278
2006 2216
298 2084
2375 1507
2650 1029
1218 430
150 2651
1767 1098
1120 2569
1225 2040
997 181
2746 496
1816 567
1734 436
876 1561
1632 642
609 2977
2651 1339
1568 2440
1484 2379
1809 558
2811 2277
1495 1757
766 679
2848 620
1958 1286
1358 2738
1628 485
1671 781
388 2629
1273 983
56 353
2399 444
1491 707
2148 2103
2951 1706
445 1517
1833 2285
262 1252
995 1171
97 1923
2824 1872
618 2794
220 1453
93 2364
1675 771
1027 2329
2502 2640
2125 2280
437 2371
1018 2930
9 943
388 679
902 1860
2620 2672
2455 1769
1016 657
1865 2638
598 1760
2232 2568
958 798
145 244
1046 639
1706 2134
1479 1908
1902 2065
17 1362
28 1812
2367 2201
2428 2546
1854 479
2493 43
60 1228
2995 45
665 56
1786 2482
2452 1300
2217 308
1830 1065
724 1048
64 1575
849 2911
1086 351
1215 427
539 524
11 1386
1627 2840
907 885
2927 1140
1767 2923
2421 2286
2772 2440
1483 1691
2460 943
2202 595
452 722
1688 580
533 196
1044 309
1758 2756
2514 752
2642 1905
2766 2245
221 710
2273 2920
902 2378
1868 2349
262 1590
1973 919
1699 716
996 1807
2455 1424
443 265
1059 1686
1725 1834
1237 1241
2219 855
2391 1900
720 2956
1238 1135
1886 2588
2252 88
210 1371
676 358
2671 2833
2832 2277
2355 789
935 2173
216 2129
2089 636
2233 986
2053 51
664 1119
751 2609
1843 2802
503 1655
2826 2580
1980 2673
2122 649
1740 2795
1077 1415
2667 1020
1734 2253
1173 834
1597 403
2529 2504
1382 460
564 686
2216 480
207 2658
123 2630
2378 1169
2312 2807
2335 111
843 2887
332 1063
7 245
1245 1743
888 1554
2564 2422
2713 1807
411 2611
420 1587
819 1692
678 1025
1035 401
906 2145
2281 177
2410 101
2834 2809
2205 1593
177 1830
2498 423
2507 795
456 2806
2549 950
2131 2815
72 229
2757 602
106 1114
975 1480
226 2465
1270 2420
293 1302
874 484
2715 1991
2343 594
2087 1748
193 8
1018 2787
2753 2971
2631 2411
1410 1531
2011 646
1503 2207
87 397
2481 331
2642 1006
611 2132
131 1750
836 2315
1113 1070
2245 2769
1595 1812
1035 366
383 688
1381 734
2684 1329
1666 2322
173 1566
324 1660
2734 2486
2080 561
117 1043
818 2926
1541 2788
2711 1358
2659 75
832 498
1182 1354
1363 1045
2433 1879
2868 2753
1985 2301
1900 467
633 2744
1329 2540
2854 1944
2322 1546
1472 2367
1191 1000
2895 1586
2834 2663
853 1718
1037 1053
2632 2975
2348 2135
206 1737
489 1651
897 2644
609 698
1278 294
2894 500
1514 207
1210 1155
2727 2367
915 2044
1988 2954
1802 2099
2130 948
2884 2520
186 1812
2720 706
518 1863
2796 2306
1924 2516
1975 287
2594 1821
2567 1473
37 1408
1333 2848
2642 2196
1812 1304
2396 1010
1250 1613
2001 2532
388 2846
640 2524
93 916
453 2050
1811 1706
2415 2339
1628 33
2133 22
1500 2274
2309 2573
2670 164
2798 410
852 426
1587 2645
2767 1540
832 2489
182 696
1168 1653
1861 2064
256 1485
2905 2031
2332 542
2511 2543
2853 440
581 2509
1253 2350
2963 297
2641 1483
995 2295
2781 760
2269 978
159 1053
2700 2818
209 623
85 453
2120 1981
1676 654
560 959
2164 205
2577 381
159 1646
836 2353
2091 2765
1435 2608
889 2486
1609 143
1335 2160
2266 1564
343 2158
1304 839
970 2575
1055 376
1828 1764
1692 1728
2084 2263
2876 2864
659 1042
995 611
2528 294
488 905
1138 1555
159 908
20 2183
2109 1230
551 1607
1345 932
1268 2777
2956 316
2580 1103
281 2705
2802 1866
2463 182
2064 1030
1174 1733
2749 2708
2366 1532
2376 1519
2758 46
1182 1123
894 2508
1730 513
310 1435
2372 2987
1065 1677
732 945
1174 1959
2383 451
1093 1522
2543 259
2909 360
312 1564
2330 277
2242 895
1392 1359
1031 1759
281 1918
2463 438
1781 2509
385 969
2380 383
2971 21
2784 1335
2665 2059
686 873
2853 2306
730 138
2900 33
1613 199
1751 1203
404 1944
2790 2370
856 1881
797 2228
2861 719
1552 821
1437 2633
1156 2102
2683 513
2847 419
126 2998
641 2700
2969 2931
2142 1221
1661 2736
333 1495
2290 1735
2076 1482
1917 335
1222 1455
952 766
2453 1357
922 1577
1541 1235
2588 1339
2728 917
1213 710
2187 112
1460 1382
688 609
2968 230
79 525
2151 921
635 2821
411 186
1938 432
1979 2514
559 498
1334 1023
1488 2545
1269 1025
2382 1143
1289 272
408 2181
1572 293
2115 700
2717 2920
2852 2632
2520 2265
2524 368
256 1316
2129 2439
2328 2437
2048 2384
2996 1878
2842 1370
2467 191
2410 200
810 1495
2618 2479
1842 2929
395 1704
889 1375
1835 957
2586 168
329 1072
104 2676
2977 65
1833 1457
2058 1573
450 1264
142 2420
6 2984
2888 24
929 2349
980 1722
2514 550
2313 2362
2719 1533
2239 2499
2673 403
2712 1504
1605 130
212 792
1783 1335
1009 1459
1019 682
2150 2402
257 2086
162 49
342 955
128 2361
708 2482
1015 2228
1261 724
2904 23
2746 1117
171 1459
1683 628
2075 2122
1439 2298
600 2221
2194 1313
21 2658
978 1708
563 286
92 377
1179 2788
720 527
725 873
2794 1876
1174 2270
1925 2094
2958 99
619 2493
732 2060
866 2376
1057 816
1234 1534
383 753
1632 137
485 2943
1005 200
877 1256
51 2103
2608 1618
402 2731
115 1329
598 1073
1402 2492
731 922
1441 1639
1380 2821
2784 2120
311 45
2993 633
1783 2178
2134 704
374 1267
452 2373
565 2586
774 2734
651 1826
1156 1857
1263 678
65 137
2667 2397
1962 550
2851 1618
1576 2933
2664 1186
2617 1652
1728 1944
2478 1816
2497 592
1973 2606
2913 92
9 1992
2828 709
695 1931
2562 256
10 531
300 1313
2329 1412
1118 1307
31 2611
1745 861
1101 5
1683 2158
2921 2177
287 538
1542 2996
922 2187
540 2085
2603 1053
807 2647
1141 284
483 859
9 176
1286 2120
1401 2850
2283 1534
1634 1260
1464 2482
2008 1498
738 96
1971 67
1656 288
454 2715
2488 1892
1450 1917
2445 441
1892 2686
1066 1918
2325 401
1306 2488
2787 1842
1013 1743
518 1060
2874 602
781 1141
2990 1335
307 680
71 294
2922 2148
856 579
609 1858
2207 2227
86 796
755 950
1579 2778
2301 660
2706 788
1099 1232
70 608
922 70
342 243
1585 1379
1778 742
1022 625
542 35
1435 1120
774 984
624 2960
1012 10
222 1254
1059 2850
224 762
659 1954
2706 408
1222 1874
1163 2466
2598 304
1334 2015
2953 1223
2379 449
1279 793
1327 405
1431 334
1598 391
2989 1518
1543 2757
163 1793
411 2857
1263 2213
1710 2535
1345 1607
1760 2314
2885 1982
2148 781
339 1091
2230 336
1305 1004
1144 568
1221 2066
1980 2271
993 2520
2502 1239
948 2656
1656 347
2444 1366
2638 2456
1378 299
640 2405
2832 314
1306 1750
2501 1367
677 2204
2824 2328
442 2773
1647 1600
2058 172
361 777
2706 2808
2016 2971
2042 364
1417 1907
1136 2677
2240 734
454 1366
280 1768
1109 177
2820 1158
547 455
13 2625
2872 1345
1853 1282
1604 2556
1166 268
2149 1438
423 623
600 1305
677 645
882 2541
1281 2304
2300 528
420 1533
100 2055
2832 1327
349 2758
313 758
1718 322
817 797
398 2918
1423 2069
2780 2114
1466 1217
42 909
2459 412
248 1766
1798 1014
1800 2074
2357 48
2749 217
138 2675
1003 1119
1534 1706
2770 2328
2727 2464
346 113
479 2452
1624 2891
250 1203
2016 2007
389 1993
1058 22
2516 1441
2826 2408
1227 766
2069 2340
982 990
465 1682
1128 2438
2463 168
197 854
788 1781
1879 1552
1370 2477
1268 2498
1370 750
2984 2548
866 1217
2241 2342
611 1689
2430 289
333 2647
975 1693
1735 1555
1240 1089
2991 2977
284 1512
1087 1199
2384 2141
1698 8
235 84
426 2083
90 412
928 466
1045 724
50 783
1897 873
2670 2546
1758 363
206 1433
1826 2035
1904 2928
481 2808
850 1911
1585 1639
1735 2854
2711 317
1376 194
2197 503
1629 904
827 2940
969 303
111 712
1912 69
15 2364
509 1549
597 1419
2750 2138
2218 1801
831 1178
2311 1722
411 575
216 227
2729 1082
2828 293
3000 341
1897 2108
2519 562
1222 690
2390 2585
45 1238
62 2333
2267 958
1760 2399
1215 2439
2874 861
1146 2433
42 2295
147 908
1006 1011
1374 30
995 1057
1234 2040
1076 858
2965 1828
2735 1367
1923 655
1858 572
1608 2562
170 1123
949 2554
183 2877
2670 947
2850 2532
1593 737
2481 663
2237 2316
2118 325
1781 1810
2198 2155
2820 1893
1050 313
2562 376
1462 2408
1754 2339
2488 2012
543 886
1238 579
2955 788
2031 1991
2790 372
2235 166
1761 1632
1034 300
2984 1724
904 703
1425 2842
131 2573
316 450
1875 467
1821 426
313 1681
1271 572
1479 1279
1129 44
795 583
625 2140
1415 1438
2003 686
2321 1768
398 791
952 2497
959 118
1478 555
438 2398
529 288
2784 1763
2894 1596
1602 902
234 289
1241 1640
2812 2537
584 6
1015 1662
2029 1912
1096 244
331 1765
7 2519
1822 2145
1932 2248
1815 88
747 1559
582 984
1577 994
1209 2677
2394 2114
1030 1723
1941 1668
565 2788
283 142
2059 1791
1066 237
2503 2176
1378 1746
1535 1429
1064 1139
1155 2766
327 1497
1536 448
190 1775
2986 123
1551 526
1776 1907
584 2152
2500 755
1531 306
573 2236
734 1760
819 786
1980 2389
313 622
1163 254
1790 2463
1000 1507
1525 2267
466 2382
2784 284
410 2190
2647 1155
1885 2710
1674 1559
2742 55
2623 1986
905 2155
2037 1877
866 2184
2853 2603
2701 2872
23 1350
2209 1380
1749 2232
2260 770
2098 279
2352 1065
2088 2728
1107 78
2121 1430
36 2728
2490 912
2692 425
1236 2104
432 7
2127 2440
2193 1310
2059 1032
2340 876
1883 2681
1063 2884
137 1935
225 2678
57 1786
667 198
893 262
682 341
617 1957
2768 2563
1187 1026
738 2706
1793 2381
316 103
2898 154
119 1588
2675 73
2138 2288
944 363
991 1332
1138 52
681 1205
630 544
1760 946
2849 2229
551 1338
2708 867
1973 2967
588 226
1192 2107
2172 2896
12 496
1618 2152
1514 161
483 2417
2395 2768
2587 2938
1828 927
1432 1233
2722 2150
2878 555
1411 460
537 2890
851 2217
1321 616
998 421
2854 1835
2129 2807
730 37
913 383
1655 802
1327 1551
79 1389
2329 638
149 1938
1900 2813
2036 1864
2143 964
1353 1379
2402 1995
2042 1882
968 811
2225 1962
2056 203
362 1400
195 1003
937 1927
169 397
1310 686
1388 2851
2106 989
80 2770
2772 395
1390 2231
2899 1488
2301 330
2950 2980
2245 1713
2981 1127
1648 1658
518 1558
1952 1499
1281 533
1731 2798
2438 1376
2810 2020
222 1032
174 2738
2725 151
1303 2535
81 1568
1103 469
1047 2652
2568 1229
2578 652
736 1302
375 310
282 1389
1585 1099
1472 67
1050 2538
596 861
412 2750
1337 115
130 2150
457 2246
1949 2407
1883 1079
2864 804
2695 1062
1444 2323
1158 1943
976 2029
1970 2502
441 1996
74 466
1132 1453
2253 2672
197 913
943 932
790 604
1295 287
56 262
623 2368
155 2888
568 350
1969 1767
963 867
984 1120
2730 165
424 1110
855 1057
1935 877
1099 966
722 2549
1730 3000
1136 2144
1403 2678
699 1136
1891 2614
624 2764
564 1302
1890 566
891 2791
510 2154
2698 593
358 1297
810 190
1687 2152
962 468
186 236
40 2651
1747 1591
893 1620
2757 276
2110 852
2451 1622
866 2018
2281 1019
2456 1984
218 2146
1164 652
2895 2388
2228 199
1173 2040
2935 1347
2534 123
1341 1402
1718 2247
2487 934
2506 1488
1212 983
635 2025
16 1113
2572 1903
397 1859
2769 314
1994 1150
2775 1531
126 1600
1503 2245
119 1319
772 735
772 2300
2497 1703
1629 442
2221 1428
1796 2192
1826 2855
2403 667
2325 1036
1998 2866
2726 303
457 2064
2683 2646
2233 1739
1947 2396
1127 461
2482 181
1625 1686
344 1688
2118 983
925 2753
1085 794
2680 780
206 1147
474 2957
2471 2937
1382 2125
2366 1076
560 492
2409 1660
562 817
1778 2076
1445 716
1594 2140
2117 1110
118 2925
99 2284
2107 2829
742 801
2533 2312
452 1637
1780 305
1921 411
1704 1066
2250 1672
103 1796
1498 341
213 1348
2020 361
1659 2891
1198 16
2451 1580
179 2197
1415 635
2065 1635
1793 1502
2917 2126
32 1538
1729 2508
1810 1638
2427 2456
2444 2357
2176 2415
2638 1034
759 1828
2868 1929
2343 728
2208 1221
706 2369
2365 2019
2042 629
2522 825
2633 2534
701 833
2049 1090
1515 1395
2534 2643
2509 1865
239 1921
652 1463
1367 878
1139 1303
532 207
1158 2944
26 1779
2003 528
723 2409
2118 943
2185 2244
2568 1190
2314 1161
2036 2741
2628 2469
282 399
2619 1186
1049 1273
1321 268
2030 1871
2258 989
1341 2910
2095 1601
578 500
1422 2537
687 2537
2614 1476
1553 459
2713 1770
924 2009
1911 1453
966 1961
2949 2279
2330 182
1678 7
2815 242
839 2718
1120 2532
780 90
1905 2408
532 2973
2398 2384
1634 811
1908 191
499 2493
1122 1055
1628 1948
964 1148
1786 2302
2214 987
844 453
1645 902
362 2569
1735 2670
1972 2279
2525 2224
2834 1708
2732 1582
1648 1955
2351 1600
971 1824
44 677
1060 1452
1019 897
338 2868
489 1098
2552 2292
2309 43
2558 2239
800 281
33 2736
470 1959
850 2052
439 903
643 2392
2722 1002
2045 2797
466 2003
127 12
1628 2794
1259 1804
2830 2168
2002 1916
976 1084
874 2488
2230 554
1134 2730
2838 482
2071 753
2629 39
367 973
2177 1438
1610 430
440 85
1214 134
1264 1478
2787 94
1447 2827
1944 1049
1874 2538
2411 1694
2787 2340
201 1483
2469 2579
2688 1863
2436 2778
2034 2880
241 511
593 389
1837 2781
169 1249
1900 1882
1784 1384
1231 1679
1918 716
1541 1063
2998 1157
1666 2341
403 2758
913 1976
1687 695
2206 1911
2256 2238
469 894
2687 827
272 1596
2895 2414
2173 1654
143 1891
1911 2512
826 1031
2899 2258
2097 1252
739 858
1955 2242
1383 230
488 2141
1774 2788
489 309
173 1988
1687 2412
2431 1061
1211 1094
2078 1332
2897 1168
225 2728
218 202
2368 2618
2360 18
599 2646
1125 1716
1052 63
1425 2758
1445 1044
1005 805
824 2612
1220 2566
1727 2801
28 927
728 145
2981 2885
1531 1673
2053 2639
1093 952
447 990
2691 2652
2910 2935
7 1932
1493 760
2073 722
1068 1852
2235 565
2204 1115
364 1163
2997 17
2213 2137
900 1498
1662 2843
1994 615
2208 1626
16 83
295 2608
568 1326
1057 1208
2577 1701
2538 1770
1633 1270
1635 1456
93 1251
2728 1389
2844 663
2164 2153
1335 1836
549 660
2960 1557
122 2428
364 2303
271 2424
815 142
2899 821
1346 683
420 581
1666 2989
1639 2622
1715 1692
205 1859
1616 2196
2217 1604
1173 1305
191 308
1820 2479
982 2193
1412 397
1823 1765
1227 187
166 189
1370 1140
1578 669
2128 1713
586 1770
275 2793
727 277
2387 870
1685 1825
2996 1174
2020 1999
257 1086
2714 2235
207 1493
2761 971
1460 966
1588 2901
1922 848
1354 1932
665 1662
1934 1031
969 113
1113 1404
479 2919
1848 1723
2106 1938
34 807
2489 1479
1459 1733
455 1440
2915 1572
1149 1093
1389 1439
650 632
1443 1810
2868 1084
372 2175
257 2642
18 613
251 289
2505 1689
574 817
2586 1764
820 1083
2278 512
2570 864
525 1679
1323 2891
46 2735
2393 2904
1766 757
2402 2474
2475 2862
219 2783
798 1211
1097 417
12 463
2294 269
2927 851
1756 2635
2887 388
777 1823
361 2251
2379 22
450 1835
2723 974
1183 816
1185 1164
2895 568
2075 1619
838 1648
292 2134
2091 2438
424 749
1250 1174
1893 2722
2736 1529
2416 368
211 362
1641 1338
298 2645
1880 893
1401 2387
103 1969
113 642
1017 705
308 1025
572 655
1256 779
1603 2155
1287 817
1657 322
1242 1550
2087 886
2881 608
1827 787
766 2758
60 654
34 2448
2687 2865
925 1981
257 2322
2244 1363
1534 1542
1286 1648
2020 2712
1538 1799
372 703
1051 192
2174 1021
2912 1053
5 1131
1122 1521
2795 2389
2922 769
814 1977
793 778
460 2230
1197 2725
1392 461
381 665
1079 153
475 2504
2904 2202
2322 2688
825 1596
1506 10
2642 2059
1454 600
784 1360
2024 1596
1076 2714
2153 1856
2416 1793
1762 2610
164 527
2291 2189
861 271
550 2801
2424 1600
2406 2773
21 459
2217 305
2334 2712
2420 189
770 2579
1631 266
2592 289
2298 1208
2298 2854
1455 615
2678 1334
1818 2820
757 1723
1772 1333
1334 1261
104 2896
2650 2856
2369 2975
1323 2277
2708 2528
1632 318
342 905
2605 1949
1028 1459
2644 2624
53 1682
449 1836
348 2684
2740 1513
1115 1719
2265 1113
2026 641
2439 2339
282 74
1851 2018
2319 264
2330 2876
544 1795
454 73
1482 2501
560 1550
2893 2605
1900 2134
634 908
1164 2246
188 1222
653 2616
15 799
2846 2035
721 2759
2293 1787
1033 2910
829 1719
62 2770
2312 1192
1495 2160
1346 1882
112 2479
554 2570
2556 676
889 1774
425 1081
2085 2425
1208 137
622 145
861 2519
2687 1644
2112 1247
1109 1754
502 1741
2001 2771
1587 1864
2242 2790
598 283
287 87
981 2352
1822 471
1576 1465
2343 2028
1367 937
529 2465
391 1839
1516 305
2952 346
2265 1528
783 1891
211 2751
1287 2616
2836 41
1490 245
2831 2417
1516 1591
147 2928
1555 369
415 1444
233 1461
398 2767
2709 487
2945 1310
656 77
1136 1912
109 13
1325 1413
2152 1071
2655 1802
2597 2250
338 1028
1550 2516
1631 1558
1422 200
327 634
1434 2836
1495 1952
2927 2871
1395 1971
1031 2264
546 964
1664 2067
946 1712
1762 1002
917 2021
29 1145
1532 1820
2954 612
1269 2850
1135 2875
1258 525
438 235
65 2089
1745 1187
1211 867
1790 395
2690 2751
1099 1325
2851 2174
2226 591
250 2155
2494 2229
2615 1579
2450 2997
1066 1340
930 476
2373 877
2235 1617
119 2729
992 466
1089 250
1342 1040
2479 879
1417 623
918 2854
1940 2229
544 780
643 1954
1863 2188
1107 116
876 497
2299 2354
1875 1475
2225 2530
228 2522
122 2506
252 1320
2578 94
971 2039
641 2844
2546 1889
1683 576
2230 1982
2799 286
877 1627
389 96
1753 1762
2650 2462
403 811
818 262
1480 826
1162 2816
1040 2984
1233 1729
2817 1917
1362 2003
1245 2568
487 2576
2088 749
2811 1137
2709 1383
1155 554
310 2899
2212 154
1430 998
1224 129
1653 141
2381 2388
2076 881
1512 2568
2928 1725
1205 1877
267 319
2633 438
49 531
1355 2093
288 87
1102 2405
1201 2985
1461 2962
1296 1017
428 18
2565 493
1262 2559
2552 1258
1169 1081
1235 1471
914 2021
1469 2663
1038 2552
280 193
1166 2266
1374 545
1933 2620
2569 2544
1348 474
568 1297
105 281
2077 1553
882 110
1585 1579
1088 977
468 646
371 863
2833 305
2409 793
48 1426
594 1057
1241 1384
994 1857
2470 1483
1130 295
122 2523
157 1528
1779 2887
1959 1558
1411 2900
2664 2379
1190 1289
2473 2210
2261 2297
2764 924
129 1712
2903 1592
1109 1901
1039 1014
1804 1247
2078 307
1015 1479
1797 2555
2819 2418
324 640
631 2405
1172 1155
1596 2548
640 1798
611 2840
909 2807
1320 891
2225 1385
1116 2197
1378 758
214 538
330 2870
803 1175
1201 573
2989 2764
1352 2300
1344 1406
293 281
980 572
2598 2842
1944 785
1968 296
2685 1328
82 2397
538 490
1867 2282
2857 1163
1698 2273
1815 2861
1493 2762
767 796
637 913
1185 510
2447 2713
1920 171
899 2751
184 175
1335 1974
556 1035
1289 2250
1647 452
1757 2746
2766 568
336 1432
71 2010
596 2357
646 917
696 1736
1538 743
1312 2805
2155 2521
2458 2077
1680 706
1908 1427
2250 2173
2388 2407
814 1426
1206 2264
690 2140
424 1149
2752 1384
1126 801
2456 1701
2269 1018
2674 1285
2868 1434
2799 506
232 2183
1844 476
563 2422
2336 2266
1639 1043
2286 860
2309 2359
2067 930
543 2910
508 1521
923 2375
1736 655
55 530
1525 1473
1390 1290
901 2853
2486 360
2991 1116
2637 2717
1951 2224
1461 2022
2291 1497
2045 1127
1386 2779
2124 1860
653 139
1708 1411
2629 898
1113 2621
668 2237
951 1947
2965 106
598 165
2184 1036
2011 2592
2830 2735
330 2059
1946 1874
2118 1377
158 2839
261 1060
83 2483
685 1722
1976 2471
268 551
556 1818
2373 934
2407 2311
1935 2234
2278 2779
2896 2321
1297 1599
613 1984
2384 2997
637 655
64 1128
1879 293
394 2277
1706 1357
2017 1067
941 1199
1696 2654
1929 648
1297 1357
109 2572
919 2691
2347 2029
1608 63
651 1023
2547 1563
2200 2944
1080 1537
2526 2288
2373 1297
1332 888
455 1532
2692 1638
2948 502
1340 2843
2558 2540
341 2622
1174 841
109 81
1029 931
899 1410
2598 2384
2836 2030
1254 2303
257 1749
133 2794
2736 2316
1939 500
109 2073
2351 2762
1024 757
683 1171
24 2704
1367 2602
917 1337
396 694
2450 1983
1383 1184
275 1745
2109 1844
926 2966
2005 305
2834 2787
2437 2406
436 2414
1098 2271
478 1048
652 1742
2845 1861
2054 2341
1955 2156
1319 1476
452 2150
874 2830
2658 2051
1073 2093
2034 1741
777 2618
2684 1475
1560 1047
2750 2228
2807 1404
550 2817
2310 1054
721 2981
2478 323
2129 1269
2038 878
1540 1501
2240 2066
427 2518
1247 1674
1199 453
316 409
331 1993
2214 896
57 1493
2839 792
1296 2247
2725 59
1913 1621
1923 2889
1078 2714
280 1968
2919 607
1568 205
859 2449
1917 1719
617 2021
2125 715
1490 2343
1533 2770
1948 1999
2596 1737
1246 2890
2728 1449
2702 2458
1930 1879
481 1126
521 2379
1605 1847
1587 2607
2696 1289
1351 1779
2948 2196
2105 1609
1082 892
953 1054
2931 2812
1735 1253
1609 2144
1480 2684
2286 89
2434 1269
1035 2399
76 1088
583 671
1745 2515
2449 2029
2437 663
2304 1159
1132 294
1313 1186
366 2057
1595 101
2682 410
267 1587
840 811
2553 2308
1779 837
2769 1853
1441 2754
2986 2966
1747 2096
465 1867
2797 2429
2852 1372
1488 1785
388 873
2846 1023
2616 2340
531 186
2843 1690
342 1641
733 1611
1073 1834
2405 932
863 2484
1497 852
2960 768
2363 1044
2638 2736
1541 691
2302 2309
1237 843
1964 414
1749 1763
1963 723
358 1821
2503 893
618 1
19 2051
947 2959
205 143
1102 2546
279 2410
722 715
818 785
1171 1093
2080 2230
2390 844
1146 2302
1548 533
669 2636
1345 447
1 174
1582 2945
504 854
2398 1958
2597 2609
723 2009
1631 2019
2548 2014
535 935
2999 1678
2543 758
2531 316
2623 378
1154 1010
1234 109
2837 1306
1348 938
2991 423
1779 560
2104 2280
310 237
2128 250
1996 2448
2631 1597
1014 1299
1411 2003
1421 1548
521 896
2464 2261
2634 2797
717 1571
304 1852
212 546
1880 1422
2539 204
1256 2623
1568 780
2056 1060
432 1686
1633 730
2374 2001
2275 1030
2356 1538
2835 2856
1525 820
181 263
1914 286
312 1685
2003 416
857 2194
2765 2084
39 343
482 1125
345 1718
351 2155
741 2263
715 435
900 511
1132 1806
1011 588
1611 1701
2337 2307
2472 837
494 1211
748 1925
791 2461
288 272
1314 322
1250 983
2583 1514
2660 1953
2866 294
1786 2761
1631 1497
2884 686
347 685
230 94
2747 2486
210 2589
1635 1907
878 2988
1922 1936
1107 2017
41 621
1843 2715
876 424
2179 973
2735 913
1942 615
1760 367
1492 2338
2197 2424
290 1230
715 2838
1771 1978
2453 2277
111 379
1405 1628
693 1853
642 818
1062 45
2846 1442
1712 1354
520 1830
1479 2813
489 624
2497 2068
670 557
1678 1743
2413 2260
1888 814
1007 17
2400 1606
385 1713
1571 218
2605 2760
936 314
627 2321
2569 453
2816 1965
781 1734
1990 1734
229 1153
2085 575
2713 434
2094 902
179 2239
1482 1353
2907 2263
2663 1396
1439 358
705 1402
752 269
771 2311
2553 2302
2192 2325
2175 1585
2776 2487
435 2303
2814 2303
321 148
1416 2231
2581 2721
701 2793
1953 2690
2399 2226
2510 157
1942 1381
1178 1763
982 2234
2030 836
1985 2545
1400 200
37 1418
2141 131
2090 2542
719 1551
2517 2338
935 1051
1991 47
1439 2584
2074 1525
2342 530
2280 2883
2670 1049
515 1619
2326 535
2402 1827
304 595
1916 1987
38 2328
1177 2204
2308 1703
846 84
473 1329
1411 241
2015 2183
1469 991
1036 2891
275 2390
2069 2954
449 2082
2715 2345
2172 454
32 2269
34 2665
2455 1999
643 1311
1513 2389
2834 2737
1310 1538
480 293
2534 180
1050 2078
2947 407
2820 2374
904 2177
2457 1856
1361 161
777 2144
1209 2214
987 1736
243 2197
2135 637
812 2309
2993 891
2336 1931
2659 2310
256 995
2505 1208
2262 368
764 868
300 611
2679 2736
169 1323
261 1286
624 1789
1047 2096
2035 535
1454 700
640 1029
1094 1205
2728 332
314 844
458 1922
2805 2856
1198 1247
639 2917
352 577
2122 744
1249 427
1411 279
2214 2903
2129 878
559 2466
1013 2449
405 1411
127 1966
2185 582
2895 1089
2846 1171
1536 1400
1474 1344
1451 67
2782 505
379 2529
65 1391
1577 2989
1420 1798
1522 2801
1122 143
1035 2082
863 1937
2459 674
144 936
675 104
1520 508
2415 288
1975 217
1443 250
2973 1799
2465 2082
2842 880
2319 547
2885 1987
2597 286
994 2667
2734 1761
2408 521
2121 1426
2521 542
155 1063
330 1893
2501 820
555 2360
192 2224
1043 1058
260 22
117 2328
2879 2740
1701 219
1270 2576
2476 317
1070 2283
2804 2520
2698 752
2826 346
2168 1993
233 1855
1046 831
236 279
1426 60
1080 907
550 2985
1395 2800
1571 2213
1610 1351
2360 709
2158 187
2081 2918
2347 2484
773 1567
2205 1100
1441 410
833 1095
2742 2948
980 2146
2005 860
1967 252
1177 859
1199 2030
1507 410
1675 925
1799 834
451 185
2668 1904
927 1324
2514 2494
1989 1838
1499 178
598 338
2969 1921
91 451
22 476
958 29
1623 1775
743 374
483 2242
1251 2769
1718 2697
1334 1976
764 1125
1368 1129
1469 89
2636 2141
1294 789
475 561
2671 2737
382 1741
379 494
586 395
93 1039
2286 1549
2969 2943
597 307
132 271
2484 1449
256 2052
493 2618
1687 1721
514 245
1392 485
1697 2548
1968 2447
1644 325
2670 1764
782 2297
1437 1926
2387 696
1455 303
2707 2232
2801 2879
43 896
2601 1662
2497 1385
1570 169
1062 1044
2909 1813
2386 2118
994 2909
92 1750
1409 935
2444 2739
549 191
671 1184
1934 2069
1700 1044
872 94
840 2972
1383 1196
1995 2163
2757 716
1703 1749
1913 1072
2633 2078
1498 2203
2394 1740
2436 1669
2842 1585
1247 2014
482 2720
4 1733
1166 572
241 487
1301 206
283 647
1109 2069
2612 860
940 350
2750 1150
1283 1403
271 2616
1327 767
683 2156
275 1514
2140 1375
618 2372
2727 2158
1488 527
2577 1252
606 2123
2770 2911
2525 133
2080 1409
169 968
1805 566
898 1560
1381 206
1021 1283
1753 2025
1286 2582
2449 1733
1040 505
1990 1838
2112 2183
2157 1338
616 1950
2188 2802
1035 2132
2307 2630
375 225
2652 535
563 1435
2020 510
2871 2028
964 2835
1858 1683
2781 2229
1288 1703
1829 347
2542 2713
1853 937
699 2127
631 2508
2960 464
1368 1264
126 233
1456 2351
1220 1886
1522 175
1839 2106
2412 523
2539 485
2617 2984
2551 1178
2495 2578
2441 1460
778 570
2098 1453
2535 2550
1062 2641
2426 1890
1509 1997
1723 860
2510 2896
2999 2690
71 321
1213 172
903 2311
898 544
2426 2858
1171 144
480 2277
205 1773
88 968
2136 1742
785 336
282 943
295 1506
2451 2198
631 1331
1226 2788
2505 1630
939 1163
1479 1131
661 1078
2632 548
378 87
2769 156
701 242
583 2215
1887 1194
2730 699
2258 214
1631 601
52 2493
2941 625
1322 1020
1435 1392
674 782
1863 1497
2735 1765
871 2083
1295 252
1852 738
324 1778
822 1366
1849 2003
1138 1099
116 1214
47 1267
374 1426
2722 1790
9 2353
399 2164
1443 1441
730 2764
1051 1882
462 1707
11 2898
1715 2302
1187 177
469 294
2480 2392
1647 187
2495 64
1256 1158
1149 2023
1628 2140
2578 35
755 1946
1903 1125
1233 2821
1132 404
706 1221
140 2143
2998 2197
1786 2050
373 2884
750 264
715 5
948 1106
914 2341
2348 2230
344 2243
411 1025
2765 78
1106 2380
695 2456
1164 2209
215 1264
2075 1740
2330 449
2985 425
2632 976
2206 242
405 2724
642 1269
940 453
2734 1829
691 2389
28 2669
2067 78
2806 2915
1765 895
899 2595
1959 2167
829 782
1551 563
2041 1187
898 2453
279 2323
1098 918
1310 129
1129 189
2524 2613
2886 970
1468 1958
2914 603
1164 1280
673 548
920 1782
1204 2662
113 795
1176 830
667 247
2628 759
2777 2420
1852 1647
123 1962
458 757
1738 1158
783 1600
920 2549
81 1701
43 985
2397 1961
2452 1012
2247 305
72 1782
2496 815
2448 1449
1562 1380
486 867
364 1162
1774 749
53 805
1923 943
801 1270
1227 2764
2237 2159
2274 91
2440 2718
33 1727
13 860
1313 2593
1801 265
2268 165
588 544
641 1859
2582 856
1106 2024
1601 2647
611 2966
1445 1239
1927 2906
2423 391
998 2700
1885 1648
559 1255
503 596
2910 1666
859 72
866 266
1136 97
328 1482
2320 91
1077 766
2107 2951
162 1475
999 1896
2594 165
1421 2558
2657 1859
1656 2786
1124 1333
558 1190
1430 406
279 2496
1828 308
2569 711
1840 1473
2979 23
1143 2814
434 2499
168 830
1483 105
1517 222
139 1742
1678 613
508 1721
1800 1292
1088 826
2295 1202
279 804
2413 1727
1280 1927
1179 2797
2408 1090
2867 2721
2171 139
592 2666
2494 1734
2563 2210
2502 1162
310 2030
1674 1780
1406 2081
2216 2557
1438 117
2847 2050
1440 1784
2712 1073
718 948
1748 2861
677 992
2004 2822
1275 242
1636 1772
1490 1843
1701 781
2557 2696
1557 2108
129 2038
1115 2999
2753 1830
2608 2399
751 2099
429 2209
2303 1276
606 570
712 1732
1534 2687
100 2520
484 1593
56 2166
1352 390
1593 1465
2531 1814
1719 107
358 2963
540 1161
2333 2649
1201 96
859 1008
2429 1335
1366 1334
2151 777
100 2429
2783 2922
1436 1698
938 2550
997 869
505 856
838 2030
2909 1959
365 2033
1203 3000
46 662
1771 2472
677 1570
2643 1737
1053 861
594 1095
1226 1922
1047 972
2969 598
2263 1465
504 189
1645 1464
1502 2979
2669 1774
2145 22
270 1486
1508 2276
968 2420
730 4
2544 1811
1360 737
1174 1067
1903 2832
654 1870
1146 1079
742 2155
2612 2043
1246 2162
913 420
2185 2485
2135 1121
1945 1899
133 1144
268 1345
755 1202
2309 758
1747 2812
1480 292
1718 268
1047 598
1988 488
1976 1327
1504 2668
2684 417
592 591
1735 343
912 2104
2910 1575
127 59
731 1571
251 533
39 185
99 1301
264 473
2664 1146
1154 462
1493 1573
2124 951
2614 143
594 1285
2553 1552
421 1630
2912 2001
1338 1826
1662 1489
1152 1802
338 620
2967 430
826 771
964 141
857 2981
2719 1886
675 2911
2324 830
1985 1573
48 2523
747 1334
2079 529
524 633
1947 2899
884 1861
1542 385
1955 573
563 2970
1658 2888
1719 2067
2960 2060
2696 200
119 2759
1574 2062
1913 1035
1691 1333
2624 2895
1183 448
1030 2406
2637 2108
2956 935
1872 791
2811 2387
1523 128
1221 1405
1848 205
1524 1333
387 1354
1343 484
2178 437
1497 1036
57 1689
320 2134
230 2106
1059 1636
38 2176
1019 1245
2714 2475
248 2265
2520 2887
1630 238
1628 2616
895 677
363 213
2005 851
160 491
603 908
865 683
1944 810
376 2672
782 173
1860 2063
971 714
1418 2664
1915 2949
2790 1778
2685 1445
1853 2896
1160 1012
852 923
2977 1385
1006 2635
1062 955
512 2337
568 1221
591 917
54 2076
2607 412
1861 2037
2815 1149
2854 46
1910 2906
2593 752
2829 1522
2377 2758
1748 1499
1226 2091
2479 1583
748 171
222 2211
820 1841
1020 1784
1324 1939
2677 1021
1204 1978
755 2438
2616 1403
1059 1863
1408 1204
310 6
1998 2140
1632 1643
149 146
2286 2825
733 546
556 68
819 2345
1238 2361
1728 572
1201 2312
98 2397
202 925
909 1896
1636 879
1229 1543
1901 1070
2590 1053
2021 1856
2976 1156
1767 926
2646 2824
187 2476
27 1552
2680 2207
2037 417
2646 2801
984 949
366 2330
474 2958
2090 282
697 1163
2739 2451
276 2149
2782 889
2943 1264
662 2200
866 2099
2171 2420
2350 823
2467 414
825 2347
719 1481
2043 169
1917 1100
2647 23
2248 1224
1386 746
207 2447
335 1625
1493 868
2946 2863
197 958
2325 1368
1563 1859
2884 790
971 449
1834 433
47 2766
2824 1573
918 2112
1904 1170
1714 781
2119 2163
1434 1649
969 1978
2935 420
944 1252
610 598
764 1829
2087 133
11 2671
45 2407
456 1841
2388 1870
696 1159
1988 309
139 686
2348 834
1990 1020
2165 2082
118 282
2183 2039
397 1193
2693 1135
2992 1291
876 552
2557 389
1614 2617
174 42
2908 731
1120 516
992 2143
1468 673
1663 1152
546 1114
2914 1976
2295 135
2963 873
1854 2664
398 1570
201 1548
336 1773
2792 2789
1743 2727
518 620
2736 2550
2316 2857
2812 1855
2196 523
2616 400
2141 53
2202 296
1977 1529
2808 688
104 1973
1548 1788
52 1564
2114 1725
1221 389
976 1282
1599 2222
493 408
727 578
135 2384
2912 1310
1957 390
818 115
2323 390
704 818
1795 1480
603 268
382 861
991 852
1449 1804
1306 2844
2405 98
130 961
1164 1544
2565 1920
985 123
1013 86
324 1658
762 1727
2353 738
2251 2800
1283 1412
1538 208
443 2855
1736 2601
731 2399
147 2325
2711 418
1408 2808
476 91
395 2226
792 1526
1596 479
601 2712
2189 1439
2905 1558
1828 926
2410 1954
651 1491
1988 112
1631 1312
2690 778
2976 2128
2227 12
2890 1703
2098 1812
2112 2613
2222 2693
2974 2329
2967 1801
2460 963
2366 1995
1397 1292
124 2111
1830 391
1333 2653
627 1137
546 2301
2280 647
649 2694
1227 2571
449 437
2259 954
2099 789
864 1462
2419 165
2440 1392
233 696
1503 1810
1979 713
1291 1008
967 2385
1660 2414
1763 874
1513 2887
2754 347
2560 2222
1649 602
2348 691
1022 1072
1013 225
1953 2837
2310 1400
850 1349
1832 807
2222 1153
1812 491
1299 2561
2429 2451
690 2227
1030 2926
134 2808
2387 494
1090 1633
2093 2603
2457 2107
1967 1014
1498 2925
1928 597
1035 2506
1567 1123
1407 1935
2915 500
1109 1362
1829 1868
1120 1725
1846 934
1772 1833
1160 114
2826 2988
1982 918
783 2046
1699 2660
132 1854
642 2740
769 581
2491 1367
140 85
351 2229
1004 2265
1401 1288
183 1773
2917 2834
7 2746
1465 1746
2973 891
92 775
1942 1682
2467 1218
842 1623
2324 2813
898 1824
2458 734
946 1044
1857 2497
2386 1380
1923 2074
2479 2512
1154 1637
2412 2531
2737 241
1329 1183
268 1451
2385 2352
1273 1383
2773 1033
2355 339
164 772
1430 2433
646 1877
823 1199
252 2624
2360 1968
403 2760
2235 920
897 1924
1130 2107
2786 2158
426 1162
2357 466
1277 452
507 1193
275 2309
1572 2432
1699 2018
1819 865
937 277
1540 1700
2755 1881
1038 2344
2939 717
2194 87
1472 1302
2851 135
161 916
2384 2088
2837 2074
2784 943
2829 1261
2055 2040
1974 1188
204 574
539 265
522 2084
2691 343
188 663
41 583
2080 602
922 2327
1770 2155
1864 1451
396 2939
681 52
1719 1920
1822 1340
2207 1956
2683 1608
1926 533
673 2283
1768 1575
530 2948
1549 1073
1194 1557
1926 178
2680 72
324 1159
735 2847
565 2981
850 2774
1266 2081
2072 1055
1880 2409
1252 2006
2390 190
50 1695
1864 2856
2919 2382
2958 1469
1777 628
490 1646
1949 460
2745 1145
1151 803
2608 467
2321 56
2303 1776
2493 2363
1458 2662
58 605
1486 1826
283 1434
646 2337
693 1146
2653 619
2703 1267
1183 2836
518 1211
2915 2122
916 545
2247 2072
1709 2753
2212 418
1193 2105
137 1652
1353 2263
2523 1688
2920 1472
362 874
2985 718
1068 585
985 2169
1275 1270
1762 1525
1624 1208
1019 959
2261 1554
2820 520
2040 822
2115 2209
45 856
2814 1603
1859 801
1297 2610
627 2013
1952 2805
1203 2639
985 1251
507 85
2172 1040
958 2989
1229 932
1820 279
2904 1302
1346 210
1163 2407
1479 194
283 2522
354 2006
211 1028
2848 1146
1747 2376
55 523
69 1348
1553 2669
177 345
338 583
2623 1479
2823 1067
1997 1182
1814 942
1058 330
34 395
135 60
665 597
212 825
1529 1772
213 50
989 392
2203 1973
951 1617
215 52
2626 916
1450 128
331 2983
2336 1052
266 222
206 1632
632 1347
1728 1596
177 540
1049 2884
1057 2583
2650 1552
2244 2413
2991 1999
66 2615
1471 2350
67 384
2471 1796
443 2385
700 1822
309 700
1852 2181
1217 1566
2738 689
2636 2490
1648 2588
58 2182
1324 2627
2756 1131
2081 1448
1787 1717
644 1023
2077 1963
2683 506
2972 82
2033 30
2654 2085
1025 2202
1098 2094
1391 1844
1747 911
875 2641
1167 2499
1013 2817
1017 2029
2108 1982
1434 1409
1200 2612
2156 2566
1140 77
769 2237
2120 1684
1745 2797
1077 1403
1409 888
2246 1381
1447 1767
76 300
496 50
2194 2547
1046 525
894 1153
2800 579
878 1865
2656 3
2169 2202
431 362
1653 1596
1651 1205
647 923
339 1625
1861 673
2324 2127
2379 2965
1270 2741
356 2643
410 1775
744 845
2584 610
1248 906
2524 391
2177 362
2876 149
1498 447
1609 2846
2159 1409
1100 1195
369 1583
1160 88
2095 2336
1719 921
268 956
2921 2137
2818 1930
1989 1943
1941 2801
2998 1837
1242 129
1199 802
2272 2837
1367 1187
401 2852
2061 1641
2152 2629
727 1937
1519 1292
2063 2024
277 884
201 707
1577 2720
346 168
2463 97
2634 411
2616 2935
2256 234
2738 1920
172 1812
2798 2415
2524 1000
888 1279
201 855
137 2077
2247 2875
50 423
1952 713
954 665
2597 2552
160 2915
1161 1593
752 594
291 2976
748 1763
1520 211
1402 1872
1918 457
2288 2360
408 655
628 1137
686 319
2136 250
2660 2898
1608 456
2848 2464
2185 2745
2652 290
808 1365
2484 2608
512 1931
1668 2839
291 2125
1079 1971
939 349
423 476
1626 48
1524 2178
2933 1415
1321 1977
2032 2691
963 2327
2459 2606
25 647
2717 1058
28 157
2481 2906
1513 1992
77 1812
729 282
2593 704
2261 1346
2926 1419
1277 1761
544 16
2696 2767
1521 2250
2395 1045
708 1726
1011 1656
508 466
2115 2745
2845 543
66 1148
2422 1921
2753 2601
172 1480
2426 1786
1589 843
987 1312
536 845
277 2932
743 2089
2732 86
178 21
2459 2591
576 785
341 1373
2077 1034
2659 2279
994 2372
1226 2037
405 1423
1429 2881
1124 841
2305 1574
1134 632
2976 2924
964 2978
1526 2697
1847 1366
1903 474
825 2541
363 2693
1596 169
288 753
2151 2673
1545 2673
2686 2046
1448 549
2307 2027
1699 972
2648 2794
2181 2063
1046 87
1012 37
1415 1305
1777 1706
2916 2081
2925 405
166 1829
2997 1457
2200 636
245 975
229 356
2910 1366
1674 2939
1793 1076
218 1655
697 90
836 375
2477 1084
1896 961
181 2976
2478 653
928 1565
89 2273
2618 1675
1555 291
2299 1674
1575 531
2410 1670
1332 64
1062 2144
770 177
1381 901
2736 2999
1515 2535
1206 2547
727 2481
2750 979
2012 1124
2332 2517
1785 1208
2101 2879
485 2512
2326 2488
2125 176
2761 780
1278 414
1455 2196
2703 2441
767 606
1682 1088
1736 1958
2446 1148
1544 994
2896 2260
2213 2555
353 1073
310 1146
1757 1036
2351 343
140 2251
1395 2710
484 2453
1216 2800
2405 992
687 1545
1515 1622
1099 1015
856 172
1929 2882
1415 911
1938 1255
2476 700
1811 1521
2772 1488
2985 1745
2583 314
84 633
1157 1186
1893 2026
2808 2511
602 2989
2172 1988
2887 639
2719 1149
406 1649
422 2198
1899 2415
2914 2200
2591 1594
1371 422
1818 1963
1983 1684
2947 815
2083 619
1287 2999
937 1812
1586 167
339 893
2314 1192
460 2892
2675 1656
1848 1631
2369 2526
2986 1269
1956 1945
422 723
1330 2118
1934 2375
2786 19
347 1632
2135 2682
458 2867
307 788
997 2993
712 874
477 1854
1285 2362
5 729
1646 2240
1781 2093
2867 276
1452 2954
1990 1098
2688 2581
2235 1465
363 1184
1147 2035
2819 193
2867 2917
1187 1783
1721 1950
1833 970
1513 360
2955 574
543 741
2501 2134
177 2167
1013 1827
2516 1368
189 1689
2415 372
84 2190
492 2310
2588 2997
2260 1827
1920 1837
2640 764
2494 1713
768 2244
326 1775
2705 498
2931 319
2909 2
650 2538
2294 1022
2467 1259
2362 418
197 1465
600 2668
1060 1936
2037 2249
2317 556
864 49
235 2220
105 1929
2393 456
239 859
569 977
2625 864
2843 1551
1845 466
1542 1736
327 532
1678 1104
1762 926
1117 2096
2787 1149
213 1826
1555 2979
1626 2965
2721 1763
1122 487
1140 1794
2250 1402
876 795
2759 1494
855 529
863 271
554 1235
2870 1073
1109 2804
2667 2745
2569 1826
921 390
555 361
2752 2154
2106 1828
2114 2650
2872 2544
1444 1241
685 1042
1931 2368
1967 919
2368 1389
1572 2336
1350 856
2094 2722
2348 1515
591 1502
915 2848
1798 1242
347 2781
694 2842
1031 288
637 958
2921 1610
2873 1810
1866 832
705 971
2931 1933
2577 2131
2248 1525
249 2323
1013 2424
957 2316
126 1186
983 2120
1309 1290
1025 2903
1058 1629
1839 2897
180 737
1638 192
2802 1225
1960 2600
563 2669
63 1844
833 2648
693 1258
2834 1267
1036 314
2960 2593
2545 2156
767 1935
1335 2477
2635 2153
766 2014
2618 447
741 99
2901 325
1275 1565
1658 2162
1832 1300
172 1838
437 2501
2644 1682
2101 1341
633 1697
1660 848
2135 2855
2683 389
2567 659
1955 2180
345 1649
1931 1067
1522 619
184 1518
443 2569
1774 272
1914 2617
1478 971
1281 410
558 2379
2400 2758
114 2386
2820 984
1322 1353
2825 801
605 2717
714 2790
2653 717
2417 877
2124 1580
2554 747
1576 1950
893 782
2155 2018
1829 1318
1764 1865
1953 2117
2659 155
2154 946
2758 1227
1315 27
1264 546
1940 1161
2176 2789
1268 1580
2394 2548
2551 130
778 1548
1633 1635
1363 1585
739 514
2487 752
667 2184
132 1288
328 1611
988 2966
64 2227
2775 2466
1352 161
144 1776
288 1969
937 1321
1524 741
584 2975
293 633
721 1498
404 2941
1929 1745
664 2275
2694 383
2914 1410
694 1490
1488 1986
1081 2877
811 1257
559 2180
1739 243
2911 2145
2887 2175
281 2438
1776 2830
560 897
104 233
820 1420
2157 1758
365 334
2979 2963
763 545
1605 892
312 1796
2543 2462
1217 1906
1285 1520
2326 1734
763 918
2381 2133
1280 1909
1112 69
2651 925
1634 1581
1880 1309
1835 627
1078 807
2659 1068
971 2099
1308 684
946 2628
138 2281
2214 2279
1809 277
1303 632
2624 1538
2055 2000
1036 763
62 2221
1987 2354
1474 1742
2911 2977
1271 1396
1049 447
1035 750
2593 420
2489 1644
1417 609
2643 277
2069 2524
1022 1268
1091 2919
256 1419
1063 876
829 52
1322 1430
618 939
2099 2449
690 947
2664 1099
2633 1943
1990 2179
82 311
57 797
2009 517
2216 1129
987 211
352 2517
1605 1818
2522 462
604 1482
291 1232
491 2529
1131 2049
2932 79
2353 2774
119 2260
975 2340
2559 143
1613 2703
1337 58
940 993
2408 2225
172 1690
530 2264
492 2307
895 1505
2757 2706
2193 643
2006 2779
414 2111
2251 2853
2191 494
2407 2925
35 2338
2459 2565
2890 2618
1349 2678
219 2039
1834 1937
981 687
2757 85
446 256
419 863
4 1264
1512 1747
2636 1923
2122 957
2724 1129
1931 249
1082 2715
1047 251
1031 2774
1015 975
1447 1275
1733 1941
2898 979
2856 1106
531 914
2668 1739
2908 1817
1236 461
43 1487
738 715
447 2184
2921 2489
1414 2790
1847 82
2113 1453
1982 677
1698 1821
273 2096
2941 65
1220 1171
2879 2220
1264 2242
346 968
2258 698
317 1440
921 353
2938 2508
2070 2302
1039 2722
2699 143
1172 772
2214 2011
2062 1505
348 2397
1112 1922
694 336
2617 2111
932 952
1501 1168
1431 1586
1225 1029
1908 2312
2970 750
1950 1087
523 967
915 1531
2327 2877
299 1573
1748 2079
2107 1106
2188 2017
2120 1115
1193 526
1670 1023
2726 17
1230 468
2944 1265
1440 1049
789 2804
2855 999
1522 1415
1397 2854
1230 244
1693 2650
1948 1018
680 2019
50 465
2858 1522
662 2154
644 2973
2319 203
618 1645
1083 1652
1211 345
2294 122
1175 86
2183 2438
1248 1809
894 1742
1954 79
801 269
763 1565
1231 2729
2449 525
396 2430
557 1918
2015 2359
432 287
2266 331
978 1856
1665 610
330 1131
2002 1798
1072 1607
307 347
1885 757
1660 2513
269 804
2503 2317
232 2922
431 693
2541 2672
1709 186
2625 2646
1333 689
1126 517
2801 742
2021 2204
1957 1354
878 1055
2282 2409
1067 1641
1396 337
2069 780
2322 100
276 468
2375 1777
2815 2429
16 1595
599 520
2105 540
1034 2365
525 2569
2795 811
988 1387
1924 851
1630 1723
1816 952
2619 2708
137 546
2878 936
2343 1194
1602 1542
1536 1815
2718 2028
615 50
978 2741
622 35
2828 2454
2826 778
1690 817
2194 1993
2312 558
972 2741
1501 1214
1281 1550
1108 1871
552 1616
1987 1421
895 611
2769 1510
2412 2282
1933 613
961 518
823 2377
1901 1287
1865 776
2881 2724
851 94
2252 1206
2924 2120
1630 2483
1946 1607
1200 2337
2918 389
94 1179
1065 2037
415 1960
1171 2129
356 504
128 2636
2208 1429
857 1389
2719 2996
2592 894
2366 2188
1550 451
201 2714
411 2972
1958 1509
820 1861
39 2788
2867 397
906 1561
937 2018
1678 1193
127 2424
396 1101
988 80
2771 1728
2293 1143
211 1456
1082 410
2459 2824
2128 2076
1328 1374
2212 2641
1510 1818
896 140
717 747
935 126
2906 1479
497 1045
1751 2265
2613 1278
2204 644
1004 575
1689 2250
2925 1692
647 972
2173 2323
2103 1391
460 2781
457 701
416 1867
442 1994
822 1426
774 1915
1944 143
1090 122
1810 2210
1642 2679
1123 2644
2169 1604
2573 1887
290 852
1965 1798
667 2158
1387 2004
2840 246
1709 178
67 2365
2233 1105
2370 2273
327 2045
1864 1751
368 2518
879 2462
1829 2350
549 2299
2470 238
728 466
2141 1999
1719 937
1008 1706
1874 1043
2749 657
2081 1555
1423 2853
1286 299
2885 1682
167 2474
1510 409
1711 1739
2883 1754
496 2001
1443 690
388 858
2466 2184
2286 365
2021 669
2195 2988
662 1291
1181 2720
2714 1265
2777 1947
2150 2495
1809 1328
2938 1456
86 2396
1333 2093
2279 930
769 2135
2485 2304
2429 2627
97 1741
1126 631
767 243
1468 2496
1740 1897
1593 2525
1261 282
2286 562
427 2295
2935 2813
538 1077
255 2310
881 2267
2847 2336
1714 1128
1631 2647
1490 5
52 2516
1541 1122
958 232
2632 518
2802 1800
2117 965
863 2939
221 1364
205 2812
666 142
988 2210
628 16
1027 2558
2268 1786
2944 2890
1157 191
2187 846
2565 1265
2463 310
1924 1020
1143 1618
256 2241
627 2632
2211 924
1854 423
2299 2544
694 573
2520 238
2652 1972
2535 315
2698 940
2884 558
1282 2283
939 246
834 1521
456 1880
1014 2520
1586 439
2176 1550
2596 301
2467 2912
499 2103
1832 2567
1613 937
538 1303
1445 2113
2334 270
2453 575
534 992
2984 140
2256 1206
378 126
467 2635
445 1047
1215 619
2169 1907
2902 2510
2271 585
1762 2150
2685 1040
2159 1448
1479 420
1427 1180
519 596
85 2745
91 2808
528 369
2709 2747
1691 481
1093 889
391 2431
2365 1679
2809 2178
2750 488
472 2048
2171 2537
2798 1542
1517 1194
2240 437
902 1101
700 2321
1310 2992
2373 1866
1746 2090
1073 1200
1295 1833
1413 21
443 1256
2081 2167
2189 2706
725 2417
838 2326
2533 2036
405 2172
453 1108
950 2548
2407 2787
401 2659
155 2060
2570 1191
938 375
2058 1184
515 51
114 315
76 471
407 1471
2909 2314
649 1316
2843 1180
2213 377
666 1444
2433 2003
279 209
1603 1429
1994 2362
1864 516
1120 101
2775 93
1396 43
1578 2427
1940 1529
1193 2706
810 1897
2384 963
1598 2527
1328 1347
2120 620
2724 1829
255 901
363 1707
2665 2562
1114 2249
893 2172
809 1459
1424 1998
2428 815
1433 731
2372 1346
2405 2237
886 441
1725 1454
1879 2920
2708 2098
599 1507
243 1859
1561 2324
2458 2247
629 334
2680 2397
2070 2461
993 2464
1582 1294
2708 2853
2474 317
2093 1058
1730 2132
2759 418
2486 1190
564 2495
1746 2676
646 1228
2590 2841
2241 1936
2153 2581
570 1696
2273 1699
145 2850
2765 999
2041 1341
1592 1523
943 2711
2360 1708
906 1172
1905 2100
1435 2744
1021 625
454 2837
2306 1156
169 2040
1238 1256
2963 1157
183 1119
2082 2667
584 1794
2483 562
804 1019
1696 1915
2207 1649
665 2828
2912 1817
1273 1717
2774 2531
1551 200
704 1684
2042 1415
1299 16
210 1488
2197 1849
1367 1021
1966 290
1358 1064
2672 1884
710 494
307 2281
2722 347
1408 2398
1812 2963
366 1158
1487 1336
2900 1692
248 1614
1844 2686
781 2936
1581 312
887 1306
1253 3
1413 249
2629 1175
509 2156
700 1468
2177 1794
2339 433
1839 1233
147 485
817 2510
1394 2646
2964 2598
522 652
1719 1044
69 2088
741 1831
1866 508
2092 2436
2866 1217
360 2452
1723 293
1038 1566
2850 2612
1555 652
2991 1133
1924 2121
1920 1272
576 1783
6 392
99 987
2099 139
1270 2156
412 1858
1513 2552
680 1083
2950 2252
8 561
33 1466
503 2018
2969 992
1766 2839
1040 1661
847 845
1233 19
676 2536
1209 2431
1855 2603
52 287
744 1143
445 1546
852 104
2632 2792
380 1085
2385 1070
1710 1185
2691 270
1316 2553
88 1051
1178 1882
232 562
2591 1686
717 1033
1562 2291
2415 2759
2473 567
2402 1858
2870 425
2932 1077
2327 1131
2126 585
1149 2758
299 1134
2069 175
1119 241
2472 949
1458 816
251 2407
2957 2824
1527 1230
1694 2167
1075 716
748 2589
1623 535
2310 981
534 2011
919 145
1020 658
2503 1590
1850 1256
1792 1506
2270 1250
815 2662
2853 2671
1731 2024
1343 1751
2828 672
641 1626
1882 26
1131 826
396 692
560 2265
602 506
1009 94
253 2071
2147 2087
665 2485
2527 1704
2804 526
2176 2153
2185 591
1909 2255
1032 225
1627 974
2415 1850
454 358
207 2024
80 2578
293 490
2777 2604
119 2976
285 1142
2991 2782
632 2129
2475 2652
124 715
516 486
788 372
2077 2835
1270 2227
679 983
2871 2199
166 2739
1202 1578
2371 525
1831 2298
2852 1911
2676 1947
213 1878
2086 1202
1767 442
1605 827
91 1911
2143 598
1347 2189
193 1287
1755 1534
689 2281
181 1085
2202 257
2244 632
1582 1361
604 430
2765 1820
1986 2645
2418 2982
753 854
2199 2916
2752 538
1615 982
1974 2853
594 202
1564 206
1083 2597
2851 1599
99 2211
2805 2538
241 2190
2163 2091
1538 1682
1468 428
2791 227
124 100
2405 305
666 1965
989 2817
1380 187
566 1703
818 2768
1592 1927
1865 548
1887 2933
2425 507
702 2123
172 2027
758 640
2245 720
504 2424
488 1386
302 731
800 2179
290 2596
2402 2921
1176 2590
168 2222
994 710
55 1421
2475 2855
1297 163
618 945
315 1514
1881 2044
821 2027
1884 1436
642 2778
2155 2325
1528 1280
445 388
701 492
1498 812
2420 1879
13 2220
1188 1723
1050 1546
2616 374
2012 773
2154 2124
1016 1982
2593 450
2435 2990
1418 2376
1487 1632
2025 744
4 789
2711 1706
1588 2064
506 2475
2031 2481
2384 843
2979 2000
907 252
2800 2166
1563 258
679 1126
2022 2811
268 2456
1747 1626
1974 761
2978 2531
477 2697
1882 1351
1185 445
2123 2214
2640 2578
1 1035
2092 1578
109 1109
836 2707
2579 2124
2083 2994
437 1840
2405 2380
2540 1109
1588 634
1374 1375
537 446
1967 1627
86 1179
2202 1411
973 712
421 2610
501 936
964 281
822 1541
2645 1043
2379 1961
2002 934
1496 495
1323 646
1609 2651
2528 935
678 2876
181 1550
2826 929
1219 279
297 1468
1258 1205
68 127
742 592
523 1480
646 1461
2565 945
2760 2338
26 1221
2458 1991
754 695
1951 2756
1675 330
2293 11
2887 1195
2819 2831
1638 2857
2155 2380
2668 2911
1226 1177
126 1530
1670 158
375 792
1936 1754
2660 2686
2375 349
73 2267
1761 850
2319 1916
2325 973
2635 793
1881 290
2572 1616
517 2641
864 901
2313 413
286 2453
2568 1449
766 2376
391 1914
1878 2503
59 1848
1830 10
2946 1177
2579 163
2079 101
703 1008
109 524
48 948
454 744
1218 216
2555 2323
2432 374
599 2373
1094 157
830 1806
2027 375
1788 2165
1594 1820
1426 1130
35 1860
2433 1919
2209 2165
600 1589
1380 2229
567 1128
629 2026
541 1545
18 2508
2805 2026
2258 2863
1032 2517
1615 1216
1833 2854
935 586
2262 1733
14 2075
1839 2872
2986 1663
715 2368
365 2790
2338 100
1816 664
2762 2171
44 2260
289 2332
1793 1064
1389 888
2215 912
2780 1385
607 433
1246 2119
1988 85
1052 2272
788 2002
1535 2875
2384 446
31 1903
2659 357
782 1837
1433 1768
1664 2562
1417 1257
2573 2916
1932 1370
747 2450
2639 799
318 2081
2263 97
2748 1912
1895 855
376 924
2482 1838
1652 836
2423 2306
2399 388
1512 943
2223 1822
2823 2928
48 1784
834 2084
2808 1277
2140 2456
29 1552
1832 1927
2096 985
2909 2760
1756 428
321 2526
511 1958
286 1349
151 1529
2678 1399
1434 2932
169 635
2995 31
176 1282
1273 873
29 2084
471 2427
2690 1189
1495 1162
416 1678
2536 428
441 1815
610 2072
1698 184
1418 571
2031 2461
2465 2355
1485 10
289 964
2084 1117
635 1413
796 369
2772 145
2554 1208
2485 1320
938 2686
887 589
122 2597
87 1221
716 2514
1175 854
1665 1745
1079 1550
1465 1231
2935 2333
1155 1535
1799 2380
2586 2351
2748 861
1978 2594
2545 248
2239 2153
1558 978
1435 1146
2155 2291
760 2840
2605 691
968 1928
121 575
2094 2109
694 905
2071 1856
2727 2108
329 2942
1461 2670
1992 530
677 324
1782 717
1803 418
391 1490
808 769
1265 1189
2194 1951
1368 1552
2028 2986
305 713
2228 1591
2193 122
1927 1678
345 361
2175 620
2952 720
249 1791
2967 1411
1731 2686
2707 1324
2063 511
2991 2779
624 2362
1197 177
642 83
2237 1748
906 1384
287 746
2317 817
1240 1529
940 118
2906 2406
1314 2013
1411 2659
1450 751
247 580
2880 1445
1261 32
2049 274
435 2851
2568 290
2162 1936
2294 159
1311 1654
2560 2334
14 1226
1761 428
579 252
231 1069
637 786
1845 829
867 2588
2112 2742
2096 2330
1130 308
2390 582
1651 1586
2668 1453
1373 2337
2026 2231
610 2024
723 1198
2377 2656
1680 2046
2163 1923
2204 1876
1021 1560
2826 2921
1468 2872
591 2286
1593 426
2023 732
2078 2900
1854 1840
70 631
1384 2367
720 1414
1002 2907
2333 572
1681 684
1538 1791
2544 2649
2371 2132
2466 2051
1405 624
2357 2519
2099 387
2617 41
2746 2683
1906 1685
1642 2441
1825 134
2022 2713
1036 708
2902 2261
2363 943
1832 2837
1899 552
2064 1596
421 2724
313 972
1774 2495
1459 1043
2885 285
2578 2587
613 2672
2989 48
2694 2850
339 2399
775 152
1284 1351
511 2119
1497 81
1245 181
2635 255
1158 683
135 1256
257 2031
2171 2106
149 1793
2385 416
1755 229
2148 1855
884 135
696 660
1862 1425
438 1722
1584 594
511 2959
346 551
1696 1802
481 132
255 2900
2177 2664
2571 2520
2190 2386
105 1772
654 2699
796 1837
1952 2297
1815 1504
2601 574
2790 416
2622 1225
1846 2979
1376 780
2146 2926
2796 2030
2538 581
871 579
2950 1627
2831 2064
2565 958
2844 2939
886 635
2772 265
966 1723
2827 118
2575 943
2046 2487
2606 1406
1779 2225
1640 1525
1010 433
2067 529
1584 2797
2302 1859
1945 403
512 1220
2331 478
257 2835
878 223
821 1012
1047 2039
1108 259
2173 2517
557 483
2209 1582
2465 2619
2465 2097
1442 2160
2204 2986
2938 1958
148 303
2649 1384
2167 2396
431 2225
215 148
531 548
2612 12
52 1503
2872 1287
1353 1996
1909 1796
575 2713
823 2410
263 2803
1254 637
1187 2168
2654 1420
2403 1596
2049 843
554 2199
1400 405
2670 1292
681 1201
747 810
619 157
811 2801
841 322
1740 1849
2708 2123
1809 1914
968 1091
2370 999
55 295
1540 333
2561 2008
2611 1127
2732 2197
1128 810
923 1749
1588 729
940 48
2716 2981
922 387
2196 465
2544 1831
2668 315
1747 2721
1421 2024
186 2325
975 842
2915 419
1847 2983
361 515
1598 486
1213 1007
2301 997
2541 2504
1000 990
2449 2569
591 2997
2124 522
2587 345
606 2239
1549 205
1309 513
769 1171
1510 2313
64 991
2906 2280
2143 840
2450 1159
2242 962
2000 2339
93 2731
2558 2466
380 2206
1665 1267
2655 416
210 2937
155 2599
1606 808
172 1095
1924 666
2900 1220
946 127
1706 2704
808 21
1667 591
283 1180
2267 1342
2663 2688
1497 2883
1805 2135
2126 922
1134 1149
155 544
2083 221
2420 680
1779 296
410 2608
1225 2478
2916 2380
916 2438
26 856
579 573
1548 1379
596 1447
2539 1224
1665 2400
1516 360
864 1616
2334 2308
2471 919
175 828
813 367
294 2969
1993 322
2971 1550
401 1114
138 2574
101 2396
1692 2994
1647 1479
1391 1426
1114 483
1171 1477
2780 688
2322 887
1013 2817
2436 1887
789 936
1823 762
2084 1803
1354 1484
2420 1157
2673 1810
2902 271
164 87
1009 964
1182 30
1965 243
1322 1294
675 1550
448 1668
489 1437
2231 2462
1277 1083
2540 2906
1847 982
2591 1793
2292 1347
2171 2537
245 1662
110 1708
2863 1195
706 1015
1963 2779
2860 1525
2275 2133
1555 603
910 286
1756 1175
908 1039
2104 977
127 500
663 538
516 318
1889 1823
2050 1392
2068 2125
2860 877
5 1167
2440 870
1911 2574
2977 1980
936 1478
913 1558
923 2224
2724 1509
2358 1212
536 2035
1774 2075
2099 2095
60 1021
2928 2413
2880 2341
1514 2528
1534 2813
463 488
139 2134
1888 239
852 1004
398 2116
1320 541
625 686
1798 2377
2680 1510
2101 2821
1244 1028
1588 2934
333 1989
156 845
445 1158
708 354
2803 87
249 501
336 559
1060 2483
1283 2918
446 2837
123 2690
2036 525
697 2083
2159 1190
373 2951
224 535
1428 1669
1495 2410
2009 1820
1164 231
2353 2474
2185 1669
769 2268
1209 811
2858 1134
771 1647
575 99
1490 1591
2033 2051
193 877
27 752
2734 1999
1779 2709
2709 2524
725 1513
683 998
2690 2357
2851 2097
2239 1348
2689 805
245 2420
1974 529
435 1615
2985 980
1409 1630
337 1757
2326 1950
53 310
2969 335
1873 481
2291 1074
55 2312
1383 904
561 2188
44 1102
702 2910
602 412
1616 1314
2421 1225
730 2138
2527 2935
1579 475
665 977
1036 1948
266 1023
1922 1592
514 813
1540 2768
1791 1626
2423 1350
2862 1784
1846 2141
2292 1115
1380 2984
2035 1709
2272 919
2527 976
2721 2437
1433 2126
1350 1503
1373 1212
1565 1456
1592 1550
1175 2694
377 1210
1378 565
238 838
1307 585
2686 1648
2677 1403
1227 675
1056 2753
2990 800
2891 983
2517 1365
894 1409
2318 1723
298 336
1548 1902
1058 93
316 2185
712 355
24 2961
1886 800
235 10
1556 1091
1566 919
2259 1551
1116 2040
2470 2641
2037 2044
1462 1571
759 2424
473 766
2169 1234
2534 1309
2379 2446
818 2123
433 390
929 2766
1841 1705
2523 2752
499 765
850 1834
226 2050
2867 2413
2164 508
2626 2541
2758 243
1493 2283
1744 1556
1559 11
220 420
1614 837
1463 2197
21 2267
667 2243
2499 1830
812 1579
1474 725
632 1839
2920 1486
1616 1740
452 2933
295 1873
1089 1759
2510 2410
1654 1030
1769 1030
2225 657
2802 1368
2282 662
363 1880
1014 895
396 2410
1797 1592
790 2135
1903 2903
2788 2198
1014 2192
2830 265
2155 1605
632 2628
95 1219
1169 2985
2895 1481
420 2237
89 1174
1160 1831
952 1987
884 811
298 714
2494 1938
548 836
1737 2910
51 1140
339 2747
1620 1685
1251 2330
1023 2346
2832 871
2565 1277
2856 2925
2487 622
2694 534
386 2719
1538 918
2138 301
2047 873
2491 83
2448 83
2678 381
2462 1062
69 1668
1304 2916
670 2186
522 35
2453 469
857 85
2499 2646
2389 522
1611 2094
1822 2177
1859 1265
758 490
1444 341
1806 2725
820 2045
1740 557
7 1294
2314 1172
2573 2255
731 2990
2412 1731
956 81
1246 2209
1929 647
1897 39
2447 2878
106 2416
78 2324
1268 2361
2747 41
35 2723
2284 1947
2619 1807
797 2767
1845 1350
41 459
993 1782
1057 1056
1590 515
2119 783
1188 433
2722 1347
138 363
2843 719
1430 828
1734 1020
1673 233
2566 1545
1120 2920
792 1348
2741 1210
2279 1820
1069 1946
1798 684
2774 1296
2713 2075
260 1230
2262 2615
1278 600
303 1460
1624 912
1148 753
2071 110
2172 1490
513 765
445 1257
2532 1113
1998 1744
2422 453
109 2838
953 2181
1808 2190
687 497
1316 177
2803 1098
2907 717
109 2399
2558 1533
2283 1385
2851 1008
1760 129
446 2669
1432 1913
2450 1989
2750 2105
137 2123
2890 521
607 538
2276 2846
277 550
2009 2643
1810 2410
2946 2556
990 1088
153 1988
2263 965
2701 281
1369 1100
1090 2623
1957 2799
45 2795
1318 2438
183 1111
2856 225
1993 1592
641 917
273 2838
261 27
1642 2945
2181 2979
1327 2586
2405 478
2247 1470
2727 525
346 1444
1642 2114
2160 1300
901 903
800 2193
1324 1070
2815 568
2732 713
779 1201
1358 2861
118 2205
1234 2071
1379 1601
843 1397
1905 377
477 1514
2767 1374
2937 1114
606 415
1405 1359
1246 1662
2461 474
1952 583
2102 35
1571 1712
1797 1732
1646 1600
2468 936
1849 1755
2394 1707
1668 2712
2377 900
2663 484
2308 2086
1311 1954
1028 928
1288 1268
2042 752
186 1475
25 2864
1045 655
2333 2675
418 1021
870 1228
1658 1434
823 2451
1294 101
2692 2718
1946 2886
439 694
2004 2625
2126 1249
1580 1239
2952 1033
2492 1916
65 130
2838 2249
2583 711
1053 1716
2071 1141
2921 2996
1930 450
2565 439
2855 492
1816 1650
1290 2745
825 2496
1789 253
1559 2677
2369 1873
1663 1718
1523 918
2586 1492
2148 2370
2743 1184
2565 1365
359 1645
286 727
1234 1258
2418 35
1365 2944
1046 1119
1836 2131
954 804
422 948
2861 2638
2219 1417
1581 2926
2459 1129
50 991
2557 1809
1655 885
167 1461
545 2015
1073 2874
2318 1149
336 2870
2325 427
2791 1000
1466 1888
2678 926
1314 716
2815 244
2022 1644
2611 2252
290 1510
2405 2430
2722 400
311 1879
859 1678
1390 1481
881 1931
1969 2211
1585 1530
350 284
531 92
717 1857
715 2022
1450 171
2009 794
2845 75
559 229
943 797
2293 1630
1335 877
2366 1900
1752 847
2160 677
1906 2061
543 2730
225 382
2465 1556
2271 2675
2066 658
285 2769
2267 2940
2221 127
757 1651
496 399
151 118
1294 429
916 1973
2799 2609
2757 2567
1939 2741
2797 273
2549 2393
2299 726
736 1685
2754 1882
1747 133
1367 2180
1127 80
887 1026
1027 1738
2025 852
868 176
724 2113
1268 2687
1514 1196
1510 2585
2786 2187
2643 2388
48 479
2992 1822
2681 608
731 2000
1783 2326
2812 2152
1945 899
908 185
2014 1242
2456 2031
84 2267
482 2301
1622 1379
400 25
666 1974
2209 2379
1998 1553
2219 257
2855 913
1837 2370
117 1382
233 125
107 1520
14 2761
1732 987
684 2372
1024 2415
961 609
2278 659
2785 269
79 164
597 1096
1665 1265
1578 536
2240 2263
2292 1376
832 126
2977 2229
2395 1388
1115 502
2602 2184
653 2131
2305 2859
2377 58
1268 1440
1228 2430
1345 1341
2299 1559
890 1099
657 2869
2265 1826
1806 2319
2828 713
2584 1642
1139 1309
2205 1641
712 1655
371 977
1158 2989
2054 1154
375 2151
694 2002
1803 1222
2442 2764
1912 2663
2711 1746
583 546
1682 1289
788 243
722 453
2859 173
460 2071
1734 1306
1253 938
1671 2641
1540 1899
1231 2440
1911 2352
2920 23
1444 946
932 326
1286 2572
738 459
2086 2478
1471 973
2977 1478
85 686
2631 990
1160 1736
1083 1199
692 829
2555 491
1197 1189
1484 2292
169 2594
2102 1606
302 1871
688 634
574 211
2957 447
812 2215
640 1017
1040 1799
1235 2111
1763 1911
312 290
2683 1066
2144 2552
1514 2325
78 2610
958 2031
2039 2592
356 2773
1370 1680
487 740
191 2599
2815 2424
1310 2503
2754 435
1574 2328
1292 2051
1088 425
180 1783
913 2864
2219 1560
2624 1667
2583 1458
2619 1990
682 872
2870 2182
1224 1070
2921 617
2958 2737
1406 1874
2915 344
757 2751
45 1922
2310 928
710 2564
1923 2087
2456 218
664 122
484 97
2311 2667
789 2186
2431 2529
539 1865
247 1906
1624 2609
2887 2867
1340 984
2360 549
1884 2395
198 2262
1719 536
1399 874
1147 1762
450 2935
1732 2180
2908 391
524 155
980 2086
2685 2771
1117 62
979 2270
1868 81
163 2334
1972 1121
2364 292
199 2046
630 1303
242 727
2855 413
1466 1470
714 1905
957 2341
402 1594
1216 1572
2781 944
358 462
649 871
2944 368
2600 2917
802 2228
2498 2074
1988 2331
2168 324
251 2048
367 2928
2123 2321
1358 2026
74 260
1541 2856
232 1316
712 604
2563 2296
1843 1764
430 2358
2645 2741
912 2373
2866 93
285 1330
1042 2519
2068 2874
481 2691
1454 1888
602 2071
1128 795
288 1676
515 2646
2082 216
2702 1270
1202 1558
255 2626
1358 2019
2337 395
924 932
843 1250
1928 1166
1013 1450
11 300
2246 86
2674 2170
244 2931
2889 2222
213 2035
1018 482
218 2215
527 1830
2871 2212
2628 1401
445 2339
2498 2825
819 906
2399 1543
2563 872
685 952
176 1584
2037 1258
104 7
398 155
1364 2441
2126 226
2692 1744
1086 1512
1582 2786
2213 2001
2569 1589
85 67
456 802
805 392
1970 1258
578 2718
1331 1235
2591 704
1173 1050
2583 1531
2964 1279
1804 2242
580 1670
502 2973
2597 2816
813 106
2340 2537
1692 1041
1612 581
570 2922
1451 218
519 2291
576 558
391 1756
2242 2711
336 1211
2242 2903
2460 484
2336 2256
1343 824
943 2080
1239 1612
