3000 10000 0
503 2731
2731 2266
503 1430
2984 503
376 1699
1978 2340
2795 2146
297 1539
2960 2045
2579 1704
2813 758
2459 1950
2562 863
1097 578
296 1788
503 1811
2112 2705
2375 629
2731 2655
1248 2554
1254 2462
774 475
1539 2731
379 78
617 2731
1284 373
2977 1121
2128 575
638 1928
2731 1394
1641 2731
100 2067
2382 190
1792 2853
2214 2731
1765 1778
503 2458
2187 1893
426 739
1783 779
366 869
1649 387
503 2645
536 2984
1482 2547
980 2731
1055 856
2288 818
2195 721
2878 503
1109 2731
2659 503
2184 91
191 1433
633 2829
503 143
2646 1280
1511 253
1042 1784
1686 2973
2283 570
2731 1008
974 503
2646 1075
2207 1454
2413 2784
1926 563
2578 2731
2818 1420
2439 503
2135 1895
503 2472
1779 2025
501 2065
899 1644
2731 2930
648 2751
299 1012
1761 1665
360 2452
2448 1756
2731 516
2731 1027
777 2731
362 2731
276 2486
2919 1968
536 2877
1570 555
1613 304
503 1745
487 2684
14 2731
204 2731
691 2174
1011 2142
2919 1875
1804 2992
503 2991
2855 2731
749 1232
2196 97
25 101
2854 503
1266 2731
1980 1948
503 2074
1230 500
93 136
2023 154
2423 1085
2280 1899
647 442
2917 2636
863 130
2405 1648
2040 1191
1614 1527
2077 1943
1483 1254
263 208
503 255
337 503
1362 503
503 1207
115 2716
2092 2593
2463 1367
503 533
1151 755
2850 927
2835 1164
2134 731
1375 503
2435 503
2162 1727
2887 1421
1771 622
503 2924
1002 643
2177 1651
2173 2862
503 2042
503 2185
844 2731
2500 503
2731 1242
1152 1517
2680 81
2731 1870
2073 1239
1053 1267
1171 292
1137 647
661 503
72 1522
647 503
2731 1848
2284 2731
4 2403
2295 416
1647 500
1706 1546
184 414
2668 1229
503 2859
503 2925
100 523
1030 1384
503 1784
2756 70
1448 503
1470 147
212 1373
1044 2686
2200 2045
2731 650
2629 1317
2731 283
1952 1258
524 2731
2444 1444
1257 2095
2260 951
503 2779
1667 1954
2972 1866
2557 165
544 2386
2617 296
1012 2574
1499 2085
2226 1789
1253 2917
1617 554
2044 2053
1848 805
2597 831
1772 324
1202 503
503 400
2093 503
2771 2683
370 1291
1651 2889
1646 1248
66 2085
2229 990
1685 503
2126 1340
503 515
2312 131
792 2357
1853 381
2178 2195
197 124
2592 299
1666 499
1516 2588
1407 1435
2525 2160
694 1794
1660 2791
2731 1776
2402 2823
1053 129
2919 950
1175 1652
503 2281
921 290
2957 635
2019 1677
91 2731
2045 1916
2036 2201
273 1993
2878 1573
1714 1372
2621 698
1389 2731
2914 503
2233 699
2246 431
998 1359
1415 2631
1498 2022
440 1822
1743 2405
139 2220
1142 1685
1321 700
1392 1211
1396 886
1524 1126
2957 2555
1372 503
339 398
2820 2988
1563 2699
2731 2148
2067 1032
279 2372
503 1940
503 1904
1561 2920
2731 2329
1640 417
1580 430
503 1960
1314 2289
855 2663
2640 1718
1313 1721
1272 2363
1278 882
296 177
2293 84
503 1349
1486 2920
719 1308
811 1644
1565 1440
1851 2741
2410 65
2731 2240
2762 1865
312 1953
378 2247
2150 2766
1413 503
2131 2276
169 1289
671 372
2176 343
2731 2478
503 1648
2705 2363
655 287
443 1835
1718 164
632 342
447 2400
503 475
2293 1976
327 1436
243 2937
1964 2731
2320 1152
2731 1430
2731 1998
2552 2875
1760 646
566 1743
1520 2731
2152 32
2731 2941
1181 2247
1461 2740
932 2932
2731 1955
2731 2817
1633 810
1420 503
2605 1231
507 587
1268 2391
71 2804
143 1751
1103 2675
503 1010
2953 1511
1387 2369
2731 461
641 16
215 2727
2153 2209
1954 193
2030 2571
503 1912
2743 1158
2256 1461
557 503
1871 364
1735 2983
709 503
1022 1044
2731 2531
1180 1989
2387 842
2731 2551
449 1960
1152 1792
701 852
2470 2731
187 503
1572 1951
1105 2913
696 874
2659 2630
2739 1915
503 1393
905 928
2731 1007
154 1265
1951 2439
2833 2731
925 1928
1711 1383
1832 2655
1468 2223
2731 2038
1642 2731
1673 2332
1055 1416
418 2275
227 2731
2754 914
1700 398
503 620
2731 1575
411 503
2392 1031
1378 811
1634 1906
1549 1054
2843 317
1529 2731
557 274
1325 1722
83 563
1357 1734
152 2045
1310 2741
2159 1097
2048 1462
1513 833
1664 1542
2910 2673
2783 1226
2465 979
1961 991
2731 2697
2355 708
233 1195
2246 92
1155 2405
2986 1060
2428 503
2893 2731
1041 935
2639 2665
2307 2731
244 503
522 2673
928 451
435 1289
1037 2891
2959 122
2190 2167
2844 1098
243 434
2353 852
1664 2829
2845 503
60 503
2810 2986
616 1642
643 1969
1198 503
1025 221
2054 780
503 1414
866 2731
1328 1477
388 362
2059 773
503 266
820 138
860 2731
746 2731
1153 2731
19 503
1601 1020
1177 2593
1357 2932
1337 2440
1381 503
2618 1652
2458 2995
2327 2155
223 670
109 2731
1888 1046
806 910
779 1364
62 365
1039 2731
2731 2602
1344 477
1632 672
560 1999
1759 1880
1168 2767
457 2242
1449 1468
1342 2269
97 2949
1290 503
2731 382
2769 1578
877 1505
2466 2097
999 966
1549 1154
800 1469
2286 1769
2392 2731
2626 1281
1581 503
2170 1648
2990 1024
1501 1158
2731 2759
1870 605
1104 1561
88 1085
2826 367
1936 785
1859 503
2339 2507
1925 1848
2695 2488
731 1114
1435 503
1870 2584
1126 692
2731 117
1141 1291
480 2731
1765 2731
640 962
2794 2432
314 1799
538 787
1135 711
2731 2784
61 2340
1802 503
1704 1144
217 1894
2995 2126
2774 2751
118 1077
503 2655
1528 1230
2284 503
348 2306
321 2454
1673 2731
1299 78
79 2972
775 2366
2731 2987
2731 1093
873 2039
2964 1099
1050 38
2257 1970
2282 182
2754 269
1242 1063
1332 468
726 1428
2701 633
135 2250
1763 2457
972 390
503 509
1593 2853
1289 889
1681 2814
2731 409
793 2612
11 794
2178 2731
1667 2288
2656 1326
773 1086
2360 2391
947 1096
513 2731
503 556
1954 465
1638 1978
2013 2025
2731 54
220 2820
1175 2629
2409 996
251 605
1032 503
52 2986
2419 1693
2731 1269
2190 503
2785 1526
513 2313
883 503
1704 260
1862 503
101 2748
1607 2731
2309 242
2384 929
2571 162
2731 2132
2389 2733
1524 438
331 762
1662 299
2731 761
353 2257
574 1020
2731 347
1737 616
1163 1889
431 2731
2770 925
2699 1996
2216 937
432 503
1792 2731
2291 2269
92 240
1282 2434
1700 1048
503 2627
515 2398
1821 1811
1824 39
2268 284
2822 2515
2501 400
1853 1725
2351 1212
1776 2829
503 2584
543 2706
2703 503
1434 2731
1171 2920
503 286
1845 2383
2320 2545
2833 1195
2182 2
2950 689
503 618
1892 460
2391 449
2855 2250
2139 2928
2979 2312
2731 367
2731 2725
503 1572
2831 1057
163 1622
1043 503
601 2143
1086 2849
1484 367
1170 68
1371 1743
1982 503
1136 2857
1739 754
1490 503
503 686
503 1091
1913 2516
1601 1998
200 2164
2731 2945
1683 620
936 939
2246 2633
1860 2161
503 2798
2095 2268
503 2669
2731 2128
2547 2397
1313 503
727 1644
929 478
2094 1116
929 2384
882 503
378 2731
317 2731
1567 968
1077 1372
1970 728
1867 186
548 1305
779 1183
236 2506
1403 1055
1854 1538
414 2731
2127 1814
1403 1554
1175 484
748 390
1321 1602
1861 1154
1169 651
1578 724
1557 1248
1451 860
2760 945
1350 503
503 2718
1310 638
1909 1813
2601 2125
1156 2602
1565 503
1874 388
990 2950
1065 2731
2360 1424
1449 302
78 1213
822 328
503 2028
220 960
423 2731
60 595
402 897
719 163
1082 250
1569 2731
1097 503
190 1055
2436 1941
2593 2631
2152 212
503 2726
2731 2429
2344 2021
876 153
26 171
880 2731
1944 2713
2731 2068
348 477
686 2707
2731 2405
410 1215
520 2551
2731 1908
1757 503
264 1066
384 2094
1501 761
2836 2731
2848 2919
1352 788
943 792
232 16
730 2036
1378 2902
2702 1607
1590 1535
327 2402
740 982
2731 2211
2592 830
2542 1639
503 1881
503 2401
2330 1190
523 2155
2547 2137
1994 1054
860 2583
2420 2731
458 2381
2731 2264
2829 859
1655 1289
2256 2731
2123 2799
1720 1867
1958 537
933 2952
1017 576
1881 612
2324 755
1635 2731
2142 2731
343 919
1358 2143
2751 2731
2047 610
1611 2667
1266 1524
225 1502
1011 362
503 1703
717 2181
2731 33
347 854
503 2545
1161 1765
2731 936
812 2731
1175 587
332 59
2152 2731
1718 2731
2404 543
673 503
2750 503
2476 2532
2731 161
1429 1912
2719 2597
1812 279
552 525
503 2365
2178 2327
2035 1005
2678 2290
1815 601
2262 2071
516 176
808 15
1695 2731
206 1106
1805 2652
861 2236
63 1631
578 791
70 503
926 95
2508 2448
638 662
2327 262
503 2044
2998 131
5 2794
2731 1360
580 2928
414 193
963 2364
2731 2163
2532 548
106 2943
990 503
2558 503
834 503
2731 1702
1275 2278
282 1270
2731 1920
2282 2731
2475 503
2731 159
2731 242
2037 2203
885 2690
2614 503
460 2329
1697 560
2395 1399
1149 592
2435 846
2731 1231
2478 1514
1658 2091
2369 719
2204 1547
1271 2787
1152 68
420 354
209 197
1362 451
265 2879
570 2493
1201 2353
2731 1415
672 503
2104 503
2052 1407
1522 1891
1751 503
2002 2112
2783 287
2298 2416
1322 503
1194 2895
1658 2394
1250 2410
831 2731
1066 298
2114 2941
2731 2320
1887 1784
503 2347
744 845
407 2150
1037 644
999 503
1115 2914
503 571
2198 810
2870 2477
829 503
184 2039
1186 2731
330 1435
2731 2911
1156 1269
2645 2731
1229 503
1980 1345
239 1030
164 740
141 2468
374 309
1109 797
2383 2991
729 1489
270 31
503 1065
2995 122
2758 503
503 1927
2928 2110
758 147
2754 503
2343 503
503 216
503 257
831 503
1238 2522
542 503
735 6
125 1953
1778 461
2731 22
2731 2107
1772 1238
2401 146
2423 1126
20 503
2219 2315
2710 2731
1250 503
2988 2636
1207 2741
901 1276
1859 2124
2731 2797
544 2064
119 2618
2594 1
362 503
503 1003
2477 1329
1733 733
503 2482
503 448
1300 2384
503 665
1877 2731
2242 1108
2317 930
1537 1929
1039 767
2502 1454
2315 2731
920 2018
1211 1579
1227 1501
2731 2206
1438 1819
270 1812
732 1560
746 2764
1389 1002
970 2968
2469 638
49 2824
503 830
503 2396
552 1267
503 1045
2912 503
1446 337
503 77
503 2495
2233 876
1472 1130
2731 151
2975 2465
229 1601
2503 2637
488 503
794 951
566 2605
1311 636
2731 1865
111 2779
2808 655
1836 249
503 1794
2731 953
2286 363
261 655
842 543
1520 1071
2809 2724
290 2714
186 902
503 346
503 610
741 1708
2963 14
237 1505
2300 2731
2208 503
2866 2767
503 1948
1279 2731
84 776
1689 2292
606 1272
1359 2416
1254 1516
503 2394
2818 2174
2731 2959
1902 1868
1952 2768
2731 537
2514 859
367 503
1439 2731
1720 362
2731 434
42 561
2860 1997
2658 1062
2731 246
2966 271
1163 2731
1733 1332
1348 2660
2986 1745
2984 1990
503 2131
2407 1343
558 645
775 2731
2010 677
503 2014
163 2731
2731 295
1549 2738
944 503
503 619
325 1926
20 2895
1038 1315
503 292
1839 2731
2120 2091
503 625
385 1778
2087 1158
2860 2817
1646 2323
1893 1054
1074 416
1116 2052
1015 593
1530 691
108 872
2556 2113
472 1054
2294 2867
1607 766
2051 1285
1684 882
712 1991
266 2731
2955 1044
761 503
2857 2731
194 2908
2412 503
1190 451
503 1120
767 1742
2489 2027
1439 2089
1329 568
70 1703
503 2506
1535 2238
2408 2369
503 698
526 1192
500 2314
2731 2995
1781 676
140 2531
1567 1825
106 2820
2199 503
1039 503
165 503
2421 1125
2068 2862
1561 2433
593 913
1564 482
2555 2920
503 2576
1768 503
503 1914
1463 503
2983 2135
1700 347
2291 503
1207 2731
1983 2685
2674 2599
21 455
1924 1260
1200 503
752 2650
2711 2132
1093 152
437 1356
2697 503
462 2189
503 2842
2263 503
2231 2103
2311 2265
1387 2433
1587 2200
503 2836
647 1712
1004 503
145 1169
1548 675
1121 503
2898 2561
1582 1791
1341 2432
2784 2378
231 1685
1933 2731
921 195
1182 4
2604 241
2609 436
2394 2887
2934 2585
2370 503
2719 1703
2085 571
2420 503
2857 1849
1174 2818
1074 53
1801 2208
503 214
1893 503
1604 2708
956 365
2731 1787
2331 1368
1384 1715
1007 579
2288 437
1178 503
473 2504
2130 1222
128 1036
503 2487
1966 2181
674 1166
2895 503
132 1845
943 2625
850 2361
2917 2650
276 1116
2050 632
592 73
2370 364
1611 1592
1408 872
2216 1233
1357 528
2277 1306
1210 277
1941 2527
1190 1715
2246 2731
127 1901
1921 503
473 2326
2093 2810
2731 940
1025 43
2994 1503
381 1718
615 212
104 1625
1286 1549
158 977
534 1379
619 348
1292 2973
2762 2703
2096 2939
2291 81
1886 2597
212 2393
503 148
2731 2404
530 265
901 2611
720 1954
1201 2404
1574 503
2994 503
2628 275
643 2856
2283 548
919 1708
1096 503
2731 2423
301 2377
2882 1262
1898 1875
1468 503
2590 1886
282 2731
1800 414
854 1326
93 503
1720 2141
2604 2279
503 407
2433 503
2651 503
1232 266
1704 2172
109 503
518 1648
1744 1775
1625 503
2562 290
503 1849
1838 959
422 1931
1675 1450
384 503
1777 2557
1057 937
2731 2906
2731 1766
2335 893
144 2536
479 2166
1131 2685
643 101
518 1037
503 2687
98 2958
2731 1716
720 2308
1317 2237
1836 2731
1213 818
503 799
1167 2464
1053 2051
715 181
2379 2990
1583 1384
2113 2137
1757 799
2629 382
503 2533
2351 1787
2163 872
1433 1016
2552 1198
722 537
2013 2616
1606 1404
959 1432
448 2731
1113 1715
2647 1143
1129 2731
2395 1646
2731 473
525 1514
2228 2731
503 2181
1075 36
178 2263
2731 2535
1192 1593
115 2006
1365 503
1098 1960
697 2413
897 503
1221 503
1614 1457
815 1018
1892 2460
97 2750
2904 2895
335 1390
2198 2731
2400 2731
2383 2971
792 872
2473 287
2035 508
1596 503
2731 1646
1388 2957
1813 751
523 2731
2598 324
1815 1504
692 1998
355 2235
333 1236
714 505
2809 236
2085 2731
732 465
154 1635
1731 1925
503 1950
1252 2731
1500 229
726 503
2884 2731
1654 503
2479 1633
2798 1090
2731 917
1539 2816
229 2722
1668 2700
1425 2686
2731 313
1541 471
772 411
2731 1408
2395 1477
1145 633
2543 2668
1730 2800
2666 1393
128 1686
519 2615
601 2537
2731 736
2818 639
2731 265
2925 2731
627 1304
2556 1610
2697 1337
1644 1427
2731 784
1413 1492
201 2956
1098 557
714 2124
2398 1140
678 2044
128 1468
2245 2046
1877 1092
2299 392
1690 2256
2783 2070
1199 2807
907 1244
2524 655
2438 2057
2238 2731
1419 1832
415 2003
354 2946
688 2288
1414 1764
371 503
1550 2747
502 503
1258 2198
1046 1929
1585 503
517 1138
2731 1294
1291 1939
2731 2692
1994 2115
148 1428
828 649
2570 2731
1143 503
2731 1957
696 2239
1325 1953
1738 389
663 2729
2682 1722
1684 2731
503 984
688 1018
2856 2731
2458 1019
401 3000
1534 114
2441 2008
2027 2667
107 241
503 724
1538 257
2731 90
503 1728
386 1928
420 852
2219 2731
1720 96
1440 2268
2549 638
1011 2041
2731 623
416 1929
503 795
1453 2960
552 146
791 400
1469 858
503 2896
503 1793
1739 503
1796 2129
1689 1857
359 134
503 750
1323 2731
503 940
1592 1023
1434 1621
2858 2962
390 808
2731 2728
951 2757
193 503
2717 2112
1556 1395
1614 653
2731 655
2750 1779
2731 725
1750 1945
503 1683
1360 2024
518 2731
2888 2397
465 2438
133 1292
2697 1462
2731 545
2757 2393
588 594
2688 939
2928 2127
503 616
1202 1232
2960 893
1217 2731
1965 1577
2079 1064
274 647
975 765
2174 2176
2731 1672
503 1151
292 1423
124 398
626 1385
43 655
1664 2731
440 2580
2449 1567
2067 497
1479 223
249 80
1450 53
946 1991
1761 96
220 121
2676 1634
2849 166
1493 2210
203 303
503 1371
2094 628
998 2784
1407 1662
1284 1627
2011 2574
503 1049
305 1089
889 159
2531 74
925 690
2731 887
2592 2557
197 503
2969 1419
2350 503
503 1263
2642 1637
1626 2941
578 22
2096 1692
2296 2731
2717 503
2359 769
2498 62
988 2451
2731 826
2119 97
1068 348
2066 1366
2481 684
1989 2599
503 1998
1753 677
1798 119
1000 1569
2852 1643
1724 503
1781 940
2731 2357
2140 1576
934 533
1240 466
2731 1794
1287 2674
2227 408
1971 2731
1418 1414
2528 2366
1530 503
1089 1787
1233 1598
284 503
700 293
513 916
796 2031
503 1833
2201 2723
105 2759
524 503
500 1927
2228 2651
764 2370
202 2731
2748 2462
1725 502
503 758
388 1800
1599 1119
1868 2731
10 583
889 371
1156 608
2731 2196
503 1638
879 790
1178 2035
283 503
2408 2697
491 2980
2698 2731
2799 2444
2731 2270
960 820
934 1858
503 2949
1669 946
926 564
512 249
588 2940
2223 2293
503 312
1343 50
1462 1215
2270 1938
426 2085
744 2556
2731 933
343 914
1997 1292
500 1267
499 2094
1832 1942
2017 832
993 1073
2360 2438
2731 1060
557 2100
1676 2179
491 578
1267 460
1643 2546
1456 2731
1015 483
2731 1694
747 200
233 1625
2743 2731
1198 2807
1823 519
671 2809
1272 2731
66 1859
2369 2176
74 1633
1321 2731
730 741
217 2731
2706 1927
1990 2731
2731 1489
2731 1982
2731 2735
2430 1792
503 2474
54 503
503 293
864 1462
1395 1716
1283 1135
602 279
2560 2323
630 2861
973 503
1212 1336
2731 419
1164 817
636 1098
38 2472
1894 2367
1851 1142
131 2271
503 518
982 503
2152 1529
478 503
194 956
2710 503
2068 1637
1589 2919
2279 239
2143 2677
59 665
2045 2432
327 2731
483 2381
1205 2914
2821 1870
2731 645
533 1256
1444 1241
2831 1066
2749 1498
503 1523
201 2600
2731 41
1504 503
1276 2414
2517 696
1324 55
2406 1590
3000 652
583 947
503 2196
702 1332
51 168
2373 2211
2731 1700
195 999
2410 2946
446 1927
1186 2306
116 1337
1991 364
1312 560
2731 1924
2242 418
34 1353
1850 2437
1270 2172
2731 790
2302 396
2731 1859
1845 1387
325 1457
1272 503
2561 1751
2701 2084
1422 2209
682 2731
2731 2904
2830 2040
2400 2729
503 473
162 2004
2117 497
2731 1381
1630 2761
37 811
503 734
2731 2338
1069 2731
2731 13
71 725
2731 1349
1515 2731
1138 503
2896 1945
503 372
465 2993
1444 2620
446 2332
2681 2034
503 2340
1970 503
535 86
2731 800
731 1323
1640 2731
534 1587
2731 1657
1649 2255
1172 395
2943 1181
2560 503
2058 503
1196 974
2640 52
2416 503
1726 503
2419 576
2731 178
1933 2815
2569 503
1852 516
1854 2000
2179 1045
2436 1458
503 2097
1125 125
2123 2731
1154 2740
2435 1582
2591 1457
2731 2913
2072 2182
2609 446
2731 2907
2046 2694
1143 1745
1197 2837
2366 2816
503 417
503 1339
2964 911
1541 2607
1848 2755
1653 2731
1289 535
978 766
2689 503
2179 1498
2474 2731
2731 2017
2731 1538
2731 2484
503 2867
648 2311
276 2940
503 548
503 1497
640 1685
503 1752
2005 444
313 1451
1540 1506
2674 378
503 2036
2519 2954
1790 2340
2007 1529
1039 2163
1469 1535
1199 31
315 1758
679 95
2960 2444
2974 2167
2224 1416
2429 2320
764 986
2301 1675
561 2540
1877 503
162 176
1580 1424
521 2731
1339 1113
2489 1249
1452 2731
1766 2537
700 1181
2586 1562
1012 2087
503 467
1506 503
658 2731
607 1719
2731 1816
1280 1195
503 1368
2890 615
2629 147
2702 503
269 162
2270 2511
2070 2959
2221 2731
2037 2731
2731 1232
1902 2491
503 2464
503 1199
2731 2719
871 503
1558 2731
2731 1644
81 2075
584 503
1781 173
1396 139
558 1196
621 1835
2318 1112
2903 2384
2088 2047
958 259
2251 503
1873 1414
1999 2773
1617 1638
2731 1791
2041 643
196 1856
503 1130
2731 254
2245 2731
190 503
2463 1788
2858 2774
2294 2731
2061 2444
2660 1949
532 1644
503 1631
2452 503
1426 2227
2736 2024
52 974
1737 1864
2912 1569
1256 503
1030 1407
2702 501
1731 950
2731 2434
1677 1908
2138 112
513 503
2732 2731
2790 1304
1565 2629
442 2898
1731 61
716 2814
1436 982
2287 1043
503 667
373 2731
1531 1273
244 2731
2731 475
503 1042
392 652
2731 323
1239 503
2731 1958
1611 95
27 1311
2321 2731
2240 1530
2144 1249
2456 528
2970 525
1140 888
1479 979
2731 2124
824 2221
659 2885
225 503
1857 1752
1667 1681
565 2958
2550 2070
544 545
378 2982
124 1829
1908 821
1790 2332
1378 2731
1911 2358
1403 2314
667 2865
1027 1222
591 1232
2731 2088
471 709
2731 2697
503 1321
17 2669
747 1527
503 621
2731 1420
1848 503
2514 2331
752 2168
1104 1389
1779 503
2785 2520
467 2907
2731 99
611 1043
1899 666
133 2
2416 2001
512 2192
1867 1313
1538 1942
1881 1932
2820 1030
2246 2504
2638 1731
39 1942
2322 2909
653 1705
2731 2658
2680 970
721 1055
503 1108
7 2075
1184 303
2888 1771
1428 833
1380 503
2659 2731
917 858
970 1748
1237 1890
169 467
1697 616
352 2326
503 706
2384 1123
2519 1606
503 2444
1703 1474
2730 608
503 1133
659 544
2088 181
2906 1465
1705 2689
2768 2730
14 119
2853 74
1503 2731
575 2988
957 763
1493 503
830 2274
94 1478
1544 889
2963 2175
483 2047
199 2731
1658 1885
1146 503
2276 2731
1790 316
2061 2344
582 477
2824 742
2731 274
503 800
269 503
1186 1794
2754 2523
2731 214
1712 1838
694 503
2938 2059
1066 2383
2654 2206
742 1247
1080 2731
1003 1548
1859 861
2334 832
92 1855
1760 1871
2449 1326
236 2731
725 2569
1718 1784
503 1436
2646 718
573 2731
1491 1942
2175 2731
1935 1854
2035 503
2274 2863
1044 1447
1333 2100
2479 503
123 869
2420 1617
2106 93
2473 1271
2731 2657
1821 2148
427 503
697 2731
2845 1698
2092 1420
1909 2584
1710 1726
2687 1756
2731 977
2588 1860
447 503
801 2731
2731 2457
2896 1236
820 503
1713 1334
753 1377
206 2731
2959 2655
2599 2731
2375 2731
2968 906
2901 111
869 2162
2577 503
526 1098
915 503
2651 508
2848 1819
2215 956
2130 1393
1397 2138
1244 503
2639 1275
2416 1036
1922 503
792 1632
503 1190
2120 162
231 290
2221 1857
467 1670
170 2731
1795 2476
82 2607
1428 1941
2731 462
1399 2426
1931 503
2433 2731
1736 1044
503 2532
2212 503
1469 1569
2626 2618
67 2731
2674 878
2765 2238
153 503
820 382
1238 289
521 2360
1532 1682
381 503
464 557
1539 1297
2731 2576
1589 122
2731 356
535 199
1221 501
696 2127
2068 326
503 2094
2731 1656
1466 2000
1684 916
670 1473
1495 2112
2122 1257
1257 2241
869 1596
2119 2123
895 1372
2311 888
503 2307
1919 1218
221 2344
2333 517
1036 239
1878 2097
2383 627
1912 542
503 1267
1051 503
60 45
2649 684
1999 2731
2351 2731
641 2610
71 1593
985 407
2907 1053
2201 2787
2949 611
2901 503
782 2104
899 2731
2751 813
1189 2184
2624 2798
1778 569
2450 885
1491 2731
2230 2731
1049 2731
2499 622
1574 1647
619 428
1588 2177
503 2631
2163 1785
1514 137
669 503
503 2817
235 2073
503 1284
405 1431
307 391
503 1409
1075 991
1498 832
503 2954
406 193
2726 2243
463 2819
433 2356
1429 379
503 1864
2731 2378
503 389
338 2731
2203 2274
2785 1499
1307 766
1752 1261
1591 503
2795 2731
1662 2272
2946 2351
503 738
2731 1793
2599 447
1662 1004
2232 955
2731 905
924 2731
652 873
1757 1422
1891 1573
2814 2922
716 794
1351 503
2711 590
468 2506
508 2731
2644 921
1770 541
501 299
503 1123
1737 2628
2877 1217
2731 2864
2731 2356
70 2731
2128 854
2731 2141
503 376
1397 2346
2556 503
251 1467
1868 2282
425 1681
503 693
2138 503
27 503
1999 1793
1845 18
376 2481
2731 1113
1218 503
1519 1502
2352 429
1875 1270
173 1855
2969 1896
699 1921
2215 2331
172 203
503 1069
1328 1057
2731 2552
503 2363
1785 1113
1173 890
1039 143
45 1712
503 2756
2467 625
2639 381
2499 1123
2731 1215
1675 1300
503 927
2731 259
312 1441
2625 540
753 866
959 2731
587 1148
283 929
1162 503
1788 2951
739 503
569 2932
1548 2041
1812 2731
503 2323
1414 632
1416 1241
2792 304
2394 188
909 2731
2268 1291
404 2573
503 2698
1435 1303
883 474
1840 503
144 2731
300 1662
2501 1723
2731 447
1550 974
1000 1412
1336 2830
1957 231
2420 1919
962 674
2489 402
1529 699
1231 2265
1714 826
1368 2902
2406 2582
302 2570
594 1795
2731 1905
1364 2731
503 1247
2371 1911
1535 503
2731 1910
2731 1473
1398 1767
2731 973
2501 1918
237 2482
2281 2449
879 1510
1477 1331
1313 653
503 394
2715 532
2638 2731
1638 2838
865 1960
2325 121
1114 503
2731 2244
503 2188
2081 2868
2728 440
2144 1087
1159 1999
458 1250
2461 158
2233 1442
1802 2863
78 963
2731 2413
2098 2731
2731 1334
978 503
503 677
467 2789
80 956
2038 565
2023 887
55 2731
192 763
806 76
2731 1585
2731 1843
577 746
1601 2731
790 1806
25 2731
503 273
138 503
730 1112
1893 2930
570 2827
1597 1612
875 411
1661 1125
138 956
1543 1561
12 2731
657 317
919 803
503 1741
2963 2475
2731 1043
2531 2700
388 1285
647 2453
961 1784
534 950
1151 2636
2996 1221
506 1779
913 2647
1806 861
988 2826
1483 1523
2082 2731
1591 2341
225 2334
2021 503
2653 544
2236 2745
2803 210
1284 821
2272 346
2059 1509
2639 2118
1754 2112
1340 342
1137 2529
2440 2731
1712 2130
1886 2520
2182 2672
68 2536
2731 2824
2494 2892
22 503
1290 684
1651 2731
128 751
2240 1790
1016 687
503 2762
18 1250
2467 1642
2731 2801
2120 2648
2891 503
2462 2310
877 503
844 1582
2592 845
337 785
2096 665
912 2948
503 113
2113 2302
869 2231
2156 508
2362 503
1130 811
2731 675
1488 381
1450 2095
1459 472
2470 2910
2574 503
979 2824
2943 2731
2731 136
2584 1965
908 2731
814 1508
331 1193
2891 2985
1106 1490
2731 1578
1939 503
1912 2581
399 503
2335 541
951 503
710 2951
1649 2977
1455 2494
2844 2326
1877 2762
1516 1767
720 124
2660 2297
1943 2182
269 1469
2534 503
825 427
847 1803
407 1768
1026 911
2882 138
135 565
1953 2542
1100 503
532 503
1735 65
1843 2442
224 2857
1639 2441
2618 2604
503 890
2731 1510
2017 2697
1334 1207
503 1723
2825 754
1181 1065
2582 2299
990 143
2731 1744
2000 444
495 574
818 1849
832 1292
1550 2731
2314 1484
1625 2731
1885 981
2974 2378
2937 611
1806 503
2731 316
538 2293
2505 2630
2000 2036
2230 503
2731 2199
321 765
2763 2731
626 302
2731 1562
2333 2916
1984 1380
2809 1472
1562 503
2535 1659
430 2483
2738 2461
2319 2278
86 2771
1647 1628
2379 2731
1504 2409
1979 1017
893 2513
1077 62
263 176
2011 2731
2885 503
2119 2382
1680 2271
802 503
2731 1057
2555 676
1295 1542
1289 503
2036 2613
665 2731
1914 2261
1603 850
2503 2731
916 168
2389 2291
290 941
2164 1894
2706 1903
1966 1441
1943 503
503 2876
2627 2557
801 1748
809 1752
453 2524
1187 503
1943 1069
1936 2944
431 1335
938 2946
1170 503
1579 331
615 1820
1862 2731
503 2225
2157 1702
776 2970
1720 2532
322 1737
2374 961
1506 419
35 1679
1233 118
1800 1988
2731 2966
2539 503
1735 2499
1512 2909
1358 1525
2469 503
1185 950
1182 1128
2688 1188
1748 2731
1049 2821
2688 418
1147 503
503 123
426 797
2188 902
2731 2660
2943 1901
2715 2073
1502 1094
1385 2087
2819 179
1628 2182
2630 724
2731 1076
910 2993
2731 1075
83 503
1050 659
503 103
820 2731
2787 2893
1369 630
2731 1778
2731 1290
503 1785
2961 865
1239 180
503 678
2690 2905
717 524
1928 2731
2731 2258
2202 1572
2729 503
91 341
1158 1448
785 2552
853 2026
2825 81
1183 2105
1352 503
2978 1919
137 2087
1426 68
1944 1652
2397 2333
212 1372
2518 334
1958 503
840 503
503 1610
2731 1462
748 1683
2075 503
1446 2731
314 2583
2324 2178
2457 35
1935 395
503 1936
2223 2157
1277 503
2847 2820
2238 503
2653 2675
278 1027
1695 2743
2 564
493 1776
2731 2081
1828 844
2255 344
310 1982
1857 2265
503 2366
1357 2731
1341 626
2731 2654
917 608
1790 1232
1812 1727
859 566
258 1400
1573 1227
2709 898
1627 503
214 946
1298 698
503 2153
2731 1438
503 1077
196 450
1755 1640
2168 1290
2260 2736
1434 1872
1875 1082
302 860
1183 2273
1651 964
1701 1097
473 1488
2731 1828
153 1154
2436 1298
16 2731
1986 863
1911 310
338 1539
2863 2768
503 265
4 1622
1895 2070
1628 2406
1992 2622
1764 2364
2076 503
629 2202
1343 2728
690 292
2004 1609
306 1825
1906 923
2252 1787
355 2146
926 162
743 2339
1675 439
332 2777
192 1468
2698 2665
277 2436
503 2636
2724 968
503 1446
1624 239
143 2731
1300 2425
1520 2414
2436 1491
2261 1559
2087 881
1090 2731
2392 987
503 586
948 2101
2294 2973
2477 503
1605 2731
461 1769
2364 2387
503 797
519 1058
26 2304
549 1341
2883 392
2731 193
2047 192
1351 2132
2323 2538
1297 2731
503 1789
2719 142
2119 1776
1807 503
1427 503
503 1443
441 1428
2006 1713
503 89
2974 631
503 2070
1826 110
2731 499
2728 503
976 2604
2249 894
112 2806
2650 2193
615 2085
260 775
2990 2492
1860 2731
2731 974
444 1911
1815 1764
2731 2165
2731 1544
412 2334
241 989
458 2398
1417 117
1570 2949
1249 2336
2023 2731
1997 132
503 171
2731 1222
1238 2349
2708 1643
2977 2721
2731 1697
2668 1318
1021 893
2094 1110
75 2881
381 2364
2731 921
1786 2584
2789 503
576 2788
2731 23
2831 1868
358 798
503 55
1888 1268
2184 528
1460 441
2731 293
2732 503
1346 2575
2364 2630
503 1934
1026 424
906 2731
1257 1925
2446 1626
530 217
1691 538
931 2796
2639 185
721 933
2053 2840
1744 273
602 384
1680 601
1930 2637
950 1617
2731 110
335 503
816 2489
680 424
1258 2731
2019 693
1095 384
1609 910
503 291
2213 2801
1716 2901
999 2662
1506 1748
2530 2894
1959 2231
2425 1284
2799 1207
395 2320
1186 1046
2731 2789
2475 642
1320 2731
1602 2731
2984 610
503 2321
2630 1571
503 1031
653 1912
1556 2095
2145 2511
1503 1130
2669 648
945 2731
2671 480
1565 99
490 1455
2200 2214
2731 2679
777 503
2411 1955
2731 39
567 352
1316 2127
2447 1362
1214 2731
2200 1995
2284 1966
2731 2661
47 887
1488 2896
725 2220
2731 1422
503 749
864 1975
2731 2197
134 999
503 2122
402 503
2731 102
1236 1054
503 1172
2197 2323
2968 1306
1890 1478
1224 2314
2797 2092
2731 865
2821 2539
471 1305
2638 304
2915 2006
373 2497
2814 503
643 2821
357 2
162 178
284 866
2298 1511
516 50
503 2064
1577 2098
1553 2954
1753 493
279 2875
2706 2247
1030 503
1206 2887
954 733
300 788
2356 590
2766 2277
493 1837
503 2256
634 1184
2404 1201
2394 1158
2793 2731
1618 1666
464 2433
1306 2038
1836 78
2830 2274
773 1644
28 1024
531 2411
2875 2761
156 503
205 2731
503 1529
937 737
678 802
1470 25
2716 1044
239 1619
1172 1053
2442 503
2910 2543
503 1604
2667 61
1654 2731
2534 933
2369 1031
1962 503
713 1916
1057 503
2327 2232
2731 1241
2769 503
2731 1120
2652 2726
154 2731
2747 503
1409 1783
723 503
2693 1288
2731 624
1675 388
2099 806
1910 1632
2701 610
2247 1240
2731 2225
503 932
2731 1355
434 2048
1761 2658
158 2278
503 349
74 185
823 2101
310 2218
1677 1563
1665 1607
190 2045
2548 2318
461 708
2001 1503
632 503
2731 1499
1364 399
2930 503
1100 45
2861 2987
2731 512
1576 503
689 1041
906 2167
319 186
503 2102
2731 873
2149 1601
2874 2633
503 553
280 2439
474 2861
1975 1540
1581 2731
503 2455
2761 2119
1411 728
2918 2616
2164 2583
402 1693
1426 1306
1482 2801
2827 1545
2436 503
2665 503
570 511
2846 2731
2638 407
2056 662
2903 2905
2489 2109
2731 2923
374 2583
1743 95
1501 1567
2731 437
1081 1279
931 1546
2281 1456
2318 503
168 1324
2953 1233
1794 1199
2265 1754
421 1085
503 2821
629 2968
1256 999
1921 1397
2758 2731
16 1200
2805 115
503 1508
503 2286
2008 1563
375 1796
1571 1286
503 725
149 2424
219 503
1357 1770
1616 1453
1454 2672
2179 2731
2731 1938
1819 1095
33 163
2241 2933
1209 2568
493 137
518 2864
2731 286
609 1298
1583 2271
71 2190
2790 597
806 1484
167 1849
2446 1611
2731 739
2742 1683
237 2076
2942 261
215 148
2179 687
596 2492
1879 2954
558 1430
2082 221
2220 2726
2731 104
1429 165
815 429
503 2300
503 410
1436 2919
1966 841
880 832
575 1838
337 515
2519 1616
1383 1614
503 1657
503 191
1006 503
1862 829
1972 465
1875 407
1621 615
1648 73
1549 793
1148 2564
2911 2593
1390 410
344 2109
2059 503
1541 1308
775 592
1407 410
1225 1274
503 1181
1299 503
209 2195
2433 2089
1366 2827
980 503
1196 1527
2354 2844
251 459
2038 593
2580 2834
2339 1013
1899 901
2896 461
301 1212
2073 90
1915 2731
1591 2731
2763 503
1171 2894
184 1354
487 1131
1112 397
1675 503
1127 1380
2665 1479
812 539
1535 467
832 1912
2727 935
1696 222
383 257
1500 427
1798 506
612 2956
2798 527
924 1949
2519 2771
503 1852
1355 1002
2611 115
2826 1564
503 2283
2731 2514
822 2731
2731 1025
310 1683
770 2765
2168 2731
867 2277
169 2731
2244 2410
1868 106
1145 2620
563 676
2731 2562
1759 2731
2885 95
122 771
493 2277
2601 2731
2422 1419
2747 1369
503 345
2788 503
2248 1265
1647 328
907 503
1947 972
602 198
2581 1503
1593 1063
2 421
2431 1882
2645 877
1172 2731
997 1889
2855 1392
25 503
2731 641
2731 429
963 2720
2867 2542
2210 2439
2731 2973
1818 503
509 812
2015 2358
1849 2731
620 2731
826 2071
282 503
503 199
486 930
1164 2731
886 1377
644 2934
2612 1688
92 109
2940 2731
1340 1353
2731 180
2731 1133
1782 1060
972 2731
327 630
729 1830
2775 1936
2397 1009
2731 2014
829 2153
2731 2109
542 2562
542 1337
2731 1782
608 2142
2615 1684
2731 2114
1074 1919
769 2605
1561 503
2900 1959
1729 1243
1003 2731
2584 1862
637 1986
2988 2774
1986 605
1560 709
692 2731
1496 901
657 190
1115 2731
1727 1246
2264 503
335 2712
2848 1751
1203 2014
2203 2152
201 2883
2895 2429
1137 1171
1707 2123
1949 1853
1236 430
585 2731
820 1097
371 652
503 1264
1554 2731
2929 345
1384 1509
1153 1598
2738 287
1411 1932
30 2155
503 2127
108 2731
503 78
1921 610
1836 778
2443 2731
1774 2587
2347 2791
503 2551
1181 32
2455 147
2016 1355
2731 1820
1465 2125
973 2685
2858 503
1002 503
2736 2296
1231 206
1697 1455
503 1808
1419 2930
216 523
503 1964
1577 2957
1265 971
1102 1476
198 1083
2076 2752
799 1798
2546 265
2720 2328
1080 2856
370 503
2376 1473
503 2228
2748 1073
938 2731
92 2591
1307 1958
1662 2155
2477 1585
1021 1062
1598 2434
968 2570
2492 961
2531 1405
503 2372
1379 1774
925 386
1844 2145
2294 1777
1915 29
2273 2887
503 539
2731 1751
905 1910
906 2898
2731 311
503 23
2201 2731
503 895
831 1192
2124 1940
1602 1630
839 2731
503 1609
1636 2561
146 1491
421 2731
11 607
403 2523
1614 567
1413 2731
908 126
430 2221
944 1870
332 2731
2966 697
503 1090
2947 674
275 2731
2604 1866
1042 899
1181 2278
2285 2978
2387 503
503 73
2468 397
697 503
1202 710
2403 503
2731 1221
2693 2231
2074 1797
2785 503
900 1942
1322 2731
188 454
503 526
1199 262
2657 2534
497 1450
503 2400
940 268
347 503
2486 1519
197 2766
17 1247
789 1956
1870 503
2731 1779
933 2365
1201 2299
2133 2821
428 713
503 1094
2513 631
400 173
1706 503
2786 1756
173 503
2731 1904
503 2446
727 2280
503 1459
434 1287
1218 1614
2149 2926
503 1758
2615 503
1119 244
1398 626
1761 93
2389 503
412 2968
51 548
2045 2731
1456 231
2731 328
1804 306
1127 166
923 2731
1957 2486
13 1010
2692 2855
1274 2598
1046 1435
2976 1324
2415 2328
1294 2004
1545 817
2731 2127
2139 1503
1427 1474
2333 523
332 2499
260 2014
2731 679
892 729
2343 2258
459 1739
2731 2568
2731 1335
503 2156
1711 31
584 564
2766 2731
260 1259
2240 1840
404 1614
2612 229
1017 1985
2497 2384
1666 2155
744 1484
838 1029
2003 540
2718 2731
1385 2877
2703 2906
503 2126
229 1718
463 2069
503 1055
983 2186
503 154
1513 1049
2731 2542
1254 503
1858 2710
2507 1826
1130 1664
2656 2935
751 2500
2408 1363
1053 39
782 411
2982 507
2303 1335
655 1615
2731 2647
911 2055
41 503
1841 2931
2002 823
315 1876
2528 2611
842 832
16 546
2731 1087
1294 1518
1405 2731
2547 503
1226 2731
1496 1193
734 1283
119 2163
2400 1777
804 629
1526 1151
1605 409
521 2423
669 2530
1492 440
1104 2006
885 2745
1541 254
235 2914
2498 2731
1302 673
2232 363
2731 1622
952 1826
2704 503
548 2731
2331 503
216 1170
2275 2208
1907 1453
2230 628
1535 2756
905 2896
1296 2731
1669 709
2731 2961
2110 497
2255 2278
2088 1792
2324 2490
2731 879
503 1475
2736 833
2008 1108
2731 374
1952 236
686 2397
2043 503
2731 2574
1940 361
612 772
1003 1237
1194 1814
2096 503
305 2518
2941 1593
1503 1857
318 1479
686 1275
1050 1525
2254 154
923 1511
1252 111
2897 2731
2296 154
1569 2589
374 1022
617 1180
298 503
2985 2385
2731 843
2168 1459
1395 1149
1323 2555
2078 2737
1250 2275
2009 438
1753 1829
280 1460
1806 1865
1467 610
2983 870
1183 2731
1099 2731
132 1809
115 2803
1133 2037
521 2984
2505 2731
328 835
483 1755
1495 1281
2187 1627
2315 1737
2088 2945
2214 2330
1868 973
2548 144
2617 507
329 2915
853 2291
2731 1235
503 2995
2476 2455
1749 2731
2814 623
2554 2517
48 1110
1564 556
365 1833
1343 305
149 2591
2731 2087
564 1928
343 1678
1296 457
2255 304
2304 2437
971 1637
1519 503
2077 2531
218 932
2511 503
427 1445
1903 2731
2438 107
503 948
2254 2406
894 909
2609 2687
2731 2040
1738 280
1701 2502
2731 515
1158 474
2950 2291
2949 2901
1786 111
2330 1274
2854 2731
1802 1607
1871 296
1722 1004
1019 2652
2822 1885
503 1748
1425 1924
59 1120
2826 503
2731 2086
2671 76
950 503
1293 642
2385 503
2545 2610
209 1878
2093 2210
2481 1526
503 2505
2731 2900
267 2888
1366 1727
2330 2731
2878 2555
1691 1299
50 1370
414 1902
1435 235
1700 503
1910 1552
2711 503
758 2981
196 503
880 2532
1874 2731
2048 853
2731 1228
433 2731
238 1332
2144 441
2923 503
564 503
1582 1484
600 503
999 71
2452 1585
1668 555
2731 1599
201 563
1150 2337
1770 1367
1916 182
137 764
2506 2731
2702 2731
87 992
1373 2656
2008 503
503 1698
2663 209
2441 724
1148 2731
2476 552
1948 2731
2731 900
2484 492
1517 2731
418 503
1105 503
503 2108
454 2820
1300 2731
828 2421
2975 1391
2837 2834
2731 1281
1114 2731
415 440
824 797
1775 1028
576 850
2204 1913
1925 503
2479 201
402 2731
1861 297
2055 336
2224 651
337 788
2896 1790
1720 2135
2742 725
9 622
2574 1990
503 1495
1213 1868
124 1047
1678 504
265 1719
1471 321
346 2731
2472 2490
2912 2731
2042 2731
926 1061
454 440
1340 2731
1329 832
1489 2730
1073 2731
2188 1475
2820 1939
2731 443
503 62
503 1795
911 4
503 1184
1165 2585
1969 2946
670 2414
2009 2636
1080 2848
2342 503
1685 1535
2360 866
1889 2851
1139 1164
1071 2902
83 1234
2644 1071
2818 2346
1314 1656
1376 1366
2208 2546
2033 2307
1687 503
263 164
2731 2488
503 2578
906 2217
2796 503
780 2597
109 2372
1943 1418
830 1438
2054 141
583 305
1804 2291
2731 238
2698 1869
2055 1333
1630 458
240 297
2713 2913
1691 1070
980 1858
2731 2316
462 2964
1070 1980
1256 1816
2385 2529
346 809
1564 1425
562 2137
1106 2731
503 2802
1420 2027
9 2893
2024 1780
1475 1888
1154 70
2798 1772
2731 1371
1763 924
1071 294
204 503
1319 1243
2926 2646
1725 2621
240 2586
645 2586
2701 2588
1400 503
2135 441
381 297
1892 2609
2101 503
2231 503
531 2374
1972 827
315 2898
1939 2681
489 2775
897 607
223 405
1834 1581
2060 774
1571 2731
503 429
503 1461
162 1260
2271 2887
564 1934
605 898
2731 1299
1673 2302
2794 989
66 1584
404 1825
2648 503
1419 486
2188 2264
353 1461
2077 1121
1251 1522
1632 2731
1498 2966
2026 572
503 2086
1876 1513
715 620
2778 806
2404 1661
503 1403
2241 697
503 1688
256 2363
2312 709
139 503
2864 503
1631 2419
2035 2837
2731 426
2810 2999
85 2739
503 2289
503 1186
172 1539
369 2731
552 666
2731 2625
1382 2731
2865 1288
1301 2886
1013 388
2703 822
2731 2981
240 1619
2271 766
1815 2731
901 731
2395 414
1955 100
67 503
2153 2731
1669 2151
2731 454
2900 1956
2731 1623
605 1598
1486 2731
289 1323
355 2171
503 449
73 2145
2197 503
517 503
399 2645
902 1690
642 2647
2255 1507
2569 894
1376 2806
2731 1108
1932 94
407 2731
2097 44
1525 1711
1978 2670
1488 2738
10 901
1198 2379
2536 1168
1974 1522
1251 2815
485 1291
2696 401
848 1882
1048 1030
2833 2460
503 474
2213 38
1823 1572
1197 2638
1583 1625
113 2731
2380 1743
1293 417
2905 412
1197 2620
2731 1493
2287 2350
2754 1183
2236 2494
1450 1241
2383 2243
1348 1310
2731 969
875 1765
1779 2394
1208 2166
716 260
503 386
2173 1473
250 519
503 2288
543 2947
1165 1370
1660 1688
1806 561
2388 1190
1656 1626
1441 1844
2320 353
2729 1076
503 338
2731 96
1178 1600
2447 582
194 2731
1543 2552
2568 2808
292 2545
1990 19
1819 2398
2866 373
510 806
2220 1959
1078 2222
763 2152
1645 37
345 1793
1024 1455
196 2510
822 2369
2870 503
503 2943
377 2692
157 802
845 641
340 1639
520 2731
340 26
2567 503
1694 503
1531 2053
2731 1767
444 1733
61 1863
476 2343
483 2292
503 333
652 239
160 652
2731 570
1430 178
2731 1736
2542 503
466 2731
240 2416
2692 2139
891 2419
687 1504
2928 506
1559 2779
1950 736
1480 700
2176 1575
503 2178
877 1329
503 2680
1149 2731
2775 136
1306 1184
543 1436
2340 2731
264 2731
2058 2451
1771 2731
831 190
758 1380
804 702
2172 2626
35 2996
668 2309
1075 2644
1048 2292
1156 2001
1829 2731
510 156
1843 1247
1393 367
2748 2650
1485 620
1429 2157
1690 2731
1599 491
2731 770
2894 263
1333 2819
2427 1628
1504 2124
503 2135
1583 2731
1269 1074
961 166
503 130
1548 358
1446 6
1270 2731
647 366
2726 1569
1885 503
2100 1988
1874 524
1336 951
430 2555
2293 656
2614 2666
424 2360
541 2731
1866 281
1863 2803
503 2246
950 1810
1870 1491
837 320
503 12
503 1205
503 1444
1290 2726
519 430
387 529
897 2731
331 1493
1058 2843
2946 2731
2366 475
2464 2731
1980 1712
1167 2054
2223 503
651 1425
2646 1584
632 1641
2731 1956
1549 988
2324 503
1203 2208
2837 457
1622 503
2164 2730
2731 2031
1564 1270
1204 877
2337 2247
1427 1016
44 2731
1143 2835
2354 588
2143 2731
211 2722
1551 2080
298 1599
1072 2281
825 139
108 2318
2899 2070
2731 2727
1291 2387
1101 503
876 394
1853 237
503 1379
2961 1741
1058 2731
105 1698
838 1195
1799 393
278 2731
409 503
168 2731
353 1139
2706 1277
1465 1004
2731 1410
503 762
2731 2712
503 2142
547 503
379 2731
2163 503
208 2145
1280 427
2971 503
1287 1497
1928 68
713 2240
1968 2794
2731 1199
503 1112
1059 1049
757 135
73 2697
2696 1802
2731 918
1347 765
328 1223
503 2907
206 508
1319 503
2619 503
2731 1643
22 958
2805 2963
2721 2731
621 1455
1496 2697
132 1673
478 2559
2616 120
2771 2731
2406 1392
1448 2731
503 2430
2422 1167
1362 765
1344 1681
1820 503
1615 2117
63 2120
313 734
1619 582
503 323
907 842
1342 2354
2112 2217
2731 2646
1656 864
876 427
869 2838
1957 276
1129 1602
1418 1853
2058 127
2833 795
2731 65
2615 2005
2787 1447
579 503
1153 1897
2972 895
2529 184
39 503
2031 833
1428 2253
1699 1291
1134 2731
1454 2731
2796 2731
75 1584
301 2281
2852 503
1785 2919
986 738
999 1350
2057 1426
816 1333
2876 1463
663 1864
781 582
815 206
648 186
503 42
2761 764
667 1780
1519 1965
1669 2731
1866 1152
2009 287
2608 2178
2377 2731
2478 503
747 995
949 1362
2150 2626
1312 1095
1511 503
174 2148
1069 2175
2059 839
2731 2525
1868 2170
2340 2814
1019 2594
1882 2734
1429 188
584 2712
1901 1238
2254 2136
1649 1455
334 2566
2104 1795
2436 571
1960 266
654 1320
1001 503
264 2755
960 1478
66 503
503 1297
1296 2553
2300 1818
356 2978
719 1090
1804 1921
2452 1615
993 956
891 226
503 1423
503 2810
888 2731
1935 503
1649 2769
460 503
2355 470
503 2443
503 47
1309 751
2937 1644
1056 503
980 2863
2113 51
960 2546
377 2591
2473 503
231 2894
2742 2667
1511 482
2013 2114
719 733
411 223
2771 2929
2207 503
1314 1069
2279 1888
1341 2687
824 377
1754 884
2551 18
1856 1832
847 2731
2890 18
1821 2165
1941 1834
2859 2370
921 154
1516 204
784 250
83 2084
405 966
1588 285
2731 748
72 910
1758 2731
852 344
942 1900
2026 2350
2112 503
2731 197
393 297
2941 503
1566 503
26 2754
1003 1322
597 503
2153 934
2426 503
323 304
1702 1852
2071 382
704 1652
2348 2731
2329 1589
1134 2032
2800 940
1939 805
214 1756
1367 1235
768 2080
713 2922
503 1947
503 469
1818 2929
2731 406
2425 2150
2731 2589
334 629
1474 2769
2731 2265
118 1739
582 2731
454 1799
1113 1056
2916 1540
248 2731
1662 2394
1229 1450
2441 2731
14 503
2731 315
1592 447
9 2103
1556 1717
2043 1496
2089 2731
2169 2309
2513 451
1268 1711
1355 2342
787 354
888 503
1193 503
1116 2279
84 503
503 1392
2015 2736
1843 417
2731 82
2731 1739
2454 1965
1883 1628
1779 2654
2731 2781
1665 2565
2853 2731
2255 2702
1989 902
1803 1680
2214 503
2792 1912
2814 2059
2349 2558
434 503
22 2703
2731 1922
944 1503
867 550
95 1042
2383 179
869 712
1244 1151
124 2710
288 1784
1810 1640
322 1444
843 967
2731 162
2374 217
551 2731
2374 754
652 2079
588 2108
2828 628
1336 503
2205 2243
668 1771
2731 1447
1167 1932
2518 1918
1635 1714
2645 1314
1161 1196
2055 2077
2432 1466
1986 1054
2731 1239
503 943
1801 2407
2642 1794
2731 2669
503 790
666 848
2395 2718
2731 1901
2731 495
22 1365
2975 1352
2846 47
2882 1667
1892 421
745 885
586 222
475 2157
99 503
937 1675
173 554
1213 2082
2652 2204
984 2711
1469 10
2933 217
710 347
1277 1305
33 175
728 2113
2951 2209
1077 30
2791 1452
1924 921
1788 1679
1392 2731
1061 629
1209 167
2818 2234
183 2731
82 2885
503 1809
1229 1636
2558 1720
188 641
561 2533
2055 1316
1183 2199
1613 503
613 2670
987 1013
2193 503
2731 931
843 893
93 65
2731 408
1230 631
1755 2184
2776 2115
596 1080
781 2731
1747 442
2567 260
2621 1353
1483 609
2265 731
596 503
2490 2140
1594 1805
981 1468
2153 1171
2891 1724
1141 2369
2580 503
1583 559
1101 93
784 659
1178 2476
2988 478
2781 503
2731 1288
373 762
2871 2200
1544 798
503 2480
2731 64
1491 711
2219 693
782 711
607 821
671 2151
1516 1158
2395 2740
1832 939
2179 1102
476 673
987 2582
1604 1145
2927 2259
2731 1285
2425 1684
582 1762
1677 2731
2893 1176
307 2800
2725 701
1661 792
503 2107
547 1959
72 503
2123 2227
1761 418
900 1784
2572 2729
2624 1923
105 503
285 2715
1868 503
1516 2222
2210 2087
2014 2535
2141 618
283 388
1999 744
2731 1513
1852 2731
2780 1644
2260 758
797 1670
1550 184
2095 365
2139 1141
2375 428
2612 2731
2043 546
63 2834
2731 1244
1847 1632
2753 607
2731 1311
2928 215
2890 503
50 2363
2187 2731
2756 2731
731 1263
1526 503
1306 1010
952 2898
219 2959
674 2651
1028 2451
970 1686
1581 1648
2812 1312
1580 1776
2721 2684
1267 537
1600 2996
2731 312
147 2761
2052 917
1809 2090
1534 2524
1648 2435
2069 2579
1881 2560
669 1732
187 226
503 1359
2363 1137
2172 503
1197 1226
503 2316
2208 1455
2731 646
1145 1619
1317 45
2501 1098
2156 1456
503 679
1206 598
99 1213
2731 393
2731 1450
503 2806
211 2198
1255 1542
2508 1961
551 1763
2828 1649
271 1612
1822 842
2688 644
360 2426
850 1753
2750 401
1667 627
2621 503
2679 207
2491 2731
503 808
2731 1151
2844 648
2966 700
872 1392
2236 2508
42 563
42 1166
2402 883
2117 1699
662 375
1300 570
2731 127
2731 1400
2654 1260
2268 449
614 878
2731 1840
757 1009
1883 568
1441 122
2198 2887
2437 832
459 2220
2837 503
535 2731
552 470
2004 735
1301 2326
1567 2613
1650 2731
2849 1232
2839 523
2452 2731
1657 1265
1224 1790
2731 2208
2731 2166
1736 2518
1954 747
2812 1990
2029 1113
2050 2731
2731 543
2925 1583
2542 2493
1074 503
2096 2731
2013 2640
1869 2731
1309 634
2466 2823
250 178
2731 1691
1863 503
1970 1993
488 2939
1967 1649
2982 2024
2483 1763
1691 294
265 854
135 2926
1621 2325
91 1441
503 2926
2731 1548
2059 253
1956 1905
783 1467
1787 579
2193 1273
503 1248
2731 1220
1345 823
1648 1610
2005 384
1048 2613
1800 2278
2400 2971
306 503
503 1450
175 1357
159 1587
2303 943
403 2000
2689 2780
2790 2938
982 680
2863 1824
2731 1368
835 144
2063 1392
2731 1832
2279 2636
2427 1191
432 1846
2280 3000
2345 1777
2834 397
1464 19
1673 2593
2048 503
2731 165
2008 1008
886 330
360 601
527 1687
2814 2748
1382 503
361 2085
2731 1171
2656 1764
1924 1664
2437 1013
92 503
1594 2584
871 150
2453 1557
2090 503
2734 503
1593 2731
1536 2267
2803 492
213 503
1665 1299
1589 618
75 680
115 515
1873 1002
1230 2731
503 1990
1318 403
1248 1764
2876 2731
102 2095
1866 1095
1365 2731
503 272
2185 2731
2833 2161
1410 1746
874 2489
2731 1030
2260 691
2263 2124
2221 1099
2212 1652
734 2882
2598 2485
196 61
512 503
306 2973
684 2009
1802 1896
2824 1840
503 617
535 503
2885 2673
785 654
823 1802
356 1209
295 1315
2208 1418
1345 1053
1156 1158
503 2799
1441 2881
418 983
2916 2839
763 1655
527 2731
717 1218
129 503
503 2344
140 826
1047 258
925 2870
1232 2223
1170 2038
1257 427
2731 2006
175 596
401 2731
623 909
1008 2879
698 1176
2731 2254
2441 340
2638 2902
1717 1860
613 2543
1335 2858
2731 1504
2369 1450
2644 1483
449 1421
2375 2501
433 738
503 2314
503 1189
950 1894
2151 1666
2309 2926
2606 2236
1540 2236
1658 2194
278 473
2339 749
503 537
2026 2731
2744 535
503 1567
1186 2618
1060 37
2004 702
1377 2731
1820 1402
229 854
32 159
1359 953
1367 632
246 1001
1833 283
1450 2604
485 1873
427 2731
2731 2918
2424 227
2731 1729
345 2085
2731 1194
1452 2641
851 1286
503 1812
2860 2418
201 1182
117 1032
2961 503
503 1364
1818 2302
1326 1889
872 1283
1923 2487
770 892
683 2731
904 74
1894 2719
288 1007
358 1466
1648 1420
202 503
1793 517
3 1945
2309 2527
2731 618
1113 202
2942 503
1507 1875
2258 1059
202 218
280 1292
930 2731
1519 2731
1106 1858
2086 1441
1521 1050
1198 2116
583 179
100 1046
2522 3000
2579 801
503 1778
503 186
2731 2066
2011 1121
534 2528
308 1977
520 2612
228 2156
503 2712
2538 1569
503 1607
1434 503
1712 39
2556 2731
2955 772
1922 2698
1329 2731
2471 2221
1920 2151
930 2193
1808 1509
2770 324
1063 2166
130 2731
2731 724
1499 864
503 1956
2110 2044
111 2521
2235 763
503 1067
43 138
140 1800
503 2159
297 2221
2722 938
728 2926
2937 401
2330 696
2345 2128
1967 636
1961 2731
115 2651
471 187
815 2731
1742 2184
398 2731
899 2771
503 899
1933 2401
627 2208
503 2309
1437 422
2315 1942
2292 877
649 503
751 2731
225 562
1692 1259
563 2602
92 2731
2618 1578
123 1345
405 1658
355 2728
2731 1898
2762 1409
2846 864
2213 216
378 1369
267 2798
503 2522
2731 703
357 857
1833 2731
2731 533
1530 2941
867 997
198 503
2790 2758
1589 2731
2700 2849
1735 850
661 381
2002 1728
916 288
2180 713
1032 2395
2250 1853
900 1570
724 1262
1244 803
2491 1377
1726 1125
49 1794
1546 2544
1425 566
829 2731
1730 1744
2427 1066
3000 1280
2810 2649
1055 1567
441 332
248 1093
339 503
92 595
1617 1011
1793 1222
1066 1727
2033 577
2013 6
2731 2291
2731 2182
1532 1419
1307 2385
2536 2863
2098 1554
1382 2828
2837 431
503 842
562 443
1939 2182
995 503
900 1875
1953 95
8 136
2237 2434
709 1028
1196 2449
503 1815
2097 277
360 1444
140 1813
828 503
2440 2446
2712 2787
2715 503
2909 1599
543 2951
2731 2969
1230 2177
134 748
2691 2731
1206 1328
1479 1128
18 2775
2315 2882
2356 369
1807 2731
1337 2239
1889 2306
2731 1146
2197 135
988 1554
1280 331
2938 2731
892 957
1886 624
751 1182
2386 503
2172 2731
503 1603
1379 2731
2819 503
269 812
2736 626
400 2731
2096 1181
503 1537
1752 2635
503 2724
223 503
1060 764
715 2717
503 1553
1489 344
1577 2619
2457 778
189 292
2313 1628
1902 2335
2405 2447
503 2367
965 2300
53 1816
1152 503
503 2553
1176 1865
308 503
503 2688
178 2028
1315 2889
2848 1773
1378 2844
404 179
1179 1559
1902 332
1452 998
1223 2979
1067 1098
335 2134
2731 749
1777 238
586 2731
547 1854
367 122
1531 503
691 2809
2731 383
2998 950
892 2731
2136 1463
1337 1231
2676 934
632 2803
507 503
1192 2790
2771 503
2731 279
2654 445
2424 1646
2108 1777
2503 1241
2045 435
503 2282
916 2339
971 2779
979 1792
2731 2579
879 1798
170 1004
2731 2715
436 546
1268 2268
426 111
2731 37
1714 218
2578 1299
785 1362
2748 503
817 1653
503 102
2425 2361
167 2731
2127 605
1004 2859
637 2831
2147 762
2997 2561
503 866
1729 2019
503 1222
2731 2220
503 2744
851 1587
2001 581
2731 978
2392 731
2349 1694
309 1517
2731 2656
2864 1947
257 1169
1741 2731
503 2589
792 1062
503 880
1447 727
2273 2956
503 1589
72 2800
2730 2437
541 2344
503 1231
1248 1988
1834 148
478 2779
2371 1175
2604 2359
2883 503
250 2731
2731 1658
1460 81
2941 1534
1761 2731
2541 2975
2017 2927
2545 2731
1753 64
1375 1774
1176 1286
2911 914
1723 178
1878 2503
2539 1119
2378 503
2684 2731
531 503
1328 503
194 2099
503 969
526 78
2745 1071
170 503
2731 948
23 470
687 2575
1849 2202
1475 624
2104 244
2172 680
2731 1428
2916 367
2076 1220
1780 2042
423 1327
1017 1042
2640 2532
235 1509
945 2347
2485 2704
957 2065
432 122
271 1243
503 1343
2155 411
2524 1291
503 654
850 2731
1379 1256
1075 2435
1668 1997
83 2167
895 2626
747 1840
72 2731
64 1535
1933 973
1869 2561
1336 1294
1150 2188
2731 225
60 193
1276 52
503 784
1353 2787
2731 2021
2731 1682
2198 503
1217 503
1223 2731
189 503
775 503
1463 2199
2342 1104
541 739
150 739
1387 157
1918 2401
959 2285
1942 503
2711 738
2519 503
2022 2177
1607 1900
1481 2969
2918 688
2162 2202
1698 60
2731 129
2197 1734
503 393
2387 2731
1469 1807
2247 517
1788 2398
1850 2026
2731 2629
2731 1289
2325 2731
1532 2000
2731 2764
2731 1054
694 375
1357 921
908 503
251 1096
2731 861
2806 2731
503 264
503 192
503 1286
2823 1150
503 2956
2731 306
2040 2374
1890 2471
2731 291
1000 2156
638 2731
1251 2314
1325 2731
1113 1417
348 503
2731 2319
587 192
2038 865
2579 1616
2997 435
1623 2514
2007 575
1104 2572
1109 310
287 2731
716 2790
2101 2575
503 1888
503 1469
1181 2911
1400 2339
2593 692
444 1158
1118 1651
1408 1534
539 1578
1983 2094
2284 801
991 2479
1128 167
2105 2731
2313 1334
2524 2948
1147 2168
503 194
858 675
749 399
2007 1474
1099 156
2600 1089
877 278
1041 503
2937 1096
2531 275
1136 1257
1289 1467
2886 2047
690 1621
2731 1613
2731 1773
503 1926
2244 1333
792 2920
2731 1888
234 1628
525 988
2360 1905
1552 2859
1131 546
1398 2768
2070 2297
1335 2383
1847 2349
2165 2579
2318 2498
1395 2819
2232 2795
2210 2953
2508 2453
2398 146
1414 659
1368 1336
2415 2933
2265 1791
1162 2901
503 865
1010 220
168 2156
2731 1584
503 1281
2449 2709
986 1571
1625 1318
104 942
1278 2821
2088 503
2115 569
2900 604
503 1579
407 231
2120 284
2176 241
898 1423
1166 1527
176 221
1322 2249
2048 1386
967 1264
1228 2738
739 591
504 1875
503 704
2509 2660
600 2992
1665 503
2052 695
1603 1406
7 2150
2058 1221
2731 546
2221 268
809 2460
2908 2731
2764 1006
2944 1830
2035 350
1679 1001
1321 2495
2435 832
1411 2044
503 2920
2731 1247
649 2549
1491 1224
2731 212
546 503
2260 1243
2731 2807
1565 761
1930 503
2170 108
433 1903
1704 2731
1928 2147
2591 1332
2605 2731
2731 2558
503 963
2731 1502
503 1182
2889 2052
943 389
2254 503
1401 1058
2067 102
156 1658
2731 1711
1932 2192
372 928
1433 2703
1397 2488
123 1904
1627 119
203 296
1828 503
132 933
503 2220
1488 654
1485 2731
2146 584
1946 1598
2568 503
1486 503
646 75
2233 2574
595 1323
221 1656
1625 1466
1136 2488
2840 1351
503 2276
1729 2474
755 2196
2087 1142
1809 918
2930 777
193 74
201 2718
2834 322
503 1227
2255 748
1993 503
360 1092
1454 899
2894 1029
1034 226
503 2562
2731 561
2269 209
2322 2378
960 1168
2915 2439
1830 178
431 2083
1987 521
503 1532
150 1207
2731 885
1170 1475
503 2484
94 556
2397 1242
2440 2563
2491 2113
2010 656
1065 1008
257 1802
312 561
2948 1973
1140 2102
2411 503
1382 1566
2193 64
857 2233
2456 503
2168 503
2146 1012
2967 2269
1516 1065
409 1769
2813 200
2348 503
503 2783
2182 1305
1108 2007
2295 852
723 1306
1651 2106
1027 1410
2231 2174
1988 1168
1461 2103
1661 2326
1939 1713
1590 1382
1173 503
815 1192
1907 2438
1027 1580
947 2301
699 889
2139 1186
503 2661
190 2314
2731 612
2587 2459
1736 503
341 2558
503 1986
629 457
2385 2001
1392 1721
1436 239
2746 2407
2483 2362
1709 2272
1641 503
2619 158
1898 503
1396 2965
670 1250
2932 1087
2901 2218
2731 2683
318 530
1088 1584
2042 1510
325 2910
503 611
2654 1727
2731 596
2149 233
1887 994
652 503
202 2619
2292 1123
2398 503
2932 2731
1615 2731
2731 337
412 1733
446 98
2674 344
503 714
636 1733
2731 526
1082 1848
2731 95
2731 2154
2569 2731
2237 86
1956 2641
2262 43
1318 1592
295 2335
2002 554
2312 1769
2731 1811
1466 2863
1783 2019
486 584
1992 2731
1551 2493
503 1674
2041 2702
1407 180
2306 503
2314 2274
2731 103
2120 413
946 1015
230 1904
164 2670
292 1870
2731 241
500 441
2462 714
1902 2652
1225 561
2713 503
1394 669
905 1394
499 2230
1292 2896
361 519
951 719
2731 2332
1164 724
2683 503
2637 503
321 2125
503 231
503 2945
1954 582
2004 967
2753 2068
1252 1209
531 2731
1271 97
184 2880
1860 2908
368 274
1329 2424
885 848
2827 2731
2747 992
2299 503
258 2836
670 2731
661 1298
2625 503
503 1230
2612 184
10 829
503 2803
631 1200
1833 2091
2597 2162
1400 2640
2255 1410
758 2549
2352 503
1910 503
2312 2460
1134 2306
1683 2731
1118 2666
1456 1952
1834 2731
2143 1865
1337 2959
1735 2345
2731 2866
2578 220
451 2644
2967 2731
36 294
375 503
503 2057
2520 682
2731 910
1756 81
2545 87
1619 2021
1256 1079
503 2739
2971 670
285 1877
165 293
73 497
2530 2731
2658 503
2599 503
2992 2034
2778 174
1053 2127
1600 503
2037 503
717 2346
216 1980
533 480
1457 2814
893 133
503 2467
503 1333
160 585
2731 219
289 1199
2629 2136
2164 695
2003 202
2721 1263
1758 238
1851 2045
1362 2766
1010 2731
1791 277
1887 2731
2342 2538
1320 2035
188 503
1967 2731
275 503
805 1122
145 2928
503 1441
2629 2035
2328 1335
37 1731
1572 722
321 2684
1894 2323
503 1318
2731 2757
1749 154
1630 2305
2731 871
742 1948
929 2204
2731 2455
1946 2731
199 2264
503 516
1661 2785
353 503
452 1520
511 2601
215 503
574 1225
503 121
1743 1520
1954 1544
99 2500
2457 303
1254 2731
2268 1793
1807 664
1944 26
118 1980
866 434
916 152
737 560
1147 2301
1568 704
303 503
2908 1734
1473 1799
2110 796
1128 2725
2235 2834
503 2786
2725 1920
1663 138
2731 625
1222 2423
1473 1715
2197 1391
1937 296
2338 503
1417 190
2731 153
8 2299
1988 1710
1341 2257
2128 830
646 314
2417 2504
2731 773
2422 1329
1457 2281
2856 2906
1496 1017
2592 1837
1357 185
1062 1498
1782 2269
2553 2778
2340 630
2213 2972
2257 372
2892 2712
845 118
439 2731
1245 503
1169 1163
1205 1591
2527 705
503 297
1708 2586
1306 721
1065 554
514 2731
1805 290
2731 1549
1471 220
2620 1362
980 677
1937 2553
2065 1266
1033 346
503 2630
1286 2431
92 612
891 1389
2861 36
1468 2898
1601 2288
1960 2828
1572 1757
1325 530
1400 2410
2858 2731
2959 441
555 1397
245 719
640 2731
582 503
2937 2134
2064 1060
2243 1040
414 1121
1623 524
2731 1161
2546 2076
1478 2552
1646 1442
503 2964
1960 1651
503 127
31 2731
412 1958
518 2253
453 141
875 1095
2731 2334
1313 857
618 2457
2438 2951
1148 503
358 1184
503 1160
1121 2301
503 316
1969 503
2779 1740
2064 803
2826 63
468 1010
787 2354
2731 189
2831 206
1246 1046
1386 1630
1378 678
2731 2216
731 2290
2323 2731
2484 2221
668 2449
2892 2163
2063 916
503 1994
2998 1624
1524 185
88 503
2975 837
2052 2115
1057 2640
2795 2415
503 2453
2750 1878
544 1419
2168 2642
1081 503
503 1549
2809 1737
2883 336
2993 529
503 1640
1625 2125
472 1801
503 1295
462 2039
2060 1478
1930 2731
1507 2731
1095 2586
284 2731
2232 880
1321 337
1548 2231
1343 2752
2802 222
781 1507
215 2244
2731 1243
359 1879
117 692
2893 2204
252 2715
2794 2731
787 1638
1348 1867
1484 2161
611 2731
2463 1004
2972 2731
2 1312
2731 2293
2731 1681
1215 2244
901 1861
2731 164
2358 561
1378 503
1852 227
1180 1618
1039 994
2155 1651
1907 2013
546 2839
2731 2119
1053 1529
1021 1017
2791 1455
973 391
180 1508
1914 1079
1744 1785
1902 1592
227 598
712 2710
567 2192
1277 75
1810 243
1864 550
2516 1975
503 508
2702 376
252 2705
2523 2088
2439 294
574 51
885 57
1281 1799
2526 503
2731 2957
838 2731
277 503
811 777
1391 886
2413 503
2979 2731
1993 1701
2731 2482
2469 2313
852 2731
1852 628
1685 2731
503 155
2731 989
2999 503
2207 2879
503 369
959 1835
111 2000
2131 2771
984 663
2903 1657
1765 327
2167 2399
1484 1956
1310 2365
503 2457
2731 667
278 1955
2731 2487
2731 1738
1050 222
2731 1595
2715 2860
1224 2731
503 8
2133 2731
2183 1115
2796 1391
923 1882
503 581
2731 60
1419 503
790 746
614 503
2411 1362
566 1582
1011 453
2408 1756
503 2099
87 2731
1209 2365
503 2229
2731 1101
1101 2216
1962 2731
2148 2751
995 1548
2498 2496
2731 2639
2159 989
2973 2309
2731 2986
1861 2731
682 2410
2081 2489
779 2721
1428 1078
594 2731
1570 2947
291 2426
1991 407
2160 1903
913 503
1330 503
275 2326
2371 1895
935 1751
140 276
1292 2689
503 1093
503 404
141 503
565 2439
2731 2389
621 2303
1722 503
1326 920
2779 2731
70 252
2858 2448
1540 294
2900 1258
2731 147
1632 496
1513 503
2920 2589
2731 1017
1130 1770
1994 2731
1857 2058
1074 2731
1512 1693
2520 2477
2726 930
1046 1911
2731 348
1167 1048
841 950
1298 2327
503 428
2529 2860
1980 2731
2373 2193
2121 2731
690 262
2596 2941
2731 2235
2731 576
2449 1991
1206 503
1004 2731
2183 2511
333 1026
827 1310
606 2731
43 2731
683 2415
1759 1247
1897 464
2589 1553
2060 1908
2623 96
2560 2731
503 817
503 1670
678 407
909 2398
804 503
1096 1323
1075 503
501 910
1250 1266
2978 1822
118 2616
927 869
342 1140
889 2731
968 157
1642 2089
2343 1620
1972 1442
1892 929
1254 1076
1612 2308
581 2860
2589 2060
2240 1667
2731 588
696 503
503 1106
1680 1126
1449 771
1749 203
2043 2731
2731 1600
2965 784
1902 1215
503 1048
478 1708
2731 2079
2148 2450
1005 503
222 1708
945 2141
1023 1904
1130 1769
2731 2587
2203 1303
1844 503
1861 78
1569 8
2200 2246
1019 1411
428 153
2731 532
934 441
503 902
2365 1659
2575 1420
353 1674
664 2019
40 2651
1373 1412
2818 2005
2647 1144
2678 2885
1099 2831
924 1190
507 2731
2561 503
1476 2796
1831 2731
2426 191
503 2527
1259 303
1816 2287
2937 1337
909 742
935 404
2261 961
159 2743
818 1126
422 1788
503 1890
1403 2108
1660 2132
2341 2731
1717 1006
1655 2731
1844 932
578 2731
2135 2003
2731 2777
458 2252
2790 503
2754 2494
1251 2731
2731 1459
2213 2731
1802 1112
1770 2575
1025 1488
2857 312
2731 432
832 1216
423 2845
1920 2137
686 119
1899 685
1292 1211
1435 2858
1760 1080
2731 2744
662 2731
2086 2303
693 364
773 1472
2764 1253
503 1407
917 2961
503 2735
1369 2242
1521 207
469 187
1182 1971
2731 1916
682 1976
2327 178
848 1844
347 620
1668 419
2859 295
503 1176
2251 2731
2972 285
2633 1974
532 2470
2027 1422
2731 883
1441 1311
1843 202
1183 398
180 30
2866 2798
79 2989
844 503
522 2731
1438 2143
2731 669
2782 1326
2731 2761
2174 829
1014 2923
1625 636
994 1104
2922 2731
2426 2731
1461 2532
2487 442
826 1623
71 2731
131 503
2284 168
1433 824
851 2393
184 102
2472 2726
1965 532
2820 2803
2131 2731
503 731
2164 1177
2918 2577
666 1627
503 1128
503 1016
423 2507
425 1274
1715 2632
2103 2351
236 1602
503 1007
2840 1105
1224 1553
2251 2385
2472 1650
2776 2793
2755 1624
1392 1447
2731 935
503 1764
2251 654
2731 173
476 2548
2642 2503
115 2731
503 838
2093 655
503 2235
413 2762
158 747
677 1435
730 331
2736 2041
396 503
2214 2431
503 1747
1549 2204
2553 1794
552 2731
2922 851
2159 978
2373 2242
2483 503
2731 1475
489 1780
1389 123
111 319
2731 1506
2110 503
110 40
1570 2656
871 776
1703 2019
2221 981
2731 211
2731 720
2530 514
1277 2681
1388 1184
2594 2731
2731 160
1360 503
1885 912
1485 2479
1999 1761
519 1626
1500 1997
2675 2357
1856 1132
1672 2690
1660 503
1368 820
813 1187
2773 2731
937 2449
2330 2737
503 921
2704 1140
202 1066
484 382
2157 2948
2763 590
1068 836
270 245
191 1220
2396 288
537 1833
1197 2731
2235 2823
1222 1491
1367 93
951 480
1284 83
1193 2179
2731 329
503 1725
2868 230
2127 2890
2604 2060
1443 2480
1134 997
1178 1921
1682 2027
2731 2210
1413 2112
2204 1523
2977 648
2731 1350
1957 475
594 388
2700 2627
464 188
168 503
503 2187
2480 1733
1049 1671
2731 2615
685 2042
2063 622
2392 1538
2906 503
503 1639
2396 2731
1552 1611
2135 2371
2731 398
2994 2956
2705 2861
1760 503
1004 246
2731 1193
503 1356
1134 167
983 2731
2059 2891
530 1941
2756 814
304 300
2731 2372
2671 100
2539 424
1023 163
946 2731
2263 1551
377 2209
322 2731
1388 1549
106 2532
1311 447
1786 338
1248 410
1554 2441
2846 1249
909 1566
1666 2840
1051 2731
2166 503
2494 2731
606 1380
411 1713
2900 1670
602 225
503 1837
2282 696
1150 2143
2091 241
503 933
2731 698
736 331
2784 2128
503 1963
1637 26
309 1867
579 2731
822 564
2679 597
2049 1265
503 1946
950 944
427 157
2554 710
353 2731
2436 268
624 1732
2111 42
2731 273
609 1299
2006 1173
1231 508
2231 2731
2671 892
28 503
469 2731
1823 2660
728 818
1893 2998
2723 2990
2731 2665
285 2101
396 1587
2731 2367
325 1820
1705 1142
2835 2609
2463 746
2638 593
2335 2207
1115 739
2507 1113
1476 503
1144 1067
31 1921
369 1023
314 2556
2838 2512
2936 1957
389 1948
1253 503
1773 1752
2731 2791
1041 688
503 1440
2725 374
1879 503
175 1412
2379 531
773 503
503 1546
1440 684
876 1471
1584 294
2834 2057
2192 715
2388 2818
1142 420
1169 39
1366 83
1734 503
1653 341
940 268
503 624
1164 2847
1398 318
1837 1855
2815 503
495 1530
2731 489
2427 503
493 2956
1046 2793
1088 478
1620 2731
2662 2519
2010 547
1389 2162
551 1403
358 67
503 1063
2699 2838
2416 2798
503 2807
163 1387
1606 2987
2694 1179
1953 1703
716 2731
2433 2885
839 91
2731 2547
851 2731
503 1717
547 187
2731 2630
1963 1035
2731 1342
728 2731
969 1465
138 1971
827 1838
389 2731
2759 1579
234 2550
791 984
1290 1772
807 1058
2274 2892
503 1028
2552 555
2135 2652
1134 503
2958 572
503 2438
2731 2526
9 503
2322 392
2731 2350
1086 1859
745 1752
763 2612
2072 1749
1111 1113
1636 896
2288 374
2951 2731
648 2858
2729 272
1375 1398
2946 297
1028 2341
2195 2426
1457 2351
2471 134
792 1455
1026 2273
1895 1971
2639 1209
1528 1571
1270 503
952 398
1436 171
802 2731
356 2018
2908 2954
2359 2547
503 1241
659 768
2731 1423
1191 503
503 354
765 2571
503 2618
503 946
1571 817
2841 2731
225 2793
2980 917
29 2398
2402 2978
183 860
2061 2250
2851 31
1649 503
2878 580
2157 2731
1592 565
2207 2731
1382 1217
2393 503
744 2731
2731 1935
2915 2731
2782 512
1800 1541
220 2731
780 2396
867 2795
2671 1999
730 2034
2302 1207
503 770
120 541
683 1713
1926 2794
1192 2497
2210 324
21 1368
2910 2731
1280 1237
503 2078
2759 503
232 2294
2299 2713
741 1954
2214 582
1528 2813
356 2759
219 2561
2731 1671
2076 612
403 2860
503 1394
1294 795
75 2649
1950 1670
503 2834
503 1046
285 2048
1883 1079
2341 715
2904 484
576 1068
503 1999
2483 2773
152 1511
2404 503
1549 237
2768 1588
466 183
503 476
2622 1258
503 2635
2731 1494
2435 1870
1560 1775
2963 1281
503 2060
2731 2344
1045 2615
579 439
2731 982
585 503
2121 1035
2731 2921
260 503
1960 2731
1906 607
1723 967
1205 403
1268 2731
2454 465
2007 2320
503 2705
2731 2358
1341 67
1366 503
1940 440
1711 503
750 580
324 2326
2069 503
1572 1605
762 1629
1091 1320
498 344
503 1335
301 2974
2731 2116
1515 503
2274 2731
503 2068
82 2293
561 1469
2603 2731
1873 1417
1835 1030
2065 1000
678 1020
935 927
2784 1980
1567 2867
35 2235
1605 1440
2731 1687
2098 972
2734 1577
2681 2731
836 2391
607 140
1571 2019
1268 212
2431 503
2590 110
2731 1184
97 2183
677 2731
1925 1219
542 535
360 761
720 503
1059 2500
204 614
2746 2477
71 1563
1839 1336
2741 2002
2668 1042
2713 2731
2982 2686
1749 2815
2079 503
503 2743
1956 13
411 346
1107 2836
898 1143
1721 2731
1937 370
2381 153
2293 2595
2462 866
814 1189
1733 503
423 729
1470 2808
2246 356
257 2731
2001 2731
1505 277
472 2315
1342 2689
2731 2056
2731 1638
2119 801
1119 926
2780 2861
1578 1080
858 2872
2731 2366
144 503
2866 1244
2036 2030
503 748
1055 1252
503 727
1609 853
1755 2731
2081 503
2999 1852
15 2731
1847 724
1996 2173
2731 2188
1547 1460
1715 713
2899 2731
2049 1346
2896 2067
1997 503
503 2050
1187 2772
614 1769
1362 414
1250 2372
1954 2584
232 2788
580 881
2731 478
2836 2645
503 2371
943 2994
2731 621
503 2039
2332 503
2265 2181
503 2820
2571 938
2765 607
2633 1179
2638 915
1583 1848
2731 2724
25 1933
947 992
156 2039
503 2077
2731 261
2009 2106
834 2018
1696 2180
1404 1070
226 1836
2932 1346
1178 2731
1537 2514
178 2628
1251 503
503 1188
1881 1778
2731 1110
2672 508
2731 654
213 1722
1481 1206
226 503
503 383
1953 1605
2025 1574
2753 2731
1492 2689
2053 2020
1592 858
2731 1576
2382 285
1559 1272
279 1319
255 2082
2916 2851
503 2996
243 556
2773 1015
503 1857
503 835
2527 2865
190 1788
810 2269
1926 2180
2204 1199
2731 907
938 435
1935 212
1196 2408
236 503
882 2928
2593 264
58 2230
503 1238
2054 503
981 2642
708 195
1414 87
25 1314
825 908
2768 2731
1598 2731
1870 1032
208 2059
1949 2731
2741 148
1917 1941
1216 1032
2731 975
63 1912
1123 2612
681 1382
1161 503
2874 2256
2775 960
2024 503
1844 2465
503 2515
2721 1427
1214 2829
519 2405
1534 1452
2572 2742
2492 2066
1894 1007
2956 2011
145 2185
1018 2731
663 2731
904 1106
1498 367
2731 754
1737 503
1439 503
374 2669
23 2623
2394 663
503 483
725 1952
2731 2024
465 1095
474 2731
2392 1471
1345 164
2421 2731
2158 2731
1912 1275
2731 2384
17 1322
1750 1543
378 1709
1953 1621
503 1373
746 659
2957 503
2145 2731
634 1934
2151 1595
1625 1706
2999 2625
1126 2157
858 750
1358 496
2731 1048
1201 2050
159 686
2514 503
408 141
2571 313
1511 2449
1897 1199
503 1855
1469 2731
736 2684
1593 399
2135 2764
2093 958
2790 561
978 2808
503 1615
2103 1105
503 981
594 780
1297 2734
2730 1458
268 2489
532 1461
2835 503
1671 2707
2731 502
503 1103
2731 1927
2517 503
2355 2517
1079 2731
1076 2099
443 503
1793 1186
1530 990
2731 686
1310 1097
503 1682
311 1478
1724 234
503 2594
2319 503
1328 2731
503 892
1125 2531
1747 2122
503 1389
2430 2107
2580 2285
2004 1691
2731 2950
900 1662
1602 1412
2270 2434
2387 31
92 1958
2731 1185
829 1118
762 26
2148 941
2409 287
1035 1568
115 2616
510 2731
2835 2094
1984 535
878 1568
799 1320
662 472
1649 127
2731 1526
671 503
503 2692
2731 1668
768 137
2185 394
503 765
122 1550
490 1828
753 2731
93 2605
744 116
503 101
1755 2637
770 2781
2731 2155
1360 114
29 1116
1837 1655
610 2731
2323 2930
2317 2421
1474 2686
1194 1549
1286 619
2081 151
558 792
2731 553
2457 2886
1902 184
2965 2842
1289 2453
2090 2731
2488 2650
1531 2339
1390 1048
641 503
2835 1434
918 192
189 1080
262 1523
2640 514
1400 2791
209 1138
2060 2803
2731 821
503 1920
1051 2121
111 665
2247 485
1018 586
1575 1448
1274 420
1765 1055
2171 452
503 2440
1634 137
2785 2756
1250 2731
1068 866
583 1810
1472 548
503 884
503 650
2066 1405
503 1470
1701 1860
2105 1654
503 2261
404 1626
297 110
2637 315
612 1953
1871 301
1036 2731
1160 2731
2041 2874
2731 1136
1437 1797
730 2731
2876 791
239 2194
503 2325
1546 2928
1951 411
2731 1472
107 474
1681 503
672 2731
2731 898
1104 503
2953 2731
2883 1938
2327 503
2490 2728
1851 2203
222 289
2136 2099
460 197
2351 1428
690 1264
2075 2731
2562 1182
1479 2707
746 1628
1570 34
1033 503
2180 277
1905 2046
421 503
2159 635
1643 1322
1934 2731
1767 1519
2731 2671
1533 613
2036 865
2894 1404
2434 503
2825 503
1051 2269
316 1332
2192 1323
1862 2650
2731 186
503 217
2864 2687
2080 1053
1996 1547
1401 275
503 1260
503 76
1335 670
2194 503
2495 2731
2135 2843
503 1429
2731 2607
2731 26
2494 1921
2476 1120
2242 2276
1096 2382
2793 2173
272 2731
93 482
548 406
2731 556
1583 503
1367 1432
849 357
330 1591
566 1376
2569 1455
471 2189
2243 2071
2116 503
2675 289
84 1679
2851 700
2549 969
1221 2151
1646 2509
882 2731
1452 2125
1209 1041
1568 232
408 2485
2731 823
59 1005
503 2684
1634 2305
999 2731
1786 1924
2731 869
2731 1851
1366 1554
1287 2803
1077 2906
12 102
1270 1783
1614 527
1379 2496
290 2922
1673 503
591 631
1902 503
2731 325
2263 1419
503 710
365 503
1839 2561
200 641
1328 2738
722 503
1566 2040
655 2977
587 2731
2731 1104
1280 1382
2535 503
2369 785
950 1072
1789 2731
1003 762
918 590
2276 153
882 1561
380 956
531 47
40 503
748 514
442 503
783 861
401 503
76 1616
1341 1199
2440 1188
503 2563
1836 856
535 757
2852 1566
192 667
2077 164
1562 844
2611 503
1083 822
1157 1596
964 2101
1615 1204
755 2731
19 2255
540 503
535 2010
2619 2850
1281 2459
2939 269
1506 324
541 82
2865 2026
1070 2731
2974 503
645 2108
1745 1691
1442 503
2282 1910
1184 1348
1582 2024
2731 1445
1321 2709
809 152
756 2109
545 503
2731 661
2731 904
2047 2731
2278 543
702 2908
503 2628
2731 1572
399 2170
2731 2394
635 2864
837 2624
2731 1631
2 1070
865 16
2731 2122
2615 1979
2161 857
1943 2731
2587 17
1706 2825
1668 1708
2994 441
2082 1995
701 566
2573 67
2271 2731
1231 1898
503 1517
2731 52
2320 1305
47 2705
52 503
761 1682
58 1726
629 503
1826 865
1075 762
503 2714
2731 2633
2075 586
1722 2008
668 503
839 2846
2748 1778
2414 2731
2731 2648
341 503
2731 2985
503 2947
503 1311
46 503
561 1193
2935 767
1263 2731
2661 2901
2731 614
642 2731
387 2205
1945 503
1543 503
218 174
716 1373
2181 2731
503 703
1371 2345
2813 1407
2979 2085
2856 503
1497 280
2826 2731
139 2731
356 2885
249 2745
703 952
2987 2489
2731 1565
1417 450
2407 1540
1456 2773
503 211
503 1642
503 466
840 2731
1168 1712
1128 791
894 1037
2705 2105
2668 890
1846 997
1815 2364
282 2852
92 9
503 228
2731 2769
2702 467
503 1980
503 74
506 2731
2961 407
983 1039
1333 2731
123 16
1185 212
1112 1305
803 2473
503 2019
2088 1291
2761 717
1816 630
2780 672
2948 367
2660 478
2731 2624
2238 2549
1453 503
511 281
223 2731
2308 766
1514 2757
1957 1568
1936 1604
530 2731
2899 167
410 1004
2731 2527
2412 2757
1213 2603
114 665
1879 2731
2922 372
1362 2731
921 2411
446 473
2527 1902
1612 1140
121 1097
2286 1592
1290 1444
811 2731
175 503
2731 1138
2731 2005
1685 2818
1198 161
2077 1332
712 1124
503 1730
503 158
2430 1064
607 2085
603 503
259 2429
2717 2337
2731 2975
2929 2731
1017 503
488 2731
809 2274
803 914
2219 26
1222 268
2605 503
884 1795
428 1698
1982 1272
560 851
503 2629
388 1406
2438 2731
156 1200
2940 600
2731 1610
940 64
2691 2853
1454 1022
150 2363
503 2431
2409 168
17 1682
1356 753
503 2612
1583 147
2808 2731
1168 1021
2941 2811
555 413
377 2544
1878 2731
1457 2770
2120 102
2289 1739
2731 2516
2547 1967
252 871
2731 814
554 979
2731 1449
958 950
2781 1984
503 2530
2731 2666
2460 2511
628 692
1223 80
268 362
2532 1080
2553 121
503 898
554 757
503 878
381 972
967 2032
2196 99
2661 2200
2731 786
1495 2731
1585 2292
1454 1925
1813 1523
2462 972
1007 814
163 535
351 1426
2835 2731
1933 660
2731 673
289 503
2731 2706
2731 1523
322 2918
2782 758
1068 230
1635 814
1027 1041
1864 2731
1855 945
394 2731
1509 910
817 2453
503 1924
2347 2766
991 2204
1473 503
1776 503
1912 1030
443 522
114 598
14 1784
1011 155
503 1756
266 1714
458 267
1878 1125
253 503
969 114
503 374
2731 1407
2595 1867
1785 1698
2382 2484
2438 688
1650 503
458 2887
2966 977
2731 1276
2846 1402
1597 1090
2347 1239
503 359
1507 1135
459 503
2081 969
1280 803
1861 2012
2731 2428
1512 1536
1090 238
2252 1002
2848 2099
2731 228
421 1224
745 1320
695 2731
2399 598
375 2462
711 2731
583 1770
1560 2062
387 1318
1885 2749
414 81
733 2731
401 2226
2157 1056
2609 2731
2271 484
2973 912
1303 1424
503 1875
682 556
1409 576
1332 616
349 474
2731 252
2731 1464
851 2293
145 1256
1742 2171
1674 2731
503 1810
944 2844
1724 1946
1838 503
2539 212
2603 346
2422 1987
228 1154
503 680
126 153
2731 2837
645 1127
608 1775
2418 2731
186 770
1869 1533
571 1159
2554 640
1878 293
2753 1775
503 640
1097 1399
2013 1274
2734 2731
2731 2352
1038 1776
1944 571
2102 792
2195 2617
2731 493
2382 2092
1806 1905
292 1993
2053 505
2731 2252
920 1146
2731 20
1852 2769
2133 835
294 2731
2481 503
1908 16
166 2770
582 2845
2249 2731
2109 503
2029 1997
1445 503
687 613
2639 503
25 1280
905 1285
2731 857
62 2731
342 1234
801 16
2120 168
1821 1746
2034 2566
2731 706
1992 1937
737 2731
360 503
2198 2588
2296 2470
1887 503
2054 2731
2778 184
1301 2180
817 2029
1491 1112
503 1369
503 2915
2886 655
1774 503
70 722
881 503
2873 2871
18 1752
2731 1945
2607 503
140 545
503 967
707 1707
1162 2731
503 1690
1871 2731
2951 1573
451 2506
2674 1006
2945 1401
503 2328
935 1922
2693 1619
2731 1261
1449 2843
2281 1069
916 1049
2537 503
1287 2731
271 582
1238 2731
875 2095
2350 363
471 2409
1342 539
2439 1682
1646 2343
208 2627
71 503
1101 719
135 2276
2731 549
325 299
2743 254
1245 320
873 1596
503 1846
989 503
1155 1144
801 1351
1779 2662
2731 179
2892 1455
1392 2340
2845 2534
237 2564
1519 52
1810 1067
503 248
1958 1295
2233 376
171 994
634 1195
2923 2892
966 1050
187 2731
1802 2148
2092 86
2598 729
503 1678
1824 540
589 1046
1888 292
1839 1244
997 947
749 1926
41 1081
1757 2344
649 1358
1399 1353
1059 2145
2583 503
2507 1387
2522 2989
2731 2651
1280 1317
503 2649
2593 1436
1812 577
2534 329
723 2602
2438 96
2134 2284
2326 2512
232 1102
1530 1532
2619 1455
661 2333
2731 46
878 1718
949 118
1602 503
2731 2345
1444 2731
259 503
1633 2281
1679 2736
2574 724
1023 1480
2281 2136
2201 208
289 1450
1701 1891
1050 2731
2668 2259
386 2908
695 503
828 1092
2980 2045
1196 2917
2731 2662
663 1765
2259 2065
2301 1231
1577 1985
675 1446
179 361
2731 2041
1175 1254
2225 53
167 911
736 1581
1535 2731
2786 2731
2654 798
244 416
1151 1104
750 2648
501 503
2269 176
2652 901
571 383
506 503
2731 2381
167 2038
737 503
2477 568
1565 2117
2731 101
2386 2731
2028 2731
895 912
2567 2312
122 994
1954 503
2016 2731
2026 2119
2641 937
2165 330
606 2414
1 2731
947 2616
2411 2689
1111 1842
284 844
2731 604
499 2367
503 660
141 1156
1149 162
486 2731
1966 503
1406 2034
602 2731
2949 2731
1759 1639
1126 1198
1572 898
2731 1433
2477 2731
1493 1451
1008 503
222 503
665 1663
1343 2855
1486 476
2463 1305
852 408
2606 503
2731 2813
2708 1063
31 2270
757 694
1419 1254
227 1497
1816 2638
1611 2731
2226 1144
242 594
2959 2017
1655 1245
2270 2050
2816 513
2245 503
1608 2804
2961 2029
112 1133
578 1156
2418 521
1436 2218
503 452
1678 1857
503 142
503 705
2897 2989
255 1377
1502 1027
1152 1539
533 867
526 256
160 1801
2704 2731
1666 503
2713 1709
2053 2731
1960 1901
1279 1952
536 2851
1975 503
739 1781
514 903
1753 122
1255 834
503 699
503 2967
663 503
1796 756
2731 2820
1334 1419
1493 1000
2780 2443
2731 243
60 2092
903 1092
2988 329
1117 1176
1756 1884
2215 2205
2642 943
2884 2786
2872 161
1290 442
2731 1245
239 1586
1251 903
1479 2678
1562 1249
1216 751
2772 2731
2731 396
261 503
1177 1494
1599 1843
874 2731
503 1635
2731 1356
1389 2378
189 555
1764 2549
1128 2715
864 503
2843 503
2731 785
2756 597
2132 2390
2731 240
2446 1406
2731 2631
2138 2731
156 90
2176 1242
859 96
2119 503
2097 1934
246 2117
2731 2803
503 1087
2709 2426
963 2747
2731 7
2493 1574
374 2074
171 2285
545 575
1470 1513
419 1141
1809 2481
948 129
1508 1245
2697 417
2731 678
742 1412
2879 1954
1011 1480
2624 503
2731 632
2680 2731
1581 1156
2001 1466
2731 717
1285 503
2932 2241
2731 27
1551 1043
213 910
1981 833
1335 2196
965 751
2701 628
1545 185
1889 46
2952 523
2500 978
381 1439
2731 1229
2981 954
394 1084
2484 2866
1647 1306
2397 156
2070 1602
1638 896
1062 1562
2297 1569
1628 1584
1253 2731
2320 503
2738 932
2570 476
1721 503
503 1709
2731 1582
645 1167
1967 2743
1877 85
1688 2731
1766 2017
1408 2421
2856 274
3000 2526
2837 1597
1236 2731
543 2460
2434 1037
2149 2731
229 52
1187 420
2745 2986
1892 2691
1584 340
1050 96
861 124
390 372
2368 1675
747 1471
744 349
2731 1986
2353 976
1259 1520
1906 40
2347 1036
2580 2734
1182 316
1802 2921
1549 2736
1495 2234
1988 1736
2244 629
2944 1467
1881 2731
317 1373
503 1282
675 2716
2768 1008
1387 931
1970 895
1115 503
503 364
1696 155
2691 503
414 2482
1703 2731
2562 7
1245 744
1906 605
2885 2730
2218 792
2684 2910
1725 234
2920 2073
2134 1551
2731 2557
914 2731
1462 1543
2519 2379
1790 1656
1246 2731
1999 1832
503 2780
834 2731
2108 1624
2320 2718
2761 1541
2693 2186
2856 20
2908 569
1679 2634
2219 503
1529 508
1065 1708
1749 821
1018 2358
2970 1728
1620 503
1013 503
1855 2970
2731 2365
376 2179
2731 1293
2503 193
2741 507
64 1104
2601 1339
2731 598
2731 1098
205 2735
2378 2960
1821 718
1261 2362
2257 2395
1890 2388
2644 1697
2546 503
2996 2503
1595 365
1945 2947
478 1396
495 503
1450 1857
2681 705
611 232
503 1832
1894 2110
1020 991
1943 416
2793 2441
2486 1055
2843 2646
2479 1621
1740 2468
2207 2729
809 1658
921 2974
26 1967
1581 2357
2731 2324
146 424
878 1932
890 2768
2731 841
1005 554
1976 360
1158 1817
2356 503
2784 2939
503 1606
918 2432
510 2056
2901 1029
1909 912
951 139
1564 2621
2129 2350
1712 1619
472 1926
123 493
1920 1488
1257 2624
563 1743
2142 2199
248 587
2307 2496
2864 162
1174 295
503 786
1838 226
503 1296
1343 2730
2908 653
1783 2537
2055 503
503 966
2922 503
170 989
1025 503
2688 1656
2242 2928
2314 2998
1423 655
1247 1311
1031 2792
2753 503
2731 1696
925 2731
2641 1912
2783 851
330 2139
459 1723
503 869
1401 374
817 1252
2968 433
138 2731
503 1905
1540 439
182 503
1747 1279
503 2269
538 2884
109 1823
503 1027
1029 30
2731 884
503 104
2283 1858
464 830
1189 2745
2731 1950
88 2032
1053 776
2209 1101
2731 619
2750 2117
153 1495
2850 2731
2432 1014
972 1910
720 2245
2160 2369
1135 503
1712 2573
1377 914
2731 376
1486 1680
2657 297
1989 492
2634 2484
550 503
503 159
651 2642
596 1615
2091 2731
2730 503
2731 226
2016 503
120 1154
847 2675
165 1119
1370 2693
2731 550
753 1910
2817 2565
2500 2404
527 2109
2885 1232
454 2240
1160 134
274 1017
954 503
1116 1300
2766 1364
1245 541
1213 425
790 2260
119 2001
487 2220
246 1022
1119 1011
992 798
1492 113
2731 2914
1789 2111
2532 1856
1773 1682
2527 1396
503 626
1034 2545
1409 1517
2731 1913
1898 2797
149 1779
2805 5
376 2898
503 755
675 503
339 2991
2690 1660
2735 2816
1815 307
44 1555
1359 2981
2488 2863
503 1797
2293 2018
2731 1286
1056 1661
503 1073
586 2828
1680 503
251 1178
2731 2870
2731 1143
503 2570
2558 694
2621 2731
2731 1406
2855 2332
2614 2731
2731 1490
2731 1461
2895 2206
1405 503
26 2677
2575 2731
2476 2731
2414 2216
1984 503
2642 587
2160 2518
855 2492
1140 2707
2001 1513
1682 338
854 292
510 2285
829 2882
503 1906
306 2031
1519 181
2731 498
2909 93
2731 476
1476 1587
2731 53
503 183
63 503
1052 400
669 1758
2312 503
1557 1071
2741 1397
2045 1196
2310 340
1203 2881
1465 2594
1087 2928
2390 1591
849 2346
27 2709
2123 712
28 2731
428 2401
503 2202
147 503
2283 2364
1319 1959
1892 2526
2239 384
2861 689
635 924
1899 1787
192 2292
503 742
1601 2421
1081 2731
1846 1406
2567 2725
1255 2680
333 1420
503 1658
500 1338
1501 1567
2731 303
2579 671
353 905
503 1791
485 1648
823 2678
2684 2430
2831 503
1413 84
503 1874
2731 1262
749 312
2867 687
2894 1963
31 1926
700 198
506 2934
2540 2761
621 1852
2031 2435
2923 1279
2513 573
1942 2654
2690 2011
503 2105
1529 1917
1768 2731
1813 1463
1628 503
783 817
1248 2731
1064 2469
1665 2731
1415 2074
2731 255
1415 1626
2427 2731
2105 2809
1566 2731
54 1434
552 2059
2443 2799
601 1576
1855 649
1738 503
503 885
2131 2861
639 2532
2397 917
1602 1726
1901 190
1840 2580
627 2731
1797 2377
503 1044
503 234
2017 2628
1216 2670
1919 1926
1131 1643
755 1711
2782 1485
1483 2315
513 1115
2602 580
1918 2731
2731 1326
1574 48
188 154
1398 2316
503 2782
392 1017
2731 1596
253 2731
503 318
1291 1985
1621 2731
932 2601
69 1759
2295 1738
2731 603
1177 2731
137 503
992 2731
746 503
2665 257
189 2673
2460 1818
503 2746
357 863
72 465
1497 2033
1074 1248
1430 323
2952 503
1028 2974
200 333
1483 673
2565 2316
599 38
1114 2940
2151 1656
2458 365
1817 1696
2272 727
937 503
2218 1399
1777 2728
2357 390
2731 1089
2988 2477
486 503
2731 1191
503 1494
2159 2405
2731 684
1343 2056
503 2296
258 2683
2883 1619
1187 2731
1618 2731
919 2079
2410 1801
399 344
71 2230
503 1228
2579 678
843 1173
2581 2853
191 2092
1237 2731
503 1686
2084 2168
2731 2822
503 205
2262 503
503 2617
2919 2731
99 965
2294 839
83 2731
1127 1502
503 2423
1121 2404
1153 2385
624 944
794 1319
2110 2731
1066 2731
2527 2653
2924 2731
2731 112
1923 1418
354 2206
1548 2479
2257 2731
1702 1777
1873 2817
127 1464
2249 2008
2291 924
503 2390
2211 1440
2261 2731
503 1484
2118 503
2231 373
2194 2873
647 295
607 716
503 53
331 1747
1589 2790
1104 1417
2372 2573
122 503
2553 859
503 2165
2123 1714
1430 875
1581 1831
2728 20
1606 631
1462 1455
2488 376
2731 2549
1534 503
727 330
1365 684
503 2911
1612 2007
2816 752
1060 112
1382 398
1518 14
1650 2371
242 1740
1817 2626
1416 1909
1584 503
503 645
1332 1652
765 1547
2922 2649
2098 503
2731 2218
1551 2653
709 955
1330 1701
1789 1871
503 2334
503 2158
2357 1936
2913 628
2761 1298
2315 746
2909 546
1204 1271
151 2102
1765 1658
2355 1645
2941 1895
2842 2083
1951 2731
2999 2927
1415 503
2998 503
1491 2416
1153 2042
2481 2731
566 2395
2265 503
1730 558
1561 2731
2613 2359
536 2284
2945 843
2731 842
503 1164
1034 495
2727 503
1868 2204
2268 1931
1319 1405
2330 1586
526 2162
241 503
607 1278
1 1052
181 301
407 1259
1398 853
1585 978
2668 1642
666 2925
353 1835
953 2185
1542 264
503 2120
405 2892
1993 2731
1456 931
1341 503
503 781
2804 1187
2207 1455
2731 2212
503 1550
329 1127
2944 2740
2273 1626
169 450
2208 1043
2731 2162
2731 1181
503 1701
951 362
2731 459
1005 2912
953 1729
86 301
2033 2298
2731 1844
1614 409
115 2084
538 464
2062 2365
2224 444
503 210
1017 9
1285 55
2731 947
1116 2731
2233 503
2840 1696
2472 2418
1212 2977
2773 1917
82 2900
1798 2731
2313 705
2972 257
2519 28
2642 1213
2532 2731
2731 2370
592 2731
222 1018
1908 559
2736 503
1075 2039
858 1844
1367 503
1043 2201
450 2731
1740 478
2311 2082
1971 503
2731 1338
731 2731
434 1191
2676 237
2869 2232
211 2189
736 1604
2801 703
350 1701
731 1461
1540 2649
2731 1316
437 339
1596 496
503 373
1543 527
2254 610
503 2770
2827 265
2731 2802
1252 2128
335 2731
944 2731
2238 1463
327 1105
503 1949
503 2414
571 2731
2731 1313
2631 87
2731 517
997 930
2029 2199
323 2583
2038 1298
242 503
2014 608
503 218
1866 295
2195 2755
503 2397
2731 2167
257 437
1723 259
1882 2509
145 749
2373 193
503 1345
2415 503
2538 1799
462 436
239 1772
894 2411
1526 855
2140 355
693 329
503 1524
1654 162
1056 828
1568 2731
2894 1130
513 2700
2073 2947
1302 2807
86 1720
459 2022
2908 494
1408 939
503 824
1609 1472
981 1521
398 609
577 790
1706 95
388 332
1021 811
424 34
1094 1691
880 1188
109 2065
1576 80
1627 2731
798 503
798 473
258 2349
487 2300
2731 2403
670 1852
2000 2983
1201 2897
1121 713
503 2121
2574 655
2963 2259
2865 1336
2154 1858
1091 1935
2731 1894
503 2884
617 317
461 995
1610 2389
2410 2522
2641 1551
932 1365
2273 2731
1160 878
1995 2222
736 1955
739 964
1291 2408
112 503
733 575
1615 1403
172 1468
941 503
1598 864
2731 540
680 2072
304 2904
2704 704
2168 2245
530 404
1433 2751
1823 657
2879 1457
2380 2499
2984 898
279 503
276 1438
1983 415
2794 1960
129 901
2421 816
438 2731
2731 1467
604 503
2856 2235
1747 2731
2465 2928
1431 1071
2569 500
304 1521
2787 327
2458 2731
1651 2888
1952 137
503 1645
1587 1915
2731 2431
704 2245
398 1899
2971 1496
63 2731
1907 81
909 2297
2731 2867
2374 2416
2903 1441
2731 2337
1922 771
452 1599
503 2761
867 2920
503 2092
503 1767
2731 256
2235 963
574 2736
2294 503
2283 2580
616 1340
2126 2095
1833 42
92 2388
956 1577
1489 2113
2334 1844
2726 911
2731 1295
446 17
489 1785
2555 25
503 2524
736 185
432 629
503 1618
2159 1292
920 2801
1422 2093
1932 2731
2784 503
1372 1264
2508 503
1822 1890
2731 1041
643 1118
2448 2731
2060 1985
460 2731
503 2154
14 1078
1658 2092
900 2931
2035 2731
1723 2841
495 772
2229 804
1575 503
1732 3
503 2777
2962 2498
1411 1673
161 503
2122 292
656 1860
2852 241
1105 648
2886 2425
2247 503
75 797
503 1080
2581 503
2731 1947
1101 525
2200 1417
2962 503
503 484
2714 117
2731 2286
1533 2106
542 2632
1894 634
503 1070
914 132
2412 2348
1716 2541
458 1967
722 2731
2822 306
503 1109
2731 2059
1290 2203
1191 1418
2216 2384
1435 103
503 124
2717 1185
2280 151
2468 165
2383 494
372 1961
36 503
116 1897
1485 1088
454 503
1180 2142
2055 2502
1984 2099
242 1867
2455 1219
503 1210
7 503
262 46
2509 1857
2636 1043
2731 49
581 2731
4 324
927 2904
2731 89
2430 2731
639 1034
1537 2731
2364 2731
1500 231
2218 927
832 1749
2053 2639
403 178
2954 655
517 1656
604 1393
2731 2746
451 503
237 2121
503 1136
503 1903
2731 30
1330 855
506 2977
2281 2121
2612 435
2731 554
503 2041
1223 2726
1277 1193
764 492
503 935
1634 2649
199 222
2731 58
2009 2731
503 1831
503 2801
1632 503
2798 393
1192 503
2273 2734
1753 503
2731 1033
1049 2528
503 639
1311 1153
2685 719
1733 2708
1968 935
1091 2731
1398 1369
2731 105
952 2444
570 1904
141 877
49 981
2320 2849
346 2587
949 2611
482 1834
503 1279
855 70
472 503
1368 2814
325 1258
2734 2032
1739 2575
2371 1153
503 1843
1431 146
2344 2795
1017 2842
650 1780
799 597
2505 1439
1725 1680
503 1262
2932 503
1660 1761
2731 2444
1946 2623
1701 957
2713 1786
503 419
1418 511
411 2814
2731 2281
2108 1117
503 2317
219 1271
2731 2456
2731 2070
1790 503
698 1163
210 2731
361 2731
503 541
757 2064
824 550
2863 526
1735 2955
2828 1004
682 507
2260 1272
387 1203
2325 1309
1680 2171
1091 2071
2731 2999
2731 1196
503 2013
64 700
193 1209
2204 503
2802 2922
307 1166
2078 1149
1536 1471
2215 2418
1101 67
1702 1227
711 2006
2905 255
567 1147
503 555
841 1163
2731 1330
1863 2731
2361 1620
503 254
2125 1814
1417 992
2034 1054
503 1334
1797 213
2533 1336
2733 1211
2352 74
1709 2431
1375 1701
770 65
246 483
2914 1835
181 1665
1182 2696
637 1259
503 2082
308 1406
2656 2186
1041 1084
1142 503
503 2773
603 2338
814 2980
1775 895
1021 1043
162 1971
1300 72
987 526
609 267
2486 1493
1208 2886
23 2625
191 1357
1793 1426
503 1907
2897 503
503 1803
2971 2731
575 503
2731 644
2990 1951
586 2518
2727 650
343 2731
2413 501
1281 2308
903 503
2731 1455
487 478
479 204
742 1265
2782 361
2852 852
2728 1580
503 839
89 823
2789 2293
2857 1726
1617 2098
442 115
308 1082
873 2687
1129 503
2731 359
1684 503
1251 359
937 1245
680 2731
1636 134
2241 2709
2650 1158
942 1449
558 2166
2226 256
2873 2965
1724 1598
2901 600
350 1702
36 2731
99 2996
332 488
659 986
1729 582
503 2330
1209 503
947 503
1408 1061
2731 137
1044 2731
1181 2105
2160 503
1 1907
1839 503
326 2987
2815 276
503 2470
1616 2731
2483 2135
630 763
1595 262
825 1769
1264 2731
2720 503
384 2855
2984 2360
1084 2998
1035 2731
2216 503
2731 1372
1723 1022
1363 1063
2731 201
2731 2642
2868 2964
1191 2602
503 13
457 2438
1919 947
811 1394
798 224
577 1898
1376 2117
1088 2058
1677 2601
38 1947
2700 503
1326 503
121 2731
2731 1725
586 1166
686 2365
441 1827
503 2501
2506 842
887 105
867 1013
2299 2025
1634 817
1509 2731
1341 2731
1689 248
827 2377
2635 2731
503 1992
245 567
2316 2766
140 503
1743 503
307 2196
208 1342
503 458
5 2400
2329 606
2133 2618
1720 1371
807 2596
2928 2532
2998 424
2511 2731
1702 2480
1435 1169
1270 2041
84 179
1219 822
2827 503
149 443
329 2089
400 378
849 1414
1798 1232
481 2369
2708 2822
2750 995
2241 2560
1218 2922
2846 503
503 1569
383 1903
1082 728
2731 2762
1008 954
1573 503
2827 1350
314 65
1519 2903
503 2794
2731 563
2329 2517
461 503
503 627
472 1508
353 385
2183 1533
1253 2091
1690 2581
2383 2067
111 2446
315 2764
2820 852
507 1116
2908 1706
1086 927
503 2646
1733 200
898 1169
589 1190
1050 2720
503 462
617 2232
2119 550
503 1268
1419 2489
346 1240
1798 2263
2092 2148
1176 2485
1672 503
2935 2614
655 829
503 563
503 2970
2354 2471
57 354
2169 2371
1259 2731
2857 1332
2563 2
2859 1731
2509 503
1420 30
123 2358
411 58
503 1196
1962 2262
2473 1267
1377 2229
63 1803
2250 1813
2914 1911
2601 841
520 2044
514 1603
412 365
1077 2709
2520 2847
1299 77
2500 1153
331 2731
2731 2729
1047 1120
1906 1293
852 1144
950 2766
939 1628
2815 2731
905 2330
1078 984
2543 749
1176 1281
805 2224
2773 643
2731 714
1572 1678
1124 1011
503 992
689 1608
2824 503
776 2731
2731 1411
530 1043
2731 2331
1864 192
2580 2358
2768 1904
1239 1431
2254 1515
1686 2089
1980 771
2366 2437
2018 1249
2731 2306
2317 2394
2731 2069
104 671
2948 1195
2126 1418
2005 2607
2156 2657
2731 1701
2731 2135
35 2043
1571 503
1118 1260
375 2731
1669 503
2337 1309
1859 941
2489 1446
2404 1849
2731 590
406 503
2440 745
1864 1347
2260 985
2001 503
1559 2297
1715 503
119 503
880 918
336 339
2247 912
503 2593
584 2727
2828 1492
2731 1205
642 309
503 573
2357 296
382 437
2562 316
2152 1223
2805 650
2508 685
2066 626
1919 1408
1834 662
397 2731
503 2023
444 503
17 843
715 784
2641 503
801 898
2623 1326
1604 1630
2648 2098
1214 503
888 778
2534 2307
2257 784
2100 1025
886 2731
2731 1883
2731 580
503 1183
678 2014
1084 2731
1319 2731
338 906
710 496
2731 806
2609 1476
2731 2878
1501 1184
38 967
613 329
2938 1822
1822 503
2731 2147
2103 2644
1705 1046
1553 2731
2774 2542
2633 2754
109 1681
776 503
885 1899
1984 2731
2666 1383
1041 954
1261 667
851 2467
1886 2044
1717 1811
1180 365
1841 457
503 930
163 503
1670 2283
1443 2731
488 999
1752 1887
360 753
100 2698
503 549
503 1780
1812 2816
1969 795
328 2433
2009 2351
2082 1562
2185 2763
36 1571
1920 940
1197 406
623 407
2658 1475
1808 1005
2731 2842
1149 2766
547 2731
2731 2617
2731 2563
1119 2731
503 2182
1698 2731
2731 2002
2731 2483
2571 1621
1990 1575
2476 2704
89 2096
2886 888
234 2731
2494 270
1533 1152
42 2731
2731 188
2690 1953
1563 1041
1020 2159
189 340
358 2731
1859 1141
1076 503
503 2011
260 1654
839 784
1459 1558
1436 771
736 1017
615 2731
379 1808
364 1275
1234 1633
2662 503
2731 349
2731 2606
1282 2731
2220 1448
1818 2731
1365 46
670 503
308 2598
1745 2415
1631 144
2640 338
2731 1728
2072 503
2997 2910
2371 2731
2731 804
938 444
2650 548
641 1964
2488 503
2787 560
73 2687
2587 2913
441 503
13 641
2857 503
1445 2721
1917 2401
503 780
1764 2032
832 1132
2258 697
421 1892
2731 77
551 1729
498 503
2332 2502
1328 1526
42 647
2406 2030
1055 2731
906 503
1729 503
2997 1769
2390 2731
829 27
635 1702
837 2148
2364 308
2015 2731
503 311
1202 2646
2164 916
399 1036
110 1262
848 503
503 510
2074 1612
89 874
2731 2548
276 1004
1351 2633
479 2443
1759 503
316 1047
811 1717
2391 340
503 1177
2926 2537
1282 2856
806 2136
1638 1818
315 503
1194 1420
775 2640
1926 18
2935 1946
652 919
1843 1222
802 704
503 2966
2892 2732
2731 1463
334 2688
872 1178
146 2808
2903 1324
2365 2442
1467 2328
142 2731
294 503
588 854
594 22
1435 2731
431 1376
1284 2406
503 2040
503 2751
2327 1230
525 2731
1082 2254
503 271
1205 2909
2731 2057
624 118
2731 1292
2164 1666
284 766
1869 713
1338 503
2196 2551
2703 2258
542 2266
503 2889
1486 2854
2768 1816
1630 503
432 457
300 1379
454 1070
1562 1268
127 627
2731 1210
503 1213
2438 2792
2055 528
108 503
2402 2058
1797 125
503 1246
2278 2798
639 2731
1605 1824
2746 62
598 1358
1351 2790
503 1787
2521 1097
2464 2206
1847 1096
2995 931
1824 1464
1091 447
2749 2731
667 1401
543 431
2906 2611
503 2633
2000 1662
2960 503
2731 705
503 262
342 887
2731 2058
2731 859
363 2276
2187 2884
543 2406
1150 503
1729 2684
988 17
893 2750
2731 2954
2881 2731
2401 2731
785 1780
503 1163
461 1624
2249 2885
2731 1592
80 2246
503 1718
1998 2237
2084 2413
2036 2787
229 1619
456 1888
1974 429
1857 2345
1124 1675
2098 2
503 238
2231 437
1676 2339
2731 937
2504 1618
2623 503
2051 2440
1197 1103
2926 1159
1028 49
685 920
753 503
2613 2125
463 1152
965 503
2936 912
1908 279
2570 553
1649 2731
922 503
2520 503
2152 2223
2731 2317
873 2681
2541 502
1939 635
1277 211
1422 2140
774 2787
2982 2318
63 2792
1533 2037
647 2731
2731 1085
1937 2797
2478 2316
1904 1360
2106 1204
1216 2763
1984 54
29 2731
1745 2832
1583 294
1100 1974
1201 305
162 1489
421 2205
503 1623
1986 1306
1747 2859
2647 131
2164 503
1939 880
1208 355
1575 1617
2503 79
2228 248
1247 2633
348 570
2438 1705
2731 1567
2879 1134
1411 451
1288 503
2719 2917
2731 984
2609 618
219 2191
1711 1675
771 663
2104 2731
1198 2731
1235 649
2244 2104
2581 1952
88 2396
2731 131
979 454
2673 503
1696 262
1471 503
1147 2906
503 1110
370 2980
1040 686
111 2934
1034 1379
1147 2913
503 1539
2598 2731
2300 854
2012 2396
1574 2799
902 2904
879 503
2510 1775
2731 2118
2750 782
1887 850
2833 1717
380 441
2714 2731
2731 1530
2731 1965
1162 1694
2026 503
2731 496
902 58
503 796
503 2141
2435 2287
2772 503
2204 1124
2626 2651
1649 1438
2123 35
2186 286
2499 620
2731 360
783 2254
2999 2520
2771 1830
1849 1688
658 2356
802 1117
1733 2618
1152 2755
936 503
2820 833
2731 1375
1034 2077
1182 2731
2936 11
922 914
1300 570
2312 131
1335 1571
2694 1163
2208 2643
2731 2442
1832 883
165 1059
2656 1193
831 2661
229 2405
2388 1239
503 1518
1138 1457
1695 503
1235 988
1386 2731
14 2098
149 62
1583 2808
1366 2414
1954 520
2731 2242
2731 1016
2731 2720
2740 34
217 845
250 503
1000 1202
1951 1499
2418 1011
2693 1332
2240 503
2074 2993
503 2795
596 2316
1837 2527
1801 31
1642 1637
13 1724
376 2392
2892 130
2731 2268
575 1154
2588 2112
506 1777
503 1026
526 677
1605 503
1593 503
2748 522
2233 712
706 2966
220 2534
1798 1716
711 503
2437 2395
2039 2731
1558 503
903 759
1335 779
739 1881
2047 503
1274 264
1287 272
2979 2044
503 658
1178 2646
1518 1060
2597 503
2731 1825
896 96
1266 503
1258 503
1843 2896
2518 616
218 2731
2105 747
767 460
476 2747
2499 949
2641 221
463 1278
2731 2194
1653 2023
70 2462
2339 425
726 2196
2731 2991
2783 2406
1799 503
672 1911
1662 1906
2731 2453
2731 2480
1376 503
1087 1323
850 1426
2629 1254
2125 2341
663 455
2306 1691
2009 2120
931 401
1135 2427
503 2468
362 1712
1425 1539
503 1664
1231 716
1577 2672
2507 977
2731 277
1974 2731
1630 1939
2731 2289
2111 1396
1414 903
408 1352
2731 949
503 859
2778 2027
503 1194
731 2862
503 628
2582 2731
1040 1407
1575 1494
2732 878
2731 1339
855 465
3 2808
2731 2517
848 2731
2960 1702
996 1853
518 269
269 2819
1856 1702
1777 2164
2731 2788
2876 1380
2731 215
2823 1154
955 255
1367 2590
2553 2731
28 1931
2731 1188
1765 1574
1300 2920
445 1055
340 2598
2000 2731
227 503
1321 1774
2543 2652
272 2255
929 1533
2227 1485
368 1980
2899 503
289 2731
403 2935
2731 370
2883 588
30 1793
2731 2993
503 75
1966 1005
2731 2385
482 2467
2855 449
2731 2437
406 1584
2267 2492
2781 352
1799 2731
609 1293
530 854
896 1131
1269 503
592 503
2731 2792
1396 503
2731 2522
1847 761
1560 702
2488 761
1902 2223
889 2037
171 207
1560 2731
2924 1461
1145 376
2705 2731
188 520
670 2354
587 250
2270 503
2731 1147
2215 2248
800 922
137 1825
694 2731
503 1410
503 637
1562 1559
503 1329
155 2731
1346 2146
2599 617
503 2175
216 2449
1021 2012
503 1510
1488 1146
2942 2731
2056 913
888 2214
2705 1066
2459 1214
2747 2731
2329 503
1937 2150
2231 1062
2832 808
1942 1413
1599 2348
503 1276
2444 2265
2503 2122
1662 2318
2064 252
2902 874
2337 1913
1942 1583
