3000 10000 1
1731 49
2381 2099
2716 1007
2815 2999
279 1718
1731 623
588 657
1669 49
729 49
35 2814
1072 49
237 2938
1646 1909
1424 1238
674 2160
2786 2453
971 49
2731 1601
1610 1018
1206 33
218 2616
416 1507
319 1374
2913 510
1064 2674
1028 49
1731 1774
1014 341
1526 120
1731 1172
2641 1017
867 49
1795 2765
1731 1175
2106 2936
2857 1931
1731 2852
1561 48
2956 409
2944 1004
35 1191
1285 49
1731 1361
425 49
167 165
2987 1516
53 2912
2287 2286
696 602
920 293
815 2886
2036 49
173 1366
201 1211
1755 1322
847 2668
2724 2348
1731 718
253 468
1731 1106
1694 2750
1731 1975
471 1263
2013 49
790 1673
255 2383
2378 461
2274 49
117 1988
1555 1712
1762 49
2578 49
650 2364
2119 49
1265 2116
2235 49
1993 2533
453 1835
1731 92
89 649
1970 900
604 2167
2301 340
1467 219
2519 259
1015 49
2464 256
2321 46
1290 2956
1656 351
818 1254
738 430
2347 1040
1668 2141
1766 2211
1477 2172
1268 1005
78 260
300 1446
179 1704
1659 417
719 49
864 2652
1338 49
37 1678
290 1873
694 2013
2702 49
887 2574
1033 2905
55 2325
865 869
900 49
2183 2951
2772 2704
2564 568
1477 219
1603 1962
2255 2035
2824 49
2093 2639
1550 793
871 1441
1952 1496
1731 260
2558 49
1393 1995
2892 49
2284 734
1731 399
576 2216
569 2748
2172 2906
1745 1463
628 1631
2603 49
1580 1137
1317 420
2260 49
388 49
1731 2613
1375 2326
1731 2090
1731 2859
2087 1334
2121 883
1381 780
1218 2212
2263 1058
2137 1808
2135 49
895 49
751 2901
880 49
1742 2339
2203 747
2627 49
1773 313
2863 2703
571 167
157 466
1731 1331
2598 260
321 49
438 49
1731 1121
481 2894
1731 1468
2654 1894
2584 2214
679 460
1111 49
190 49
589 1444
1310 49
597 2327
299 454
2109 100
1731 1680
269 49
1494 153
1258 486
1731 1559
1060 640
1817 163
182 2972
2590 49
2413 2990
1933 2261
2517 1797
875 2277
125 49
1731 1557
600 2846
2356 2904
333 49
2784 1195
1731 2691
2728 2275
1731 935
1081 116
237 2924
248 2255
1731 1322
1731 2680
2953 1534
1755 906
1281 2151
1731 1443
183 49
1281 50
1737 2645
1252 49
1427 1948
1803 1365
2876 418
110 1737
1731 333
2095 1262
1620 390
2578 466
940 404
2853 94
2445 2280
1731 1553
1773 891
1011 151
2688 124
1948 1218
580 1639
868 2959
432 452
198 2368
2258 1979
931 1965
1927 49
1632 2498
1731 2541
2621 820
872 49
725 49
1120 2014
1717 2832
1983 49
1731 2503
1222 49
1731 2962
290 1158
1044 1151
1731 1928
1735 2243
2907 2999
2252 2465
124 662
2667 49
693 49
1568 900
1606 2539
1731 2766
797 713
2986 49
87 49
2123 1846
1483 1633
2079 2362
182 1439
2163 28
113 2846
2481 351
1581 684
1350 855
2509 452
1721 2702
10 49
1731 1264
1041 1754
2689 263
2643 49
92 246
218 1184
2431 966
1731 1640
463 2463
932 9
1577 1883
1440 1917
1498 1661
2172 677
1378 2884
1217 1564
1625 828
1679 1548
1420 1200
1137 1624
1605 837
2817 1722
2857 1209
1731 965
886 1050
2020 1443
1731 631
2875 439
2160 2135
2100 967
2483 1424
2168 2104
1945 402
2272 1199
1031 1423
1731 109
1981 1139
1731 2653
564 1622
909 2767
1731 1498
81 49
527 819
1731 2740
1731 632
384 982
1897 2093
2766 49
2241 2039
374 256
691 49
1312 823
2893 1157
2255 197
1405 49
2373 211
1990 564
1833 1337
2280 2746
398 49
1731 57
646 1050
939 49
1731 430
1733 1323
1611 1276
1527 2927
18 2812
1674 161
846 495
1551 2507
1257 515
1883 190
2616 489
1731 2445
1615 544
1869 49
1926 1868
1731 744
1731 1654
1731 1894
1996 1881
644 1491
750 1809
1166 49
2967 137
775 49
480 49
881 2879
2747 49
681 2733
211 2325
1731 1077
924 2047
1376 49
154 1340
1653 1253
214 49
442 2510
465 2176
533 49
2354 894
2527 2938
184 597
573 1421
2981 49
2470 2522
2294 2417
129 2768
1929 1976
1690 178
1731 496
1731 2434
1475 2225
867 285
1334 143
1186 1230
1772 857
1702 1209
1706 2773
2166 1583
1311 49
1731 2212
501 574
1967 2402
1731 2282
2395 159
2960 1060
654 2819
1731 1411
954 337
2964 664
1731 339
886 49
883 2780
352 2304
1587 2789
2791 785
2852 181
1811 1984
675 1333
360 488
2627 471
1731 2811
1172 1163
1948 49
2251 1269
1136 36
1731 2120
496 49
1987 2068
1748 454
734 2925
1073 1488
1176 49
710 49
1593 49
922 1694
2910 187
995 1037
542 623
199 2514
193 1340
848 2408
2077 1063
1225 2978
2257 2827
1734 784
2540 516
1978 498
2645 431
962 49
501 1589
2282 804
2684 2554
2258 2631
1731 1563
1390 2336
2572 49
1246 311
1338 784
1731 2524
1348 2538
708 1947
573 47
362 1405
250 49
1731 2269
1731 1117
2307 1803
415 2136
2826 2128
1731 501
2196 712
834 17
214 761
627 257
1731 934
2352 2084
1870 1086
1791 2319
2337 49
2774 1044
1731 759
2220 1844
135 2538
446 294
2753 2257
952 1155
22 49
320 969
1731 576
960 49
680 1950
68 791
854 1389
2460 944
295 726
1731 1393
1952 2459
1691 1872
2514 1610
1731 1222
1482 1582
1152 1122
225 1327
27 49
1764 2308
1578 49
2224 1582
951 521
2575 49
2805 2453
1731 2089
1731 2121
1648 1698
1731 1649
1944 49
738 796
1731 761
1960 1646
2848 2368
38 49
1462 49
1671 49
2164 960
1731 2237
1553 1123
1402 2818
2675 1851
1731 745
2136 7
140 76
1043 2423
1066 720
2700 663
692 546
1731 2876
1977 49
1973 1264
1619 2157
2082 621
838 592
5 2393
1327 2496
1756 2314
1732 2375
1868 1820
1731 1788
1731 2207
1731 2283
1731 1966
856 1913
1989 146
1255 1504
2333 1641
1302 508
2836 2204
516 49
1731 1127
51 49
1688 2075
2385 2806
1582 859
1017 49
1731 1495
1731 2887
2982 1675
1731 951
1474 1423
1731 1634
387 49
1046 2243
2948 2994
1731 1509
2073 2889
544 2549
2152 49
2606 1916
413 1186
1504 49
665 807
536 1378
485 1432
2696 638
460 2943
2211 49
2816 1176
1731 756
1953 154
2133 2016
648 547
2893 1748
2913 2825
2606 1405
2701 2648
2698 2481
107 847
1731 2786
2176 991
1719 2598
359 2056
880 159
1100 1516
1731 426
1838 1699
1731 1666
1793 1241
1865 49
1731 2990
1700 858
709 1419
521 2283
647 2606
1731 2326
1809 58
1731 2914
799 852
1459 1941
807 376
1177 49
17 49
2743 49
810 715
1619 2995
1731 1560
727 2834
428 2259
923 1820
1974 788
2839 2662
2219 1682
340 1683
1731 2860
1152 440
1731 317
2337 1986
2816 2431
1731 1913
1169 2643
575 2818
1941 1933
1669 2476
2651 2577
1731 2718
2019 737
499 49
841 621
1225 1475
157 1571
1708 49
1731 2842
1338 1132
1033 49
1731 1851
177 2863
858 2639
124 2345
581 331
2305 2958
2905 1330
406 368
1799 210
1731 1160
1731 1266
1032 49
2938 49
2357 2186
2311 605
29 2923
1255 254
875 49
1758 2692
1136 49
1662 2575
372 2314
2034 2794
1139 1697
305 49
73 448
1731 380
2080 2564
907 593
1731 660
2239 49
192 1070
676 457
2550 49
2451 240
2946 2379
283 49
2062 2870
2629 393
1156 2597
2457 1418
1724 49
1731 2599
267 123
1283 2194
2224 1042
2817 845
1731 2489
2471 2458
2911 3000
75 49
1626 1485
2614 567
282 2841
1507 49
92 1537
1731 1199
2695 1893
1936 1603
2453 2917
978 2761
338 58
1731 1362
449 1206
2775 2121
1820 513
109 2862
820 1059
1980 1635
672 2874
504 517
2213 2459
1731 932
2595 388
1513 631
1731 2941
1731 560
2907 49
2189 2275
2474 1490
1731 767
1374 49
2187 49
2876 49
2825 2506
343 1959
1731 2350
2019 1276
1346 2480
1977 46
2514 1006
2817 222
523 893
1214 1832
1731 972
2506 797
1111 1500
2662 1418
2034 49
2989 2954
2153 828
2886 349
2488 107
463 2377
2089 2217
942 450
1290 2659
1731 2987
1081 2887
1731 2170
1731 2038
1731 2597
1645 1748
2909 884
2820 2389
145 45
21 49
2260 1843
2800 2486
1678 2622
377 369
1353 934
1786 927
2404 2585
1495 2193
1731 2122
822 1823
2332 601
147 2120
245 2068
2007 90
2033 621
2883 2632
2890 963
2579 49
868 740
1731 1978
1731 2148
1029 803
2655 764
608 942
1636 1129
1731 2594
2564 747
1355 431
632 619
208 108
1731 2294
1647 49
2836 720
872 2534
864 178
1731 336
189 2163
2351 1456
1382 754
494 49
2163 2179
2846 2961
24 179
1289 49
195 1405
2319 2461
2659 867
2402 2314
2377 1596
613 49
1731 1243
1593 253
1731 2054
1828 375
2400 167
2668 966
612 1531
1178 1058
2292 340
1026 49
1955 1062
420 724
1731 24
389 49
498 322
1384 2551
504 546
2148 1827
980 606
39 2360
1486 49
1731 1384
2115 49
2408 49
432 663
192 1647
1388 2022
754 2382
2145 2766
1178 1517
1731 238
1731 71
648 116
2541 1053
1731 1037
2024 2816
2361 447
1440 2205
361 2064
1731 2913
1379 1602
706 559
179 555
1821 483
1635 1043
593 1273
1731 2199
341 1682
641 1990
1622 2620
2952 49
1731 1871
1747 49
1731 2056
1551 386
2877 593
802 2459
2010 255
701 1723
685 983
2578 685
2289 2981
1731 2178
1206 2231
2745 1591
1023 1082
792 2633
455 49
1713 540
2015 863
1731 1856
1731 2704
139 39
1731 421
876 49
390 2036
1967 49
1733 192
2821 2239
844 49
1449 367
661 2175
1731 693
148 1998
1786 2707
1870 2103
1406 2248
1018 601
1731 1522
514 1078
2803 49
975 487
2625 309
2563 1479
266 827
141 487
1740 2638
197 1858
2694 2031
2723 49
673 2372
1731 2584
2292 49
1742 1009
1429 1046
989 1319
1731 2951
1731 382
1875 627
238 49
1731 1986
1638 49
2483 16
1731 1228
113 134
90 2544
1731 1169
909 2243
2746 1254
2959 1519
1731 2314
1168 2496
2053 1781
2275 49
204 2350
489 2210
229 866
1731 1479
196 2772
2467 2243
1223 2324
1300 1571
2527 876
146 1827
37 1943
1093 49
39 49
675 49
1731 1051
2419 49
1414 708
2869 2763
2405 2631
2197 2419
426 1140
1098 2851
1577 1490
1632 2646
995 428
1856 1705
1625 49
109 699
376 49
1999 2466
422 2537
1347 926
618 49
2826 2091
1731 2542
2723 2757
1731 1810
1731 1426
1731 2707
156 1719
1593 1328
878 2804
248 1754
1751 49
1891 2511
849 536
2578 1520
152 43
1043 755
769 333
1499 710
2395 1065
2171 189
423 998
1622 2335
1731 2365
330 1541
1684 49
1822 2248
2748 2817
835 49
1977 1178
640 2707
385 2612
2942 1314
2675 644
2935 1093
739 1028
2256 2952
473 2458
1967 1181
40 2523
2069 2456
283 677
1909 49
2709 1540
492 2904
2521 194
2510 580
1843 1351
1680 1578
2004 2821
1288 49
1731 172
176 686
1731 470
1731 586
1007 2537
2393 412
162 2278
1744 815
1731 449
2028 2715
2691 1772
1582 49
59 1837
1047 2836
162 2324
664 2089
676 2443
1756 467
698 1817
383 922
2931 542
1395 49
1731 374
917 2829
2680 2854
1141 2360
462 1513
1344 2668
2444 2344
231 49
2626 49
2608 2266
512 1378
1242 371
2640 49
1628 49
2307 1662
2409 150
2101 201
2643 899
1167 473
119 1418
1481 1133
1540 1040
813 49
2197 2712
1731 324
2316 2710
375 2737
1761 1474
2772 2401
1602 2060
219 2780
81 1021
1415 2368
685 325
2521 1282
2333 49
2555 2909
2252 49
1584 1017
229 2421
977 2776
2330 1942
119 49
1731 545
318 1983
457 49
2823 2230
2188 2920
368 117
340 882
118 403
1731 439
2422 49
325 521
2580 49
1780 1458
1731 1506
1669 320
2099 531
1731 1527
586 2847
2107 49
149 49
70 1529
1515 49
1411 2706
1731 936
1731 1184
217 372
2348 600
894 1985
2053 49
197 2008
2489 49
995 1619
2807 943
1964 1012
2751 963
2298 702
92 249
597 2189
1922 1358
820 2485
907 2135
2720 1452
2315 1865
1731 1646
2930 189
1574 1589
405 2364
2533 1927
345 1633
1731 193
1852 2023
2414 2093
1731 2967
357 3000
1731 419
1731 1667
781 639
1524 49
991 2375
1731 950
2586 1636
1731 1074
410 2325
128 1718
2480 49
2033 1330
1945 1380
2610 1414
2266 2701
861 1038
2534 1845
2554 2661
2346 1944
147 2309
991 1770
1823 49
2449 613
2871 2628
2588 622
905 1983
898 2948
499 537
2983 49
999 979
2759 1380
324 385
1428 2274
2354 49
1903 196
1246 49
1233 1040
1941 2048
1232 49
2809 49
488 49
881 1127
2373 1716
989 1639
2445 900
2153 726
1784 2812
2904 49
1678 1050
85 466
360 49
74 49
2151 601
1535 1932
862 2561
607 49
2230 49
1731 2163
2954 152
2317 1469
1264 49
1182 1912
8 49
1731 458
14 418
346 1394
1731 410
2400 2478
2393 49
59 1388
2100 2724
415 775
221 301
597 2213
1232 979
1469 2436
1550 49
1993 1466
720 2518
944 2532
2703 1337
130 1925
1466 49
2850 49
1219 1614
557 49
1731 840
1731 1285
2941 2994
772 1031
1577 717
1634 49
1008 2836
2197 1272
520 256
736 2288
450 49
1731 1470
1993 1551
499 2083
351 49
2955 1131
2144 1441
1452 2395
2878 1303
403 49
2753 49
206 1393
913 2753
1731 1460
1731 2548
1747 1056
2304 1349
2473 2174
1731 1934
776 49
1731 857
504 618
766 939
2113 49
2803 1773
307 723
1199 2616
1731 1314
789 1869
2270 1214
1570 334
2799 49
522 2547
766 1345
422 1114
1632 1125
1731 2783
2460 2636
405 1150
1900 1385
501 1402
1731 1972
1934 2924
143 2553
1731 510
1731 1769
1226 1082
1731 719
1731 2721
874 1004
1626 1977
2601 1895
1494 2735
1333 817
1946 1076
2991 2655
1628 1385
2902 2016
1700 1072
1898 2035
1715 2466
2528 1758
1171 1751
2569 1253
2335 49
1021 118
310 49
2818 2504
1686 1903
297 1992
161 742
1731 2274
1731 2206
1098 483
2056 2361
2133 2611
1731 2928
119 1327
1342 947
1473 2169
1941 2341
1910 1165
1869 6
2160 504
1586 804
2379 926
1616 2892
2858 49
1425 1262
167 49
1270 49
1965 723
1576 954
591 2779
899 1019
2340 1693
283 1993
2394 1357
2863 632
1731 2140
2533 880
183 1665
2720 2934
1619 1531
2413 1554
1914 1885
1731 2684
555 1374
1529 978
2624 49
1138 994
1731 2973
1731 2714
1448 191
589 130
1899 346
101 49
1731 1781
2960 1009
892 1321
1997 1719
2232 2468
2304 2718
2265 2248
2322 41
2874 49
692 49
430 2978
2938 1865
2754 1601
2066 1864
495 1034
261 1072
2955 2560
270 63
2625 49
2604 2393
1246 2326
1307 1573
1900 555
2299 433
1629 343
2075 1060
1845 2832
692 1041
1731 1221
2617 915
2201 49
1012 1486
986 115
2727 2960
1731 2450
617 49
2307 2141
1731 2926
2607 1172
2774 428
1920 49
443 2426
1595 2873
1731 2642
2722 49
615 2358
747 1653
1964 49
2332 41
827 1514
1649 49
147 49
985 49
8 1092
2521 1021
2143 2099
188 941
826 706
1731 2506
2776 49
547 1661
2974 990
1720 2218
1188 361
808 891
218 49
173 573
2954 384
1731 390
2157 417
1068 1752
2083 380
2905 49
1731 1674
1421 1815
2972 2098
2539 2408
2631 1909
1731 1491
1635 114
150 696
1315 2734
1731 478
1708 1778
88 2776
715 465
2910 941
1731 1441
2381 1183
2939 60
1145 1089
1113 2605
1731 465
133 2229
1639 2136
1975 827
1060 49
267 2938
1255 49
389 689
1250 49
417 2696
769 1520
2293 49
2318 2841
1794 713
1267 49
2349 1302
1731 2508
40 2392
658 2157
791 1916
1147 1865
651 2119
2683 1934
2578 2947
1192 1738
1731 1819
1731 101
416 1924
1731 1876
1731 1249
118 1257
1598 1392
1753 2173
1591 587
1067 1046
2452 313
1793 49
1369 2760
659 642
1731 649
1869 1004
837 605
2519 1923
2470 217
1967 201
1811 612
2028 1448
1175 679
797 2538
1887 49
113 2404
2113 2667
2722 153
1644 754
591 1141
1091 956
1731 2780
1193 2266
1671 1402
1731 2418
2017 49
591 49
2839 1979
2895 2475
2155 1594
2472 2355
2263 2725
1731 309
718 221
122 49
2253 710
1269 236
1425 1255
2470 785
2163 49
2172 1403
833 1909
715 2883
2858 590
2912 1338
1203 1969
2939 573
2003 887
1515 895
1511 381
774 2100
1731 1021
2661 885
1731 1920
2621 1699
2018 1489
1731 1847
1679 2103
1781 49
1640 373
2534 2412
264 2705
2308 1187
2342 2385
1015 1746
920 1330
1731 1191
767 106
2363 182
2427 890
1731 1648
2620 49
2910 2858
2437 49
1193 922
635 1382
916 246
1151 224
1640 2382
907 1745
1902 2658
1731 2982
1397 2800
1731 2488
1384 49
1813 49
1666 1492
1731 25
1218 1439
1731 2290
919 703
1731 2848
1951 2841
404 2936
2976 49
1731 353
217 272
2149 2726
2583 1309
1873 49
2127 1063
1731 1993
1181 1266
1737 49
1731 2915
780 2270
1731 740
1625 637
2696 106
804 2917
2521 742
758 2134
1731 1304
2050 49
1048 49
1731 2275
1756 1229
495 49
749 49
1731 2751
1121 49
2875 415
1925 282
1731 200
1731 66
1731 1165
2652 1761
863 1679
805 49
2562 49
2291 2699
1650 653
1471 1541
570 2818
157 49
2324 490
2375 1818
476 49
1731 1033
2923 2859
874 1421
2931 238
953 1780
1177 1540
1939 49
399 1387
1731 2074
1418 49
1459 2994
1546 2695
1731 1072
1631 582
2678 49
2774 1985
1513 49
1670 2142
411 1078
762 1971
1885 49
2838 104
275 818
214 2335
781 724
1012 2880
2983 2609
1731 447
1731 2896
2510 1884
288 49
2386 542
2194 2996
1731 2151
328 1676
1661 388
2553 1704
15 2672
1253 49
2059 49
911 2835
2288 49
1991 600
2937 1923
1221 432
780 49
535 768
1952 1738
329 1489
432 1441
154 2093
1254 251
2852 1045
1134 49
2768 1900
1197 96
1861 663
803 2004
2127 75
1629 49
754 1289
747 1590
2016 561
2206 368
2962 35
1731 2812
2389 49
2765 123
2064 49
1184 133
913 569
1561 49
1325 49
1731 2865
194 49
768 49
17 1724
2240 1126
1390 272
1077 675
1122 2463
377 49
2092 49
2173 2179
2127 202
413 2713
523 49
798 2585
825 49
303 2472
1731 1565
497 404
1731 985
1962 1897
1655 1196
792 49
792 1694
323 449
1078 49
762 49
2459 256
2708 49
228 1989
521 2533
2436 668
1354 1208
312 2018
98 49
1731 2152
1731 444
37 1713
2163 2987
363 1306
2872 925
945 401
1471 2165
1092 90
2801 2589
2539 1007
1637 1074
1731 2501
1475 449
1759 2158
1723 338
994 2369
1346 49
183 296
673 2054
1801 2702
887 2306
1337 769
603 1207
1731 2447
468 452
2892 528
664 1184
1731 1761
1510 1444
1731 686
13 2691
1242 384
2438 1261
1765 488
1731 1052
636 1344
1731 1766
1731 2323
1731 1998
2004 1548
1973 49
1559 1719
1731 154
2382 2230
1255 2479
1923 2748
2319 2554
319 49
2593 2554
1400 49
1731 2685
482 1584
1731 299
826 2174
1731 2130
2108 2315
9 999
748 2403
1731 793
2901 1995
795 1225
760 1055
2301 192
2063 49
2867 1262
2240 49
1731 2908
2499 81
1566 879
1731 2853
1731 264
899 1068
194 2163
1934 2572
355 49
344 49
1731 1541
2152 1243
2810 49
1731 2558
2605 689
1610 49
67 1001
2668 2857
1731 815
1739 1833
849 1935
232 2668
2503 49
490 1998
546 2493
784 1970
1513 1578
1602 2344
1731 340
575 49
705 49
956 28
1862 1307
1731 549
902 49
1800 64
1731 835
1731 1581
2709 824
1330 578
2398 964
1517 49
2912 2211
2701 825
2001 708
169 2127
1731 2126
1388 426
744 1484
1786 256
343 49
1153 2746
2435 1963
500 1062
2957 49
2218 927
60 49
189 2005
1731 1794
1680 1759
1731 1976
1731 889
2027 1066
2170 49
2342 485
809 2494
2086 61
2311 49
1369 2653
1370 49
772 49
1650 49
2360 2903
1731 1212
1915 811
1069 1581
1532 1375
1303 1142
2024 49
1012 49
1731 198
2989 898
1164 181
465 2820
63 2746
84 1428
1731 2495
1731 1148
487 2841
2932 451
1354 572
1605 49
1509 411
1405 85
1461 49
1312 2527
2733 872
614 905
1066 157
549 2438
1619 2834
2726 2956
220 1625
2012 2031
910 49
1404 2683
1731 2586
2070 2960
1731 2318
1731 1365
2158 111
660 49
2014 465
2227 49
221 391
458 2185
636 394
2190 39
2297 49
1264 2684
2331 49
712 2469
1381 1729
491 1752
207 1813
1731 1177
1958 219
2762 577
221 2625
1970 1621
1731 1083
2138 1518
1734 1565
2087 1965
1506 49
1731 910
1731 921
2587 613
1528 2272
2243 170
160 49
1821 2607
1242 1654
1731 2292
2654 2262
2148 332
2346 780
1731 913
1565 2935
1904 1833
1731 2016
2424 2829
1594 1384
2122 1651
1731 2537
1731 1771
2535 674
815 49
1731 2946
2593 104
1731 2798
2740 49
1731 2100
1731 2084
1451 168
2957 2254
2777 1420
1731 880
1464 1676
2090 49
1406 1086
1731 1223
253 1664
1731 406
397 2221
1853 1353
1381 1655
280 1516
2720 905
2416 765
2457 2298
1731 2154
2727 2764
1914 1596
1731 2465
215 2063
2053 1137
1731 366
2821 1763
2831 351
1731 420
786 780
352 49
497 2046
55 2400
1731 937
2798 49
1321 1313
2456 100
1402 2878
411 1446
2069 1432
1457 1350
2573 585
363 1261
1731 1537
126 1425
1731 1805
1879 1831
572 664
2351 1508
2112 49
1782 1766
777 214
2036 2560
1523 337
45 2457
817 49
2125 49
2030 1177
1156 2297
597 49
1250 199
1731 269
1731 822
2479 89
253 1258
1495 1270
2263 139
2970 2302
141 305
969 1416
2017 952
1380 2987
703 603
2363 618
1731 2698
1318 920
6 2782
1731 1209
1731 1245
2694 2183
1731 1841
2660 2415
2855 142
1693 2745
2878 1054
1549 1026
1007 739
2220 2678
2523 2440
2103 49
737 1874
1731 580
1047 800
1731 2742
2917 330
2551 617
1801 1963
468 470
424 1095
2169 729
1619 49
249 49
2533 49
1611 49
709 49
706 169
1636 1006
103 2512
2875 2668
1731 1977
117 1163
1279 276
2371 2107
1731 352
2728 183
1292 1860
2183 1864
1064 2952
1018 1731
862 1030
2716 2917
1664 49
1968 1949
2142 80
2030 2970
1731 712
1556 2906
2184 2450
2831 49
2001 2249
2797 49
1731 599
2849 49
2087 1043
2163 1907
2707 494
386 562
1646 2383
94 1094
186 2551
2843 1812
1842 1778
2654 1425
2310 1596
1731 2708
2084 2122
761 810
2090 2791
2537 536
975 2767
1379 2537
2560 49
509 2316
1961 278
2818 1979
413 49
1962 2499
2992 49
2577 2746
2048 2561
1404 49
1731 2984
1731 1413
563 1392
1855 49
36 49
1731 452
644 152
1731 1820
911 154
1377 1911
2635 2607
1731 2726
1189 994
2958 98
969 49
641 2112
2218 1063
2156 49
2751 2768
2742 2386
1824 1248
2462 2825
920 1323
495 2470
2685 49
2424 604
1465 1806
673 1566
2012 2355
2981 2879
1285 595
667 49
1731 2509
1782 721
1731 512
81 2241
113 1631
2716 49
691 1503
2690 1480
2336 29
1329 2466
1007 237
232 2108
37 1875
1731 1686
2141 1351
294 1692
72 1649
1731 1752
221 1725
2994 13
1731 2033
258 349
1036 49
2897 1580
1731 569
801 1837
741 49
665 2335
1731 1641
2219 1229
750 1259
2169 819
1731 1357
681 2370
778 49
594 2594
1731 2476
636 2666
1731 11
1140 1631
1731 445
1731 1827
1590 1704
2248 2103
2282 65
1681 392
747 1040
721 1518
1895 617
1731 682
1731 533
1284 49
72 967
1299 2894
252 2554
42 2373
1688 49
473 1804
1731 265
1731 1737
1867 49
846 2958
2243 49
1146 318
2700 1329
1731 2293
1668 49
74 65
1808 2491
1938 890
1731 503
1731 2018
558 2551
1643 2919
2091 543
2366 640
661 49
1211 2184
1731 2276
1731 969
834 1297
1318 2354
2554 1028
1731 1137
2536 385
695 49
2710 2896
287 2407
1284 2525
771 875
978 2201
894 332
2266 2784
1731 2472
2769 1435
1032 2524
1731 2571
1584 49
2774 2136
1731 219
941 49
1846 49
1731 2113
1639 1671
1870 2179
1669 807
1731 2321
2031 2639
2631 49
1731 427
2908 2836
1671 2107
1832 49
2557 1590
908 49
1731 1139
1731 2616
2492 1811
856 2741
241 2785
408 1790
1731 1210
2656 2772
2623 891
1006 2066
1551 49
1731 1830
2215 2150
573 886
1731 1182
1344 49
802 1493
2106 583
1731 802
2427 1260
2791 255
1731 1250
271 1313
982 877
1437 627
1731 1756
1731 1359
1599 2686
755 1116
2772 2911
1731 2470
2437 1728
2835 2813
688 49
1731 846
1738 49
94 2021
844 2924
1391 2289
1667 2175
1892 1392
176 1486
488 1962
2778 2991
2206 382
2365 49
2406 49
31 2406
2646 1843
2791 562
1099 2706
120 884
2391 525
1972 49
1294 1145
2113 853
734 832
2857 2551
1540 1258
1841 49
2817 1378
725 451
1731 1999
1793 2915
2013 727
110 1400
2494 49
2719 2747
655 291
1466 507
943 2920
1731 1859
580 252
1945 49
2057 2345
1875 1429
2078 1753
1731 263
1946 752
2799 1337
2155 2355
943 179
1731 1098
1328 1142
197 1579
2588 847
1731 2169
950 1118
1819 1532
1731 2816
1731 2574
563 656
1562 49
2319 49
1886 49
1138 1863
440 2936
1731 590
1658 561
580 183
1463 673
432 710
2643 1487
37 2510
190 2470
1265 2280
1731 1837
1241 2245
1731 1473
1731 462
2347 2825
1731 641
1468 1201
849 1622
1642 400
1829 246
1367 49
459 49
2287 2043
543 2881
1393 2953
2117 522
1639 1294
266 747
2565 12
2314 1039
2170 2240
1731 40
484 49
1222 1190
2406 656
146 49
1257 49
766 401
91 1765
1380 743
2317 2333
1731 1009
2390 880
2589 1251
1165 49
2754 49
1042 1919
1009 1565
1099 1935
2589 2887
1731 2620
857 747
2870 1214
1491 528
1833 1563
1731 964
1319 568
298 1074
318 73
1731 1970
2270 2839
1978 964
1940 2315
568 49
1844 49
806 746
2507 1084
862 669
1687 1386
299 641
1066 2945
1300 332
2467 2018
2340 2807
764 2813
1552 2538
1223 1621
448 750
1731 2081
698 49
1731 2805
264 1523
2415 1044
569 2288
511 2351
1330 49
2085 278
1078 2312
1731 929
510 1143
1657 2414
451 1038
1382 200
1731 1582
479 49
2911 2538
994 319
1309 603
2871 49
2511 892
1726 49
2425 1424
1305 617
145 2417
1731 1103
2737 2697
945 2856
2918 2870
1731 228
562 262
1731 1194
278 2761
1794 2234
915 1750
1666 49
1731 16
211 506
432 1502
173 2807
1942 49
2208 981
1731 797
2615 2443
2576 2127
744 923
1731 1656
1731 1447
697 49
2298 2053
386 49
1500 1734
914 2177
1731 1870
934 49
970 1731
2212 793
1966 1715
901 672
1509 28
2549 197
1104 2373
1974 1462
2326 932
1731 2278
106 49
1821 2494
903 405
321 1260
1731 2797
1731 664
2375 49
942 1924
2154 49
1069 49
2702 2513
657 1068
772 1776
2761 1575
1731 2640
1424 1086
1896 2847
1731 2232
1731 229
1731 1809
1101 2899
2786 49
2966 1032
1964 2348
1019 1701
2061 1267
1554 813
2812 2880
1731 1620
285 2719
2951 904
572 1612
165 2371
132 1546
461 324
1148 49
1492 2999
2414 49
151 328
1428 49
1298 2067
1376 2914
1731 277
2189 49
895 612
111 1871
223 49
1731 617
316 1456
2284 49
2127 550
1505 700
1731 2907
121 559
2327 2857
1193 2695
1430 1029
532 1437
2201 214
1731 1940
2279 49
875 1602
1731 412
774 2375
878 44
228 2826
2323 561
1853 1382
163 151
625 1930
594 2668
2560 1993
1731 918
484 2962
1731 74
500 2058
2726 1833
569 1880
2191 2886
1731 2120
1187 49
2956 2550
1411 1638
315 2361
675 1398
2056 49
1731 1757
2729 2419
1446 49
1295 49
1731 700
1731 2795
2888 49
1932 1823
182 49
1249 1844
174 845
1731 2662
1029 930
2723 313
332 1409
1731 1592
1731 648
1731 2273
2375 776
95 1286
1820 2367
2070 929
1097 119
2295 49
2928 1576
1731 538
2610 1817
1731 2781
227 2189
1393 2172
344 633
1525 49
2939 1197
2485 2772
850 668
1415 1916
2978 1852
2216 1745
1731 1638
1360 1639
2123 2746
1731 2622
1811 1599
783 1406
1992 321
1035 960
1536 1198
1214 1299
635 49
13 49
963 400
381 2389
1238 49
2627 2037
213 1020
2778 2223
1699 2676
1814 1365
927 49
115 1250
1731 307
1125 1932
2500 2727
772 2756
1118 2367
1731 1935
67 2343
1379 1960
1731 1096
878 1621
2701 872
2805 49
2312 850
2836 637
2467 1880
2973 749
473 49
435 2323
1357 49
1435 1592
2456 49
2213 49
2888 879
1740 1522
171 2317
364 2569
527 2776
1438 1989
201 438
611 946
1731 753
2039 2786
1731 2322
1031 1246
819 2585
1618 2601
103 119
1342 2885
1810 933
2007 49
2530 2253
498 49
1693 2159
2095 709
1597 2713
1568 2051
2405 2040
1731 351
2884 2781
673 2008
1221 1276
213 1409
1979 49
2287 1008
1871 2365
138 49
68 2484
2818 2827
634 1398
1731 1956
1520 49
2046 2572
3000 1511
435 2049
1749 920
1604 2454
2164 49
1731 2631
532 843
1049 1934
925 49
650 2754
626 2234
1343 1259
1722 1117
1253 544
2539 49
938 282
2569 1492
1293 49
2005 49
2614 792
1847 49
349 1269
2898 49
122 2786
449 742
898 227
1125 1548
28 49
1981 2174
1935 2485
2185 1506
2499 1104
1550 1257
2918 1705
1648 2514
2442 1956
806 2401
2056 2888
2067 254
552 1502
2364 2119
1731 1492
696 2379
2634 2076
2855 100
938 49
2479 2586
2229 49
1839 49
547 2691
583 1888
2334 49
1731 2171
760 806
1819 2246
1304 825
228 1458
311 2296
2546 1082
1731 1793
124 413
1731 1323
2711 1107
1585 97
1731 2050
2855 1235
324 2057
1731 611
1731 466
2546 2857
2444 1465
1931 542
2488 2409
181 1758
134 650
2465 2250
1024 210
2830 2720
1390 1561
292 984
1731 1310
528 49
1731 203
14 49
1696 2148
1731 2028
1731 915
67 49
1731 2295
1731 766
212 1185
1393 2715
1731 2578
796 49
1731 494
596 2122
541 758
1731 676
2670 286
3 2531
2561 776
403 760
449 2995
2378 666
2560 2562
1896 1538
2251 1072
2297 498
696 1210
2820 49
1648 2864
759 49
800 122
1126 2678
777 2882
828 2391
1975 634
2119 163
581 415
2846 49
696 2329
1833 2849
1899 2193
71 2474
432 1154
858 1855
455 638
2246 1206
1107 434
1981 1558
1283 2332
2985 315
2745 49
1731 2729
1343 702
2926 1910
1731 247
1731 1583
682 367
1899 1057
2892 449
1501 905
2074 650
630 1423
1662 998
1731 2437
1731 2354
1731 103
1731 2833
2482 49
1606 49
1758 1993
2916 2874
336 2261
69 49
2142 1036
2967 696
2908 2097
2672 49
1494 2077
1731 189
1731 2512
2229 2405
815 2466
2385 2062
2931 2296
193 599
776 1490
520 528
1731 2145
108 1849
2782 244
2150 49
567 49
199 2851
1529 451
194 2590
505 1927
2809 474
1979 985
1731 2686
311 2585
1731 1024
568 1298
1731 673
1731 1076
280 1201
1157 2077
552 1519
53 2468
1731 2867
354 1971
1025 2245
1284 2169
1731 645
1731 669
1731 1267
2478 359
2930 49
1654 2649
2833 1818
796 2161
2837 857
1976 49
391 49
578 1299
1122 49
1003 49
592 49
1697 2449
2819 1619
2134 2975
1059 992
2052 1887
1590 877
1731 2147
1731 2705
1658 1580
336 2313
1731 2690
1189 1309
954 743
80 1693
1561 350
476 409
512 49
24 243
1731 2080
677 163
2826 591
2931 1614
135 2472
722 2033
1167 1306
488 2105
2206 49
1731 272
635 2613
1221 1273
1731 2624
257 2530
290 1031
566 688
1751 292
1731 2736
1731 1910
2141 49
287 49
2465 49
1731 1593
756 309
1804 1194
1731 1034
1240 1022
1891 112
1953 49
2306 2310
348 49
2824 498
1921 809
1685 1512
336 1780
624 1861
1154 1582
2896 1948
1082 49
1132 2502
994 393
969 697
2638 2550
1731 2996
1320 2979
463 49
1731 250
622 2149
2571 49
387 1821
1731 2893
1731 186
2069 1003
2454 2378
543 1215
414 297
244 658
1082 1161
2941 49
2188 1966
2103 1556
1734 2480
2147 829
2917 979
1731 1533
2674 49
901 49
1043 2767
420 49
2537 2007
368 140
2204 49
1731 986
704 1225
251 1428
2 1953
987 49
1731 2888
304 1862
466 1038
1269 1341
1760 49
1901 881
1731 2146
1188 812
1826 169
1731 1746
1731 2595
1135 1398
878 1332
1422 1476
1883 49
949 1905
68 937
1731 1653
1858 1588
361 1349
1731 83
1278 497
1355 2460
1886 1673
1858 730
151 32
465 49
80 329
2931 979
981 217
2195 273
2197 584
1899 2205
995 832
508 742
2775 1273
1115 49
283 2916
305 615
1731 1973
1873 2540
648 1844
1821 1667
2304 1911
1917 366
1731 498
1436 2680
2641 2562
2495 1919
1644 90
1731 67
2819 1414
374 484
2176 1025
2811 2801
1851 49
192 2005
1218 49
1508 1309
1300 468
2866 2409
1169 1405
2696 2720
2195 892
2074 2947
1731 1754
918 49
1731 1238
78 293
673 2040
1691 1923
2611 1823
2849 507
570 816
2914 1189
645 2726
136 1185
1145 1767
2545 49
2836 490
2141 2304
1810 49
2846 235
1731 1791
1096 2130
1731 1526
640 1307
1362 49
2236 1688
2168 2004
1710 49
2642 49
2263 1723
1486 335
57 2025
943 1171
982 2839
1128 1212
133 2275
2525 2541
1152 49
780 730
1118 2278
1143 1483
2528 799
445 461
181 1718
1023 835
2787 1323
1646 49
1469 835
1514 1560
2759 1492
123 519
2640 338
1483 88
887 2845
2415 1834
1506 432
1553 839
1035 913
1492 1995
203 1173
1731 723
2506 2100
1731 587
160 2911
1190 709
1731 148
1009 568
2354 2225
2474 1903
1854 2575
2376 1200
1543 49
2240 1623
784 974
2800 49
468 41
2790 49
1030 363
1747 880
2652 973
1862 2564
846 2882
2427 1781
1633 1980
856 2691
2267 1053
205 408
2326 2450
19 49
2478 49
413 392
645 459
1731 1883
1731 2361
2987 462
1646 1548
822 49
2717 1465
1731 329
1899 303
2312 49
1948 1648
1645 49
1731 355
1731 2530
229 2839
1731 2700
142 911
1731 1063
1731 2010
2704 1897
1731 2069
1104 49
2853 1417
326 49
1814 940
1731 1760
795 184
2253 1609
539 938
2469 2271
689 348
486 1779
1963 1395
451 49
748 49
1731 2020
2601 2145
2101 250
2704 49
2718 49
907 49
1642 836
1586 36
1723 392
2335 2936
2681 49
2707 162
2319 1748
770 1075
1288 2753
1040 1585
2811 49
1150 2995
1831 49
624 49
1951 49
907 2321
1731 2880
2582 2403
1449 49
631 2340
904 49
1731 15
2567 337
2363 2683
1240 567
1657 2685
2972 2091
1928 1980
1731 2627
1731 1151
1875 21
2377 817
1731 448
2281 1917
1459 558
2862 494
849 2276
1425 1685
163 49
2666 1561
2003 49
2263 1789
2291 2323
1649 241
575 2099
1813 2620
2684 49
1731 2260
797 1643
426 1681
2189 81
1632 1608
2105 49
1731 2903
1284 2888
864 1423
1731 2324
2365 913
1482 1710
2949 1361
1731 895
168 525
54 49
2044 1579
1649 2674
1731 1961
2430 2093
891 734
1569 2262
1731 555
1731 429
1781 1501
566 2111
1731 1025
1731 900
975 1003
2576 2958
1731 2579
1507 472
1731 1
1962 1410
1253 1465
1947 2501
1671 885
1731 1517
1685 2884
1946 1449
803 1649
1731 8
1519 2705
1341 224
1592 844
721 260
16 1774
1731 1122
1204 2520
814 1483
1731 468
1731 1298
2992 1415
80 2258
2795 2303
564 49
1981 918
2157 697
2052 930
1731 602
612 2265
2997 921
2234 2809
324 627
1774 746
829 186
1731 2997
1731 803
309 49
1694 458
2589 49
2003 1315
300 1134
335 1346
1124 1832
1731 287
1230 398
2967 2205
243 2347
1163 2012
1734 1572
536 1593
674 1672
2730 2725
2101 2206
2984 2678
614 1617
1519 2923
672 1542
414 2238
1466 611
112 1636
1619 652
1549 2990
77 49
1731 2085
1841 2709
1731 1324
1731 733
1780 49
798 2080
2827 1083
2765 868
2212 49
410 2169
310 276
2220 1928
1838 1445
625 423
538 2036
752 1513
2736 1376
2593 591
1731 2448
1902 2104
2197 414
2306 49
924 2875
2681 271
2008 960
356 2975
2307 2681
1731 1326
2895 896
410 886
273 1842
1731 1824
2453 489
2443 2719
587 2492
41 1257
1682 928
1973 2748
1750 49
1710 1691
1247 703
156 259
1139 49
2143 2162
1731 1584
1731 1020
1705 49
432 766
222 2761
2407 722
172 2426
598 2121
1073 49
2378 2963
2713 434
952 2807
1726 2889
1032 1576
2825 295
949 794
999 1215
1922 2278
2695 49
1602 1459
1637 2323
2112 899
1880 1146
665 1830
1282 668
723 1239
1045 838
771 960
702 1048
1257 1470
1324 2835
1737 2162
2021 49
1772 1328
2216 1734
2914 858
1991 49
1731 1073
2022 2146
2618 1802
849 49
1731 2694
1851 1500
2936 49
56 2115
1001 1913
1534 49
1086 49
100 49
557 2202
411 990
1731 38
2036 488
1193 2383
504 1586
1731 2423
43 1748
1548 2290
195 49
1350 382
2449 2127
2908 1090
616 49
2345 1349
2564 931
2915 892
47 49
2961 2227
2669 2974
2380 2900
2309 817
73 1889
2940 49
1731 1280
1092 253
2563 49
640 2511
1731 752
1198 149
2392 49
551 1981
2845 1184
2214 49
2295 760
555 801
1731 303
2186 2153
414 49
2198 2775
1731 2201
103 646
113 2824
1479 2621
2040 49
1510 1791
1681 924
2427 1995
2110 8
1969 2379
1942 24
1732 2296
6 1634
1731 1813
531 1156
2396 49
1185 1861
2264 1454
2268 2257
2021 1329
1731 497
914 2512
148 1644
1628 1401
550 49
43 1991
1574 1562
1731 236
2802 982
2187 2043
72 666
1740 49
1731 1678
1012 1300
596 522
2834 49
1362 430
403 2998
1844 1886
2973 1080
1836 629
1700 49
439 2677
2182 49
1670 49
1731 557
1194 550
1731 1685
1293 2551
1731 1936
1731 849
2389 1129
2359 697
1644 1434
1271 2822
256 500
1352 686
2919 1390
265 1308
638 2805
788 2616
1731 828
58 1335
747 1487
1041 1284
590 385
296 2699
357 49
1447 1662
861 49
1377 1469
1767 49
207 2966
2800 894
2342 207
1555 49
2140 124
881 824
70 1507
1731 1639
2219 49
1799 2760
2965 49
1334 1748
1050 1120
1842 2062
1656 2277
991 1459
229 1361
2012 1551
854 122
1731 2003
2029 1459
430 823
1005 49
1849 1387
216 2779
2909 2188
1558 1951
1211 2038
1444 744
2743 2404
854 1081
2650 820
467 904
1657 1869
2930 2139
2839 2329
1794 661
2345 49
1015 2416
2394 29
2074 49
2962 49
1213 2057
981 1681
1731 1399
1588 1575
614 2014
255 2846
2536 1628
1700 1491
1988 49
1731 2088
1731 1190
1741 805
552 2009
1617 49
2546 1039
2203 23
1988 2915
1984 144
2369 49
1731 2722
2058 985
1104 604
2923 1430
2548 950
1441 681
1574 2808
1503 940
1908 1179
1500 2221
2234 49
786 2799
1731 1232
18 881
676 2373
552 2992
630 813
572 1632
2403 2156
2215 1958
1461 2115
115 132
805 955
1290 2634
1744 1201
1093 1116
2824 547
2095 976
1744 2433
241 219
2871 1731
627 49
2137 2033
140 473
1017 1980
965 914
2185 2825
303 688
1278 2477
2225 1818
1561 2335
1998 49
1731 2125
363 1876
187 2831
612 2953
1391 358
2360 2078
1733 2014
2544 1082
671 237
1471 803
134 899
2170 505
669 1176
2666 885
1340 2148
308 1256
2462 829
145 277
2670 49
173 468
1682 1069
786 1949
1731 570
2030 2317
1155 1153
1501 823
1731 1463
660 944
2830 1194
1731 758
1731 1862
935 1296
729 501
2328 328
2961 2182
632 2375
642 2214
1539 260
561 673
1731 2695
1731 1320
2848 2261
1748 1854
1405 2761
1679 348
1731 1855
1381 49
2996 1824
666 920
183 1686
181 49
225 2727
2746 318
1208 1951
2946 1972
2413 1410
966 2540
2032 49
1394 2654
16 1865
1731 532
1731 1523
1731 798
2548 1747
1882 2121
255 49
2405 2956
2231 1452
308 1591
535 695
662 49
1560 1660
1708 597
2997 1108
1731 1720
835 2410
1824 49
1813 685
2147 557
2865 2187
1005 2720
2333 2375
2703 1376
2106 171
601 2277
1731 2352
1311 1373
2142 49
1088 826
138 1699
2954 1198
1997 49
386 2450
1640 1537
144 49
1731 1964
2791 2664
839 49
1731 775
2760 49
296 1682
1713 2718
163 2617
1511 49
1635 1376
390 2890
1459 49
2360 49
1729 315
823 49
1690 1791
1388 49
1752 49
2209 2301
1823 1320
1437 2944
1306 49
2012 581
1020 2972
1688 77
1731 1104
100 1231
475 2279
1103 49
2303 605
2507 2638
137 651
2373 1149
1087 49
1202 844
2467 2121
1731 2854
1795 2231
412 2619
1722 132
1731 1028
2445 49
394 1461
1983 2928
1276 49
237 2990
1731 2943
1949 49
2828 49
1712 1337
2270 1610
1665 348
324 2605
653 987
2146 1747
958 2700
1731 1315
2521 2845
1778 877
1063 49
1161 2885
1682 1945
992 2658
214 1393
661 1868
1007 49
866 97
2893 1741
785 196
246 1260
1432 49
1731 941
1890 35
1329 1064
1953 1090
1587 49
2790 1111
2426 49
1668 2614
305 2792
1941 2182
334 371
235 2216
1447 213
881 1331
2834 1283
1731 2398
1125 49
574 49
48 2937
460 791
468 49
148 49
1758 1119
2653 2767
2473 1037
1694 2044
708 852
2371 666
2500 228
1969 945
2319 843
424 1892
1946 103
1312 18
2130 689
1731 642
795 49
1731 2107
287 526
2972 1265
2224 272
329 744
283 1745
1323 49
99 500
1825 1806
1718 375
1551 2151
1989 828
812 49
2804 49
274 2483
1545 632
2830 1110
1731 1668
2549 2615
2236 2200
1251 2125
1731 2924
207 619
621 16
853 644
2877 923
1420 571
2910 1844
2481 49
2236 990
1500 285
82 49
798 161
2273 1213
1998 2318
1197 2180
1731 1585
708 1226
1731 2850
2115 2161
1054 1010
1731 662
216 1209
722 49
949 1753
1228 49
835 2511
2257 2932
343 2264
1521 1381
1566 2825
90 735
298 1922
2191 1126
132 2525
2241 1796
1731 2957
2946 1445
1801 847
1196 850
485 1514
1639 1519
2379 49
1877 1361
920 49
1519 51
2723 1751
74 1697
2806 49
1930 1482
1977 175
1467 1144
1519 2310
2005 227
390 1250
898 71
1089 2453
1731 2308
766 2115
1632 1856
1005 545
2735 49
2635 2671
1828 2087
1835 1574
1733 49
996 49
2765 2406
2659 1630
101 590
887 293
1731 1617
1731 1155
1977 1222
1063 2482
269 993
384 49
37 1005
1091 49
2623 49
462 49
223 2673
426 1210
1685 1467
2373 49
1625 1105
2767 49
1731 741
1731 1026
1748 49
2705 546
1731 971
1731 2767
641 1958
1027 585
612 1552
1709 707
2304 49
2607 49
890 49
1731 2229
1622 992
1133 193
2312 1621
615 2810
759 488
2916 49
1731 2036
1731 734
1111 1056
860 2859
1731 2872
2454 1804
1731 2346
1731 1938
2283 675
1161 2731
2429 848
1731 1725
1731 1613
779 2603
939 1394
859 931
1391 1415
740 49
2479 49
391 450
1731 1196
852 669
599 49
1731 233
487 560
1560 2102
2503 1945
606 616
743 1864
2162 1655
377 25
767 872
720 419
1731 2496
1871 1398
844 803
1814 2000
2555 1334
446 2833
1731 1290
1612 1357
1184 396
379 1272
1179 298
1731 807
1402 2904
1016 2979
977 49
2593 79
1731 2023
2551 594
2598 304
2730 1562
462 2134
1564 640
2237 1339
1731 1778
804 49
1564 2938
1082 2497
1731 2134
689 2378
65 2814
1683 49
779 844
1636 1617
1731 976
1878 3000
548 1853
806 49
2328 2090
2903 1399
2322 2613
1352 2302
28 597
1290 49
908 782
893 49
1103 2026
644 49
1915 1363
1731 2703
2141 1352
779 320
2758 803
296 123
1442 2254
1143 421
1731 1067
2953 2894
1731 806
2929 454
134 49
1950 2586
1317 153
1518 238
276 88
1731 144
1731 2669
1974 678
915 1364
468 2043
2162 1393
1153 49
342 1100
1372 49
257 2738
512 2910
911 1551
2156 2393
1784 1662
802 2411
9 1690
993 2745
1291 2151
1731 279
1479 1726
2285 49
2770 375
1719 39
939 1347
1261 1937
2469 429
2409 49
1827 2421
1731 514
517 314
1466 556
2236 424
1451 817
1731 1776
1731 2118
962 869
1731 432
1731 1850
2217 1575
2522 706
1548 2011
807 49
1274 2192
1249 2052
833 2218
2306 2101
2033 49
2364 1216
636 1573
2846 1829
2461 49
1224 2470
1733 2882
2363 2882
1016 135
1731 2408
1731 1339
1143 2292
1731 572
2327 2916
976 1478
207 2495
1731 2555
1050 49
1525 1135
1304 2790
67 1118
2537 49
398 1223
2349 1013
2925 49
1731 1524
2657 49
393 2814
2427 29
2255 651
2529 1414
80 2346
2926 49
584 433
997 187
2919 49
986 1095
1731 1822
551 996
1910 49
1818 929
427 1870
1731 2267
2540 508
1636 1627
2958 598
2683 49
686 2567
1978 964
626 1211
1234 2344
1686 1300
305 1273
1034 2034
867 825
2414 1107
919 156
622 81
2685 597
2167 2851
1333 1583
2680 49
9 1611
1984 1655
1189 2793
2769 49
1994 493
1731 2590
2476 52
660 2909
999 1682
1053 49
177 891
1731 2070
1451 1385
822 589
2225 772
353 982
1883 746
1351 49
2294 49
569 678
2819 2429
366 411
2850 21
1731 2702
2814 1090
1684 1883
1771 763
1725 49
587 2709
1731 2641
1248 2911
747 49
1731 10
1731 438
1319 2098
1731 1704
936 2675
319 767
1731 2628
2280 122
1498 227
444 2586
2963 900
1960 2817
2599 661
2967 1418
2364 1933
1191 707
232 1804
1731 1823
959 1339
1466 2957
287 2806
432 141
1678 970
1988 1330
2721 886
2 1297
511 1028
718 2018
1731 2315
712 132
460 49
1922 978
877 1290
1731 401
506 2337
75 672
1463 2277
2913 49
2001 1076
1731 5
1308 2241
1724 2034
1731 2403
1731 2774
510 2294
932 1931
423 1589
1259 49
2739 184
2328 1428
2212 157
25 147
2816 49
1992 49
1627 691
1930 2384
586 454
2848 49
587 9
2831 2744
2742 49
2233 2438
212 2151
675 2852
2777 2908
1474 1025
2448 1112
2230 16
703 408
2801 49
1598 948
843 801
458 2414
501 2
662 1262
2707 49
1319 1058
1455 1045
970 1502
1047 2186
1731 705
1102 2676
1344 1687
2464 122
1731 2166
292 308
1438 49
2289 1728
2780 771
1645 2934
1731 2443
1731 2523
1727 49
823 1737
188 661
1731 323
1428 1129
2850 98
210 63
1731 1084
1665 29
1731 588
2717 525
2250 49
1511 2846
1838 1804
1731 310
1141 1514
2530 2568
2636 49
2121 1911
489 49
700 49
1735 49
1306 2087
1788 795
2912 1559
2071 1030
2721 837
1658 2216
1731 625
1340 49
1861 340
351 17
1966 1662
2432 2180
1731 792
2993 130
1075 112
1840 49
1731 2846
623 1536
752 49
1731 1466
418 1928
2644 673
2922 967
1223 2317
2468 27
339 2368
1279 2348
215 1569
1985 1304
1035 2717
1445 612
1282 1269
866 301
44 939
465 1730
278 1802
1731 1161
1731 1770
1787 2725
2824 1714
1731 407
1242 425
405 49
1145 1498
1269 49
1731 138
1731 982
315 2086
2015 423
1654 1627
72 1487
816 994
729 397
614 1046
791 1591
1648 759
2560 658
247 49
2625 202
749 2337
2266 443
2218 2611
764 2752
53 2323
2995 2041
2692 1626
1731 2195
1998 566
2617 1291
855 1594
1488 2601
2875 2280
2020 1479
2557 318
1965 49
2990 707
424 620
1134 867
1447 854
2235 1916
2466 577
2753 2665
488 763
1647 2973
1546 860
1065 2335
2050 277
819 1245
2181 2945
1377 1601
2262 49
24 2971
2885 2806
1821 1888
1731 2956
1060 2899
1661 1695
2351 2180
1731 1698
1713 225
664 49
2621 2009
2280 2066
1731 1327
1731 354
2494 2331
297 49
1237 809
2482 147
1352 49
1605 2804
2242 1655
938 394
2134 134
2849 760
1731 1237
993 1686
1859 49
1553 2067
1731 876
1083 197
1560 49
360 1264
2073 657
860 49
1204 1050
1541 254
510 49
1290 1163
1154 448
1731 1735
1900 49
862 2914
2807 49
979 2490
2392 2755
751 1121
1862 929
371 775
1731 1090
1446 2478
155 115
82 2026
1453 49
282 2711
493 49
2385 711
1764 978
2744 49
2088 593
43 2234
2257 1172
2210 3
1624 2224
1455 126
988 2204
1489 1755
1438 1416
2953 2120
1009 49
2376 338
1431 1974
432 49
1001 479
1925 1946
1146 1325
2800 848
42 1521
2895 49
1285 1394
665 1109
1731 44
110 1087
1132 2176
863 861
300 672
1181 1338
484 2782
710 2898
2304 916
1731 1682
1731 500
618 514
937 968
289 1690
1731 2538
711 977
565 1142
1731 2905
1731 1253
2398 145
1731 1187
819 49
421 2603
1731 1174
1731 1670
2916 1722
2513 710
510 447
1448 41
53 2418
916 2238
1731 1171
2083 271
1731 2600
1731 1242
519 2239
2021 1635
1731 2589
1030 1585
2792 1584
1394 185
2820 2735
1762 218
695 2941
2478 2477
2267 2484
1731 2644
1573 1434
1526 2932
409 1047
71 2432
1275 2123
1179 2917
2930 662
1821 49
1384 2748
186 1183
2581 2141
707 786
2930 2206
1731 155
1807 516
798 49
2183 49
1731 1461
2160 1788
2204 2327
1731 257
952 86
224 272
645 49
149 1035
2358 1769
723 593
2422 201
2265 49
184 1131
1731 70
199 367
2088 49
2695 1489
1330 2464
2469 1323
1298 893
1765 585
2995 179
1644 49
2897 49
561 596
305 2753
752 2362
1731 534
417 2756
1146 636
742 2351
1856 1488
2729 49
2668 411
18 1980
1269 1024
1317 699
1731 567
1582 779
2006 1625
2621 1653
284 49
617 2916
2452 143
1731 566
1140 1861
2700 398
1811 49
1731 13
724 2412
1731 683
1731 321
1606 479
237 2879
25 531
170 492
1236 793
1754 1124
1062 1923
1361 49
112 2715
2146 49
1731 1623
2516 44
1923 2041
351 2475
2901 2717
727 6
547 1252
1731 493
262 1430
1731 1350
1731 1724
1731 1927
2890 74
1465 1458
2985 2297
227 2948
1505 2926
1731 1087
2962 15
1901 769
1564 2545
2833 49
1957 552
1420 1921
2483 2821
1043 2517
2816 368
1386 2540
1140 1440
2390 49
1530 2125
1774 1261
2606 1051
534 49
324 2393
2436 49
588 2244
1244 861
1731 962
182 1167
423 2785
608 2106
1731 2504
1731 242
1775 2324
1731 2976
2878 2419
1624 2808
1373 49
2159 1428
2507 600
889 49
92 49
2127 1988
329 1252
49 1092
2956 1983
1319 1536
1177 2822
2094 925
163 1640
2299 49
1083 31
1248 2262
2708 1670
1731 1003
1407 490
954 582
1937 133
441 1803
2910 1485
2470 458
2867 49
2577 2308
1731 1914
1731 2737
1661 2937
2500 946
1731 1064
2516 776
1613 49
361 1002
496 140
2997 680
2999 2181
1443 156
1907 1363
1731 218
216 2706
1576 844
586 2215
2092 2312
49 1940
857 146
2206 370
2287 378
2756 2629
1334 386
1516 1923
1731 2383
2839 49
575 1850
874 2743
452 69
1994 1049
2352 2493
2404 49
1436 69
2544 359
73 49
1731 860
883 209
490 1562
2716 1255
1036 1443
1046 504
1564 2385
2748 557
1113 627
1616 1247
2278 49
2644 49
1384 1707
1396 2910
615 2087
2892 2231
496 1680
626 2041
1361 163
1166 1901
1442 49
2326 1275
1731 252
605 860
155 2724
844 2780
585 1770
2163 2327
2924 2907
2170 1904
1143 2537
2859 49
1286 2639
1185 1090
1731 1507
1092 2360
550 2791
2805 2111
1570 2270
2840 718
2014 894
2917 2037
282 49
468 2464
721 597
2464 49
2331 2627
1212 1387
1930 2763
2816 846
2733 2318
1731 2414
558 2460
2185 2819
1967 1202
2034 959
2140 1437
1731 1808
1731 251
921 49
115 49
451 42
1517 444
2686 49
2487 656
2885 1141
1648 49
2111 2032
2313 2933
1731 1189
14 461
2599 49
251 2659
668 1702
2215 2996
1731 861
429 49
2543 382
2726 1890
2882 2488
1731 2636
1302 944
1214 49
1731 2012
2257 1553
457 394
1292 400
1731 1627
874 939
1934 1760
172 1394
2586 1489
493 2106
674 1657
2948 1013
1407 1554
1229 1836
1461 949
2200 857
1731 2185
1620 1906
1785 1187
1966 1875
902 444
2834 593
1731 2587
1148 1528
1970 49
1731 308
1090 1699
1471 1543
213 2132
2511 1048
1463 2234
631 1479
2299 2903
1731 2733
961 49
1731 1482
1777 2479
2601 1280
2005 357
2796 49
1534 2238
1731 650
1938 333
37 1509
1916 49
1960 1675
444 49
1574 49
2952 662
1731 291
625 2797
1197 2910
2510 664
881 2280
196 786
1262 1654
1587 1448
1731 413
920 680
1535 353
5 378
1731 1787
2791 2412
1359 2445
1939 2697
2069 1589
1856 377
457 1274
2585 908
682 2293
730 2002
239 1099
757 874
2787 2852
504 1318
310 872
1173 2803
1731 2831
470 49
870 49
1331 81
2340 1623
2998 2496
1731 2059
2666 1605
924 49
1731 242
1768 49
877 2336
1012 311
775 578
2573 1557
1731 2952
2626 2362
1262 49
545 431
2053 1486
2785 49
2668 49
2623 224
1731 750
1528 1313
1731 2141
1731 1571
1670 2221
2878 220
1571 1380
1024 2728
55 1792
496 1466
2816 435
1731 2787
1236 2755
2687 537
2772 1484
1731 2155
2713 49
2649 49
1950 1674
992 2586
2229 1257
112 1917
1362 2193
1435 2967
2535 2828
990 85
2410 1398
1049 132
2223 719
2081 49
2300 49
2216 1327
20 1567
648 2619
2218 967
345 49
200 420
1080 49
1843 1381
1220 2711
776 2711
1052 49
1287 2219
2091 380
298 292
1731 2778
1731 2874
1994 49
1358 1832
133 509
980 1128
1792 364
904 1486
474 788
1731 1039
829 2667
882 49
2347 2224
1731 2382
1033 486
104 49
307 2651
1976 294
668 49
1731 1868
1337 272
1102 2802
2613 2755
1731 1295
1731 68
757 1326
1863 84
2266 1944
2049 1225
1339 67
2495 1286
1247 49
1731 443
2546 33
1462 2716
1731 2072
2468 696
877 749
621 2430
1900 795
1731 414
2737 49
1731 1625
2344 1587
1879 2128
1839 1106
2703 1141
1928 49
213 1059
1731 1599
2488 1057
2287 2030
2429 1221
2088 529
2110 1184
1731 2245
2746 1770
286 815
591 1985
2971 97
1731 1545
1731 695
1764 2085
1098 49
1731 2801
1731 2133
1341 49
384 22
212 1857
2398 49
1731 1971
1656 2482
2430 49
1598 2774
2104 1144
1731 1826
2027 49
1731 2094
1731 1156
137 1869
1983 2619
1731 536
1608 375
2486 2906
1731 2483
826 1347
102 1805
1101 820
525 2525
1398 2664
2880 2659
1520 1537
13 2601
1891 49
1731 2820
2041 2467
46 49
1834 629
703 49
1695 775
1731 1036
1982 1825
1731 1065
2921 2572
569 2808
1322 2064
1621 49
196 398
2251 772
1731 2810
1731 1001
1727 2734
1731 2612
1731 1060
1421 1892
2551 545
594 791
1016 872
2169 375
1416 629
314 70
971 1762
525 202
1723 765
400 2288
1096 1091
1289 339
1731 1672
120 1460
2612 49
1126 2616
1731 675
1522 759
1731 1597
665 1900
1270 2456
1337 1218
1378 319
299 1899
1314 207
1433 1951
1731 2938
1731 2794
1484 302
2282 2464
1056 49
529 817
1210 49
1601 1884
140 309
1731 601
314 693
2920 481
1771 1198
51 1915
978 1717
313 950
2860 49
1512 2609
1264 671
2536 2808
686 580
1737 2454
1881 1215
131 2543
2245 2746
1731 1758
876 2422
1824 868
366 2299
1307 2364
2860 1511
1712 1076
658 278
1450 1286
1903 645
594 357
2842 1684
1880 1555
1378 2780
2956 1135
1816 2064
1731 1145
1450 49
1223 49
1455 2650
393 702
2494 740
1654 1997
945 2057
2984 2473
2982 1022
100 2626
994 1333
679 656
1120 2893
1731 690
2276 1158
1759 1201
2751 498
1428 1881
2567 2781
2002 49
1286 476
1092 49
2382 1416
1588 1917
1599 2914
1367 476
1731 1748
515 550
1104 918
280 1850
1402 289
2774 49
723 2772
1013 217
45 184
58 49
1046 49
1160 49
852 225
1136 2658
987 1277
390 893
2039 1689
195 2258
2497 2721
1731 1955
1731 1605
1731 205
568 2920
2191 1699
72 2393
723 756
186 1647
1985 100
2661 152
2340 254
2784 1282
286 2233
888 49
1484 49
2006 652
2500 1522
2640 2816
2367 49
273 2011
1731 2614
1731 2208
410 49
301 49
1731 1511
1757 482
2662 49
940 2496
2466 1097
795 694
2692 2669
2942 716
1637 378
2008 2723
548 49
2394 2099
1731 1616
1126 2690
443 49
955 2137
1672 49
2323 894
1571 233
1190 1998
1057 49
2554 2544
991 65
382 49
2145 49
1636 49
2473 2143
1731 742
1314 1663
1245 1746
942 1817
2150 1181
1254 2278
2901 577
78 49
1368 681
1435 2922
2745 2142
2753 2859
2923 970
1731 2706
2496 2041
1731 730
506 1413
122 747
1850 2946
2922 464
2896 49
2290 49
2636 2479
1821 2703
1685 823
471 49
2166 2807
2628 1860
1051 807
1731 974
1746 282
1441 49
2442 49
1731 139
1149 460
1735 1207
102 23
1350 49
1731 529
645 2136
2462 115
1731 1740
2195 1851
2012 1874
1731 1180
1731 681
560 2196
1731 843
2530 49
2728 1670
244 2617
984 400
2238 49
1765 1605
1931 903
731 2519
1731 746
2292 1632
329 2235
618 1982
2966 778
15 49
2889 2131
1749 646
1647 2703
271 589
1439 1294
1731 2925
2847 1105
1731 667
2072 106
2858 211
1731 823
1900 2306
1731 1907
2356 1404
396 436
1661 69
1365 1552
2850 838
1731 2813
267 49
1493 562
2973 2484
510 150
2531 1601
638 2845
1718 49
1468 100
2471 49
339 550
1545 2226
1656 2775
2000 49
270 2546
1731 1749
2600 438
1212 345
883 49
667 1307
1823 2808
793 1917
501 2496
1243 49
1288 1790
208 2955
2278 415
1034 2949
2706 49
1728 2525
1814 1802
2423 1015
1365 49
2427 49
1992 910
2283 86
1273 751
280 49
2262 1058
1281 1066
458 585
2593 1289
2775 1564
2505 1137
2610 49
2197 49
1731 2743
603 1168
757 1003
1731 389
1667 49
1467 612
1320 686
253 429
46 650
1731 1768
253 1303
1488 1088
353 626
1953 2794
158 49
577 1187
471 310
552 49
1731 1546
340 49
2360 321
2932 857
1472 397
588 1524
2975 2863
1798 2106
80 1137
1731 2863
2634 1926
814 146
1731 2395
2139 2740
27 2539
2881 49
833 49
213 2163
590 170
1731 1158
1425 901
2367 2140
1731 1588
33 2197
2186 284
2514 56
2651 87
1433 1722
1240 983
2208 49
1731 2250
2908 1709
1731 2717
1529 2173
739 2901
2330 1954
1919 1461
481 2698
1731 956
2685 163
1946 1502
2364 1596
1395 1540
644 305
264 142
722 1162
202 2726
1305 1547
1731 1879
897 2277
1663 2094
2993 619
1731 543
1731 1119
2910 1501
56 2551
524 49
2365 294
2175 78
1731 2289
2492 2780
1290 2449
1115 1544
2945 1320
974 1267
1709 2322
1178 1544
2637 2794
2937 2470
718 907
1731 618
1731 2809
1280 325
1370 276
542 49
2551 1516
1710 604
1731 2869
725 2904
2462 665
1731 1997
139 49
2504 1553
1731 482
2160 2562
1265 489
2040 2123
556 1374
1443 1177
1249 1319
1678 49
2096 49
2840 49
2065 2460
1056 666
858 49
1430 589
1731 930
2829 1616
1731 2363
2739 2626
1731 1891
623 49
1613 155
1413 941
1614 2707
2748 1619
2802 49
1731 1049
2979 49
1731 694
1291 2521
1727 725
1457 2905
1847 1673
2550 2128
2451 2168
2820 2227
1731 1979
1731 2419
2866 800
384 1651
2126 1571
2716 2001
866 236
1375 1640
154 1106
1367 129
1955 2979
2312 409
563 2776
2724 1385
1731 2015
2658 49
1731 1504
1731 1952
2513 473
366 1287
1559 1200
2436 533
1731 2993
1436 2888
812 2807
1295 254
1590 2247
731 496
1731 919
2548 2674
314 49
254 90
489 592
1768 1795
1716 1707
1731 1218
735 1002
159 2710
1033 1240
3000 595
1113 2090
2856 527
2030 49
1731 2142
431 49
1569 2378
1570 1683
957 987
2045 735
594 922
64 2403
2151 49
2200 164
2611 49
1853 2570
1227 2804
257 49
99 2450
2821 1793
1965 1066
308 2192
1519 1982
1731 2870
2579 179
90 1164
1731 571
684 11
633 1870
1039 2610
354 691
1731 1438
774 2194
187 2768
1731 1520
1731 630
1731 585
1731 2819
1974 1070
845 49
1944 511
2084 49
1731 735
929 49
743 356
1731 652
1731 1694
736 1975
2756 49
463 1422
1769 728
1863 2174
2384 1220
868 1619
724 1714
1731 1717
1203 1130
37 2705
734 1436
685 1809
1553 1858
2105 1274
964 449
2486 1193
1549 49
1731 195
231 1532
2067 49
1130 49
1499 413
473 108
2670 1965
1731 14
808 1078
2020 1135
1731 2097
1731 81
1383 49
309 2616
2100 1171
1100 336
2873 1150
1024 49
176 2578
970 49
711 1583
2025 49
1749 166
2947 2185
603 1048
1858 2348
1622 378
2697 45
1879 1104
1341 646
1555 325
2689 49
2943 782
2352 2824
1535 2125
2548 1666
2353 1393
1266 488
1731 2129
1110 369
351 1855
421 49
1094 2585
2982 500
419 513
486 58
1731 2656
1665 51
843 2628
998 178
2315 609
2880 331
2463 2596
2832 268
386 2529
359 49
1794 49
1587 2438
1247 161
1637 640
228 1522
914 2174
538 366
1188 1853
2648 2914
64 170
1868 49
1731 2889
1083 2575
1732 956
128 2265
2890 2834
572 49
1017 1579
1731 1213
1731 171
1731 322
1731 19
1580 49
1626 1193
1013 1557
2171 49
1571 61
2512 49
177 400
908 1970
549 712
991 2088
423 1457
1418 632
1731 2203
2243 1757
661 1908
1731 1471
2808 1533
82 192
1668 2922
1731 2791
1148 2097
2371 1504
1654 49
1525 1524
2194 1287
2006 978
1028 943
1694 49
1141 301
368 66
851 621
1731 1015
2541 1428
1731 221
1302 49
318 83
1556 2137
527 1325
1731 1739
378 2759
1440 2231
1731 2000
1150 132
1988 2324
1127 49
161 2456
1876 49
1731 2588
1731 1164
2013 2559
1731 996
1731 2871
1791 2741
324 1233
2786 1661
2836 897
552 1256
223 1980
1731 2919
2884 791
2460 1877
1731 2890
2343 49
773 983
2003 2945
494 2983
2351 49
1466 930
1731 2270
1731 2701
2874 1593
184 736
2879 1661
806 2368
2993 2054
1483 2285
2117 49
407 1672
1121 1130
216 1242
683 2459
96 1993
1731 1035
1204 2326
1005 1144
2730 49
2662 1072
2193 2248
1473 1056
1693 49
2880 1421
750 699
933 1892
2091 1493
2185 2870
1213 1552
3000 236
1731 1606
2638 577
1731 2961
1374 183
751 447
1181 1374
1731 1919
1731 838
1731 2236
1731 2519
2068 49
1731 812
282 247
120 2494
1207 727
994 2967
813 2019
1906 1780
994 49
1731 1442
1224 1833
1981 1092
1892 1255
1725 759
42 515
1783 167
663 1382
616 1546
1816 1915
1060 2584
94 2737
2522 343
1731 1531
2121 2978
1540 1846
1284 1245
1038 49
399 992
1731 791
2058 1680
296 856
1259 839
1929 2884
1731 1987
2280 49
1731 2790
1022 2695
1194 290
1731 2759
75 2060
1731 484
223 734
2238 1634
1848 2962
2446 408
1731 2105
2249 460
1731 1939
334 1028
259 1070
2701 2635
2167 1833
1716 49
2273 2033
1441 1021
1956 49
1731 2480
1184 2075
2594 49
2241 155
981 2641
2980 49
1304 2543
2719 2817
1673 1936
2853 49
1099 49
1995 2083
2307 49
1585 486
71 1959
778 2475
1910 394
2736 661
1095 2592
1115 1397
1703 2314
2299 713
2951 49
1654 1764
1016 942
1679 49
1151 2630
512 941
665 778
1588 2248
1731 1207
2210 1740
2474 64
2899 1849
398 2407
1731 1400
2411 49
2324 997
360 1034
2669 2538
1731 2331
1078 2347
1731 2135
440 104
582 49
258 492
1731 2019
1312 49
331 2198
156 49
558 1008
1731 417
1894 1992
1774 49
304 907
883 2162
2146 1385
1937 700
1655 778
2633 549
99 2486
302 1361
1251 49
1567 2785
99 1476
341 1024
964 506
1953 2494
1731 2840
588 49
1252 2106
264 159
1508 121
2164 258
2722 2130
1731 1650
2099 1441
2904 2909
199 480
359 933
1109 1185
1731 878
617 2214
1731 2540
121 168
2875 1284
74 188
193 1688
1470 49
1530 893
2552 49
1786 491
415 49
297 742
94 1949
2636 1511
1731 2843
314 4
900 1503
1731 1785
1731 706
2789 2230
512 2597
1277 1706
1731 2904
2073 1845
1731 743
1429 49
2720 805
32 681
577 49
247 318
1937 49
1731 1869
873 2344
2613 2267
651 179
1731 1707
461 49
1731 2400
2333 2740
1731 1278
1581 1751
550 1109
1731 1836
542 1708
618 165
562 49
1651 1166
2486 919
1935 990
1862 2551
2061 49
2117 2305
192 1901
161 49
280 518
763 473
885 2503
2550 2043
1240 1451
2086 2898
244 49
1599 1877
97 2016
2222 2415
1719 2699
63 2307
2089 644
1731 2611
2101 1675
2909 975
271 2674
2536 2111
1731 1234
1024 2180
1939 396
1698 49
1331 49
1731 1317
1524 311
913 2662
681 1856
1731 334
1465 704
2928 1546
2439 1572
1207 1219
1344 338
756 414
786 2377
980 922
1649 1606
67 332
2678 174
851 49
407 1730
507 2613
2718 2742
1317 2348
561 1903
2013 1854
1805 49
1791 1261
1657 1283
1936 49
717 1896
2110 49
264 2564
1731 2150
387 786
2196 49
1731 2312
2107 1428
1185 795
2842 781
2931 1508
1831 1869
2913 1795
1824 2228
652 2166
355 2406
1626 115
723 139
1019 49
2575 2565
1788 1122
2438 1705
578 1934
736 2306
87 2374
1560 2504
916 2512
388 998
576 49
1676 915
893 458
2413 49
1077 1994
476 1217
2378 1208
1154 1227
2700 1098
1783 49
2687 1712
888 2084
422 359
2104 49
1731 2796
2015 375
2130 701
342 118
2298 49
1097 2950
1511 452
1512 49
1203 1934
1731 2901
2952 470
1563 1309
1900 2247
1871 49
656 49
265 49
2041 2019
2873 2215
736 558
2817 1810
2945 250
707 49
2755 2248
737 193
2553 223
1203 2431
2926 280
179 1499
2735 2437
1731 338
1731 2001
494 1112
2797 2588
632 1830
1830 49
836 2762
1098 2178
1119 2007
1631 869
1731 2316
1540 483
1402 49
871 1875
1595 49
2346 2664
2392 2205
1731 1351
1731 2895
1956 114
158 256
2379 882
2008 49
1731 386
62 2012
931 49
1961 2798
904 696
2004 49
1234 2027
1678 1075
2566 49
1137 1757
1731 243
227 49
1731 1990
1114 1635
1731 1965
2501 49
2318 49
2270 1736
1454 1392
2918 49
2374 36
1641 1454
2057 2494
1566 2932
925 1337
1731 1204
2070 453
1090 49
1731 167
2129 1523
1731 464
1986 1405
1034 1957
1019 2191
990 762
2944 49
1731 1086
1380 2658
2297 1899
2606 2980
51 2341
2448 49
1740 2265
1455 180
820 203
1827 2554
2040 1496
1731 274
487 2726
733 13
788 2362
483 1303
1915 441
1754 2721
2015 1784
1688 87
595 49
2891 884
2453 561
2299 2580
1353 169
2295 2883
328 1260
1281 2787
1731 1911
2714 49
1448 2902
1731 2560
2240 2850
1113 1609
2322 485
1534 713
449 2216
2372 1630
1731 867
700 1421
1828 49
621 2121
1219 2570
2735 693
2746 1667
377 1627
2616 395
1731 2369
1731 1489
1859 2635
412 48
2971 49
1731 1092
1731 2845
1964 2404
2520 158
2058 49
2467 873
1158 1086
322 2929
832 49
1534 2128
1939 1476
2327 49
1881 1049
1991 2798
2048 49
317 49
711 705
1565 2123
2282 49
1387 49
2783 2938
1828 59
2820 632
171 49
1598 1373
2018 49
1552 1653
1296 1955
2934 2592
928 49
1066 2707
2380 49
1727 375
840 1041
649 1237
16 259
1251 1626
58 2545
47 2018
1867 291
1113 49
1455 1765
1731 728
760 49
2763 1165
311 49
2454 49
2952 2473
727 370
2869 49
934 1710
2773 510
2715 874
2828 1406
1731 2782
1485 491
2956 1776
1704 1210
2680 939
601 1152
1601 1663
1731 1388
1309 2916
308 489
1711 702
2419 2795
803 209
1137 2012
492 1279
1731 1726
924 1528
2052 709
363 49
2945 2643
1504 2809
2843 49
2869 1412
2293 2980
45 2800
1016 509
2870 852
2109 1346
2189 1848
2590 64
353 2397
293 49
1673 1484
1926 217
743 2369
2389 1661
1874 704
1731 1115
1260 49
2219 2709
2091 2085
1731 2255
1731 248
809 2546
1594 1775
2353 730
2566 199
2546 157
583 1934
1316 34
1583 750
2283 922
1731 518
2293 2170
1764 2585
734 49
433 2679
1465 93
1510 1062
1782 49
654 36
2124 1600
135 1594
1731 1305
2569 288
1992 2956
1591 2541
2457 431
1731 1300
2985 525
2885 1227
2467 49
2733 726
1221 49
1731 525
1518 1839
1370 1335
2310 2187
1898 1627
565 1747
1731 1574
1950 1326
1381 2312
667 1550
1028 2162
1427 1090
1526 49
1686 49
1731 1415
1307 49
897 42
2647 912
1662 22
591 484
1616 2153
2566 1916
1731 1688
2300 137
584 2598
1785 49
195 385
2872 49
585 49
60 1047
2738 729
2981 1732
2560 1614
2041 1882
2095 2023
1731 120
808 2801
952 49
1444 895
159 1936
1731 1386
1071 218
208 1835
1206 49
2860 1421
1812 842
199 1406
1103 595
2343 624
1092 2075
1211 153
2456 1688
739 49
798 528
2952 1667
1120 1916
1731 1030
1731 2553
2185 2779
1801 49
716 2614
2808 49
189 2808
1731 304
32 49
2835 2149
2086 49
1731 177
1731 912
2783 1063
2677 1796
1731 2420
1733 914
1637 1927
406 49
666 2361
1446 2546
1481 49
507 704
1993 1392
2886 2651
92 2056
1433 2385
1456 792
805 1111
1731 1333
2176 844
1107 2158
399 1936
2978 1439
1731 2930
1731 1284
130 49
1317 29
2931 49
2040 1157
2433 2344
1301 2102
2370 700
2546 2287
998 49
470 921
1623 137
344 645
57 49
1972 1514
912 49
2742 54
2484 93
1348 1070
2045 1821
1731 2311
129 49
237 1275
1276 941
29 1131
1590 1363
1607 1921
2139 2554
1731 908
249 8
1029 2018
1615 49
1282 1337
752 177
2101 2552
2192 49
1731 1405
1386 1127
2247 886
818 2524
1556 672
76 2572
2691 2428
1296 2796
749 22
2525 49
485 2800
1731 3000
1731 2334
2888 1929
2748 1998
2137 937
2693 2109
746 25
1035 1004
956 1147
608 2367
2600 407
1470 1762
2453 2879
65 1561
2155 2709
1272 2681
1731 1100
1152 1069
1062 1671
1161 1764
731 1772
2085 2015
139 1089
1832 2678
140 1168
2695 1733
2372 49
2383 1463
2714 2705
304 102
846 1404
380 49
1098 2422
2661 1346
1072 494
1457 49
2502 2076
269 2776
2556 49
2658 20
1731 902
2433 49
2339 575
504 1830
2579 18
2207 49
1685 2198
70 2497
334 49
2248 1079
1052 1381
570 1402
1195 1042
1703 1447
1731 318
1995 449
5 2896
1300 49
1959 927
1608 49
2218 1108
2767 1055
554 1710
705 1804
1615 40
1576 49
622 2523
1731 1846
1678 731
794 644
951 552
1731 1645
1545 49
2966 2563
1406 2971
1241 1012
297 2680
602 49
1639 1742
482 49
1731 1069
315 1017
353 1459
2591 1205
571 616
1731 2945
1731 1099
2741 2609
2680 298
2751 665
2204 137
137 811
1049 235
1731 1629
2041 49
148 1994
1874 49
1731 2757
1623 48
1147 49
2796 117
1888 2354
580 1502
998 2884
1731 211
612 49
574 2636
1331 1547
1279 951
2986 443
297 1730
2963 2173
2780 49
555 1167
2852 2918
2547 1554
2664 1679
1937 1136
179 2233
1084 2248
1731 1708
959 1669
1731 463
1731 901
2965 2663
1927 1282
249 2745
2720 950
483 49
2237 49
426 2265
682 1735
507 2800
1830 1734
2726 2198
827 234
2462 809
13 2419
2592 49
1731 2205
2699 49
1897 782
159 49
340 966
1731 1167
2015 1345
2632 907
785 2953
1731 764
840 49
29 2686
1863 104
644 1924
2256 255
2956 147
62 2783
1731 1733
2641 49
974 21
1645 1090
1770 49
2663 483
2959 2144
1731 2832
2482 118
1731 360
2116 1773
530 2339
1731 672
1609 49
1731 147
678 2708
2189 1862
2459 152
949 49
1731 165
1731 2545
1797 1734
2475 1425
2237 2627
1502 358
877 49
1313 2431
1501 1250
1731 1019
1731 2806
2168 546
2393 134
1764 49
302 1739
2833 1806
1731 1420
506 497
1578 460
689 1380
2190 2468
1731 584
214 2619
2046 49
2447 959
2677 1217
149 2316
1731 666
84 49
1574 1092
24 49
1084 1551
428 937
623 1477
1731 2370
101 2771
2574 2067
2073 1235
264 970
511 2294
1731 2492
638 49
653 881
2109 885
286 1055
511 781
750 793
2991 49
154 2889
2734 1856
1731 2287
388 477
2803 2607
1256 2072
1731 119
2909 49
2839 2019
1161 49
749 1474
1110 1588
423 510
2016 24
1271 2978
1186 748
1731 2720
363 1809
900 2590
948 49
1339 1573
1041 49
1726 1339
2449 2843
47 1030
1616 1477
1687 1878
2655 177
1731 959
2588 1415
2028 1245
177 2490
335 641
1808 2186
2118 49
1731 2177
697 2969
2352 2590
1731 1205
2313 984
371 49
17 2294
930 825
2363 2550
815 1256
45 1980
1333 49
929 2725
231 1824
2318 1971
2427 218
802 49
1731 1904
252 1725
765 955
2070 721
1731 1109
515 1111
2914 2048
1635 2653
2238 105
1731 1134
1731 1432
2223 1514
599 1485
2980 2734
2600 2986
233 415
152 49
1731 548
2275 549
1399 49
2757 49
857 397
1802 49
324 49
2178 49
584 2566
2078 49
1390 2388
1809 2325
781 1214
1620 2169
2303 1645
1 357
478 1094
1731 739
1864 49
1287 2323
717 49
2829 1724
2435 2554
88 49
2241 1588
2718 1939
2097 49
1635 1999
2367 680
2413 318
1207 49
2893 2051
1731 1580
1721 2322
2459 2913
1462 899
1873 2457
1754 49
58 2905
860 1903
75 142
2459 2881
2863 2337
94 391
765 2090
1935 49
1800 32
1731 1472
1310 1265
1001 40
937 1014
1956 1982
2659 2402
347 1302
2833 2280
2162 3000
1731 613
1486 805
1453 2966
1731 433
1731 552
1632 49
331 1393
573 539
252 49
1213 44
1464 2297
1112 49
1731 2280
2004 1586
1745 49
2760 74
1731 94
743 1237
2740 2651
1731 1942
2158 1890
2306 99
634 1806
2887 49
2595 49
1731 563
385 2187
2399 1021
1411 1044
1614 49
1972 1846
1822 2635
2935 686
606 49
1731 483
2542 1460
1033 2173
864 1132
472 2306
1736 655
1292 265
871 1383
1407 1294
454 49
1118 2657
1731 1010
1731 2407
212 1276
1731 917
1104 50
3000 738
434 1870
956 1228
945 1598
2463 2677
734 2119
316 2050
1227 1746
1199 2808
154 49
2951 2836
168 8
1185 792
561 49
648 601
1731 2927
400 49
503 49
741 2518
1731 1017
2528 2454
2667 104
57 631
1406 49
2052 2970
2772 49
208 1560
1731 1080
1731 2247
2315 2644
2570 1106
737 1862
938 1289
786 1283
621 2178
2395 2513
810 204
1039 49
1224 583
770 1093
2842 703
2653 524
1731 27
1731 2288
1825 1679
1731 716
2509 1909
547 998
1002 1019
642 1373
853 2275
81 1553
2277 2206
263 1585
407 2392
2483 1899
666 496
2899 972
2969 49
2114 1066
1537 2861
830 2114
1731 17
1816 735
1666 2660
1731 1336
2320 1924
2859 202
2697 609
719 413
733 710
809 49
2862 287
1371 2361
645 640
2169 2577
2799 1256
2514 709
2999 49
1731 396
37 738
2280 1183
1061 1048
320 494
1950 2243
22 901
1731 1372
1819 2306
2952 1793
1726 1520
2866 1808
1189 2082
1731 1185
826 2301
1731 2900
1067 49
1182 426
1731 2451
1458 49
2321 27
2731 2792
1731 192
541 2259
320 1925
2376 1121
1731 848
1600 49
1557 1214
987 2390
1628 2423
1731 2977
2773 1242
890 1755
2962 2504
86 306
2035 2881
1731 888
2765 49
1731 2897
1477 49
2306 2154
821 2648
2695 2281
1324 1316
1731 2689
1322 1169
2350 49
697 1402
1731 2879
1731 214
2177 49
55 2577
1731 1287
200 49
1731 241
1731 2719
997 531
659 2224
1731 2606
2944 1003
485 681
1540 2835
2836 904
1770 294
610 1968
1793 808
603 286
98 1454
1731 451
1731 2455
1682 441
2734 1168
709 1999
1426 49
820 2928
117 49
2973 644
2241 1599
2180 1978
774 277
1731 1618
2626 2841
1769 1801
1731 2899
1747 1215
2163 1504
1709 2829
242 92
1018 561
411 996
2993 2125
2569 2196
2510 2987
523 684
1731 1499
1731 773
783 2849
100 1686
1503 2759
872 2160
1095 49
1260 766
787 929
2861 2356
2213 1086
684 49
1814 2307
2415 1647
2798 192
481 49
2025 35
2284 1761
474 1298
2915 1912
1237 49
869 1486
779 456
1941 1620
732 35
1731 1038
2910 81
527 116
1731 2214
2367 959
1731 1309
2982 932
1684 890
951 49
2874 863
1731 379
1731 607
597 133
2866 1613
2215 802
1578 1773
945 230
1731 677
1071 2799
879 1126
520 2025
1439 1058
1187 2998
2420 2642
38 819
632 2119
2440 49
2950 2889
528 2846
2605 2078
2192 2623
1569 1857
354 2852
1398 440
663 49
1937 589
2576 2093
1899 325
2681 933
1501 2270
919 1883
1775 2514
970 2411
2221 49
1731 851
1731 2638
2132 91
1761 2393
1900 843
2077 870
1731 608
1300 1467
737 49
666 388
1327 311
494 209
508 49
1868 1157
762 2466
1731 480
2315 1430
1846 2793
1620 2868
2632 49
2934 457
1777 1332
739 828
696 1404
1889 1617
2277 49
922 49
133 49
2914 49
422 272
2828 2129
1933 49
665 49
441 696
1380 49
1025 49
677 23
110 915
1731 796
1291 1192
1640 49
2077 1025
540 2821
2165 533
2110 93
1783 319
1440 2160
800 2196
1731 2745
489 2590
133 2735
2315 2678
2733 681
170 49
1731 1839
2647 350
2686 1316
2669 1360
2284 1466
1731 2471
693 2591
231 352
2548 49
2899 1948
1931 192
2881 2458
615 1727
1570 2300
710 2302
1549 376
1670 2438
1724 2532
712 1727
1731 2566
1579 2223
1271 445
2823 2191
652 49
456 2265
1731 162
654 1295
326 1692
1731 1900
2506 1864
2605 1803
667 2408
927 530
1934 2254
1961 2917
1731 1374
1929 220
361 49
2829 49
2709 49
980 543
25 1866
2392 1075
1731 2532
2840 430
2426 2644
2034 2762
413 2178
2542 462
2845 395
2486 1954
1295 2798
677 2844
475 17
1402 2619
2058 1318
743 2440
2574 1662
1066 2250
1731 268
2944 49
2554 49
1731 924
447 2069
2250 2189
1731 1344
1260 2366
681 678
1731 647
1731 1012
1731 2115
860 139
1799 2008
303 2528
2061 1490
2882 49
1731 2284
409 49
2119 282
2605 2086
1731 1451
430 49
1895 569
2652 49
445 2621
370 2622
2168 1680
2301 49
1686 896
1024 1281
1310 64
1990 1558
2172 1406
93 1350
1788 219
1906 49
2373 633
519 1193
1274 2642
1731 2849
1739 1198
1077 49
1731 1738
1060 1482
1672 2160
2541 49
2672 2968
1655 651
1278 2688
2710 49
1731 1568
235 49
1533 2108
868 2713
1651 49
1505 2193
1624 1901
1434 49
2878 1498
602 422
2100 49
1907 2796
2276 49
2238 1097
936 2438
2818 1710
227 2587
485 49
2083 2280
1731 2983
1035 484
2052 2898
1731 692
1363 49
1367 755
1731 2422
2118 2991
700 808
1731 201
848 49
695 2989
1502 49
1883 998
1820 1240
1731 495
1462 961
16 1210
1731 2749
404 2847
1339 1945
1407 329
2479 1421
1731 1455
1731 809
1902 2854
386 1520
2608 910
1354 49
1731 1699
560 2610
1731 391
2147 49
1731 459
871 914
690 49
1731 1352
1731 2345
2272 796
1518 2819
2085 1582
1731 1385
1422 810
1731 75
1973 2134
2361 2563
1531 49
1159 2001
1731 63
762 2711
2281 1476
1645 2455
1385 49
1878 182
272 724
2478 1116
2622 49
919 2462
1469 2529
2496 49
1677 2208
2278 1839
1731 284
774 1931
2937 2343
1731 315
2733 49
2869 2359
2444 2371
1731 760
1731 425
1731 1941
2970 2612
198 2025
2038 1918
2749 49
1436 2079
1731 1355
491 690
1123 2274
196 2112
1731 1765
207 1789
2460 2050
2469 1067
2794 1412
1058 49
18 480
1731 2409
750 582
910 979
1109 1469
1679 1086
1771 1687
1731 657
555 49
458 49
1338 2382
2248 1537
2870 371
1731 598
1676 1544
1820 2635
909 1460
1528 560
2701 958
112 2385
1264 2519
1342 49
1622 1806
1279 1208
1516 49
1152 2963
587 1356
1940 122
1970 624
2585 1896
1196 931
1731 2456
2239 1537
2052 357
2669 73
2485 2772
2451 464
1002 1418
2864 97
2652 16
2039 1913
699 1310
746 49
187 49
1712 1655
1731 349
1953 581
278 2343
2015 561
2675 1318
2606 2783
1596 1944
1896 366
506 958
198 2182
2594 2812
2329 2989
1002 49
478 49
73 2817
1731 1779
1792 686
940 1416
2943 526
927 2708
1731 161
2110 1302
1290 2840
2927 2566
1745 1648
1358 1560
886 1000
370 1390
2269 49
2280 2802
2905 2257
743 1615
2998 799
427 49
1684 1823
1731 2138
1708 1854
2781 49
1731 516
1731 923
1866 49
1731 612
435 1667
1779 49
1504 553
1842 700
959 1114
1884 2561
1211 2710
2390 2009
1731 2285
2708 604
1731 2435
1191 810
1731 1236
1592 948
2323 2631
1205 49
271 1383
220 1427
1731 1764
1626 2093
1532 773
1400 2957
1731 1383
376 1434
2914 1535
1171 49
2309 2158
2319 1993
1568 1793
2438 49
2492 2440
810 2918
2494 1236
2628 49
999 1258
389 570
776 309
1418 2405
291 49
1435 2109
193 450
1263 2655
2099 2540
2832 832
2506 49
278 1010
1415 749
1731 1642
997 914
2885 59
1731 1311
886 1495
775 1766
1731 2609
1731 2221
82 2905
1731 376
2511 2798
1850 2134
1731 2498
1157 270
2397 477
2544 733
2223 2189
2089 49
1731 1022
2996 49
2997 2024
1731 903
2379 319
1810 158
1116 1134
2136 1703
87 1705
2099 2905
23 1952
1731 1283
1442 1862
325 2659
1731 1621
2886 1341
1979 2126
2041 553
1946 353
745 2697
2326 49
1731 1817
2144 310
1592 1930
1882 1633
1426 2162
1731 1742
728 49
2967 2316
585 1239
2912 49
1731 616
2812 1762
1731 606
922 815
1731 2645
1074 1480
277 2803
1222 768
572 2906
615 1826
1731 1683
943 114
1731 2886
2402 2
1206 1479
2356 2511
1952 49
2275 369
742 1911
1731 1751
1625 940
2205 1924
1043 2796
2845 523
1731 1736
1731 1949
2031 2423
2129 49
1076 1459
338 1262
1731 2479
1731 1792
2710 749
399 2358
1382 49
1731 2092
314 1122
2386 342
261 2808
210 1927
2411 995
648 1457
2067 817
1731 383
2399 2037
2490 964
1897 1500
14 2242
2145 2059
2142 1656
1731 2514
2485 49
2469 2824
2221 1657
2197 1443
2409 2811
1731 1367
1260 2639
1558 261
411 1115
466 1640
583 1490
200 788
2920 369
2076 1285
1731 1048
1778 49
286 2413
2550 2317
2635 1268
560 2462
477 49
2539 958
2923 2231
2063 1272
1411 49
2610 1052
2662 1167
1829 1278
58 1316
1607 2897
2462 1483
1881 1671
296 306
26 2193
1923 623
163 238
1731 190
2859 2367
791 49
1405 87
2922 65
1030 1276
2792 2962
718 2084
1476 1410
2759 2578
521 49
1731 1255
1782 1078
1731 350
2197 137
81 1021
2889 948
253 2442
1599 2017
1531 424
1479 49
2013 2529
808 2892
1452 99
917 1396
696 2619
2088 1037
2061 2117
2216 680
273 791
1993 83
2951 2973
964 2216
1731 2654
1498 1522
2406 1669
563 361
687 2603
682 49
836 1536
443 107
1336 49
2877 1301
2275 1007
1361 1752
81 2000
1079 1593
1731 2213
1731 1702
2123 2478
378 49
1527 49
805 433
1791 49
2511 2459
1731 2878
2029 1058
1731 2934
57 1040
1605 1934
1731 118
1871 534
2384 2132
2987 698
1549 1984
1731 804
2365 484
2105 407
2600 2915
2314 2008
2513 49
1731 992
2626 1021
1731 1118
2362 84
1731 1329
1248 972
2536 1100
1731 1502
464 825
1129 1380
1629 2830
2782 2500
1731 1926
2441 1504
971 1211
1959 581
2840 1596
1039 1495
2999 1569
1180 49
827 2037
2987 801
2593 1539
1433 2145
1460 49
2238 1522
2801 2453
2587 699
86 710
2128 485
2519 49
54 662
1731 1655
209 1790
2923 965
1126 1101
538 1130
2372 1062
453 392
1731 1867
1731 594
1758 1366
2166 2497
827 49
570 2327
118 59
1485 2580
1731 1804
1731 294
1731 881
1731 1609
2026 443
2349 2032
663 2476
1179 2173
1616 239
546 49
1803 2683
1666 2600
525 2131
1911 49
2538 2163
759 1023
694 2939
323 1513
1541 105
1731 2461
1493 2797
81 1027
583 2881
2958 49
1731 2454
1116 49
126 2704
191 135
1731 2898
757 681
973 2018
168 49
1731 196
2066 2696
1731 180
1107 49
1623 2567
1307 2888
1899 583
1731 1091
2341 2656
2889 49
1731 1550
634 49
2484 49
2108 2056
824 2551
180 2599
2340 1629
1059 49
1145 1876
1434 2938
1820 1605
2632 2429
83 1563
2180 2391
1192 49
1225 1817
964 2906
2659 714
2480 1548
2472 2989
1248 61
1731 2940
1029 49
741 1829
676 1058
2692 49
1731 296
1931 49
458 1090
1739 668
303 2918
2891 2288
1722 2670
1731 2529
1731 2248
371 2587
168 481
1533 2436
938 2494
1731 1844
1460 2163
1731 1576
1471 908
1717 49
55 39
1731 9
2669 49
649 77
2453 2432
1292 339
2691 254
1546 49
2947 1976
219 49
2503 1217
2202 415
1731 887
1137 1262
410 2527
1731 1319
1731 2467
433 2327
1731 638
2495 49
600 330
624 2311
1322 855
875 2614
103 49
2264 49
2830 675
1731 1312
2497 49
915 1054
818 49
1588 49
130 115
2558 1565
855 2542
1731 2344
2502 2088
420 1861
2651 49
1620 268
2434 927
1077 72
1985 2243
11 49
2573 60
2444 2364
1672 128
2342 977
557 1539
2498 49
1229 49
1731 1450
1106 49
748 1049
289 2584
1875 2027
1731 2912
2721 697
1731 2306
139 1216
1693 2296
1181 2609
1352 589
2313 188
2199 106
2940 2738
1313 1324
56 2072
1716 2219
736 1288
1830 1888
1731 2053
677 49
2140 49
268 49
2001 1404
1669 2852
817 1034
2546 1011
1463 1735
1731 2784
65 38
894 49
915 551
2977 69
1006 1245
1825 1973
486 49
1731 2194
2996 1778
2928 49
1731 2618
2206 1989
1513 2516
1731 2077
703 1100
1731 515
93 1323
2786 1854
2045 2697
814 1988
1913 338
1731 1675
2652 2645
1731 2576
1731 1575
1927 38
1731 2058
908 1866
1731 2823
70 260
657 49
2149 1262
775 944
687 620
1629 1307
2362 739
1005 928
2930 1018
1731 2124
2098 2074
2597 49
809 2866
211 2105
82 2414
1227 46
462 2130
2952 2634
964 49
1454 1941
37 2212
1020 1503
2779 2110
2608 1349
1575 49
2742 875
1217 874
477 2675
1583 49
1970 1911
2430 2382
2767 1282
1731 2109
2733 2574
37 2408
2618 49
1317 49
2233 20
1210 450
1636 1167
926 297
889 1885
375 49
1165 997
395 49
2555 1528
1654 1912
143 2212
388 1052
2001 2661
1037 2472
862 247
1759 49
704 295
317 34
988 112
1765 49
850 1418
2646 713
2428 49
1761 2197
1731 2649
1780 452
2787 1555
579 1186
913 2634
2861 49
1628 2522
1921 49
291 2326
2683 886
770 2107
1787 2389
1707 2207
1544 2633
2205 2174
1096 49
1731 2818
1555 217
2341 2826
626 609
1191 49
2700 1696
2026 1192
1944 1964
1731 2937
2996 2349
1051 1994
1731 1887
2542 49
513 49
824 1515
1731 160
197 474
838 597
251 49
177 1045
1651 1005
2859 124
1580 2528
1787 884
321 87
463 1196
872 466
422 627
346 1095
948 1232
481 911
2003 1128
1731 624
2694 49
1721 1166
2215 49
1731 2096
1543 1703
1731 2427
1213 166
2327 1428
37 1364
963 2718
1123 49
1264 2418
1899 49
1271 343
1392 1501
364 1456
2196 2808
1731 143
1885 1876
602 1182
1684 1900
1174 311
222 657
2725 683
2959 1117
2820 77
1107 303
1966 49
2483 595
1731 1041
2404 1766
1397 420
749 291
2471 717
931 1991
2791 1663
2160 1142
142 2343
2466 49
1021 49
2497 1409
2082 1137
965 359
2905 2162
775 1143
2202 787
1508 1368
718 49
2585 981
1731 2442
1731 1991
1930 1608
2943 49
1547 49
2510 49
751 49
1731 1719
436 49
147 1952
1969 1259
2528 2510
2582 1724
466 49
37 2287
272 591
2126 1338
8 1584
2137 2123
1731 405
1115 1305
1142 1089
1502 2707
1731 1516
1731 1815
1731 2877
2019 473
1056 2221
1731 1515
1947 49
1482 2735
2279 2486
786 1844
1564 420
2411 1081
1579 2326
2016 2382
13 520
1804 49
562 1792
2857 2202
1273 721
2911 422
2418 49
1742 49
828 297
448 627
1110 1283
2830 2478
83 708
1731 1525
447 1302
845 378
1355 49
1731 2317
547 2350
2520 1752
1031 1879
1992 889
1730 49
1222 504
1544 1854
1142 334
1648 1523
2443 49
958 49
1731 1136
2630 49
348 1678
2418 2157
1856 2676
1731 55
2412 2652
1731 2604
456 2380
1801 1833
109 2418
978 1628
2731 1823
1297 2931
1160 1072
321 2427
1271 1210
1729 2085
640 445
1182 2062
1556 2446
337 1467
87 1846
1731 1728
2370 715
1731 91
1731 988
1731 1342
2333 638
1520 655
2536 2814
2719 2821
1940 882
666 1751
1731 305
1120 380
1772 945
1731 663
1613 616
1471 2111
1731 1534
1308 1091
2219 1404
1188 140
674 2450
662 2445
1731 477
490 49
1731 231
1731 411
1587 2824
1731 403
1508 49
652 2856
621 159
2846 1016
1731 1449
1776 49
1541 49
2651 2815
2638 2158
1296 1477
950 220
670 576
1731 2300
899 1357
1372 1626
1750 656
1451 580
1692 49
348 2541
2345 2366
202 373
1731 3
1478 15
1440 958
2209 477
1731 1406
1731 319
584 197
2379 2925
1833 49
1499 2725
1162 49
1976 1591
2120 49
928 2495
2578 2407
549 226
1694 2098
2303 49
1056 1121
2146 2516
2505 1706
1446 1756
2622 2574
2891 2137
28 471
2557 415
68 580
2459 2500
1278 2378
1731 125
1384 2760
1731 2775
2391 796
1498 2751
1731 1783
1731 2552
1145 1844
1881 2676
625 2262
2072 466
1694 1021
42 2478
1117 49
1352 2388
573 566
2163 2221
2944 2220
1853 2093
1434 1090
837 49
2180 803
378 1525
1701 606
1499 49
381 2996
1773 1167
1025 53
1535 2859
1472 1962
1172 49
87 1258
1731 1632
1413 1690
1731 213
1638 2186
307 930
1054 2156
141 2381
1913 2719
684 832
2954 1634
2283 49
77 2374
2557 368
1681 2607
1482 2966
2843 1802
1230 305
892 898
1731 2433
1276 2150
1661 49
1158 1802
309 1676
2751 49
2450 49
2821 2795
1731 977
203 49
26 712
2523 952
1657 2858
208 495
2699 179
1386 2117
199 2266
248 49
1229 2239
1577 2484
1731 2632
56 129
2862 2898
2609 54
1160 168
2693 2777
1731 2711
2511 2903
1731 2
70 90
1731 1268
842 2446
2045 1828
2809 2143
1845 2332
1080 817
323 2693
73 2966
203 1277
1908 49
1498 629
484 1503
278 49
1890 49
1309 499
2577 1987
1312 2903
271 2688
260 1806
1646 87
2541 118
315 49
2119 2982
2710 379
2726 2596
1617 1499
1220 1138
2505 2052
1731 1937
1731 2637
1731 325
1986 877
2140 2739
2103 414
2327 2414
1731 987
1652 788
1588 790
1826 1648
2793 1521
810 49
968 2808
2317 2297
2929 49
1731 2666
1918 49
230 1673
1731 2910
764 49
186 2787
2434 441
2336 71
2582 2148
1633 420
1014 650
93 49
1731 2196
361 2488
1063 2335
1872 49
341 2755
941 1180
2716 1386
1731 326
1731 1251
1731 1577
1731 2623
513 817
1925 1199
359 1479
2825 49
611 49
960 1566
1731 565
685 2281
2260 2731
1739 2785
2007 2337
2191 49
1253 959
1961 49
2976 2987
753 2057
1908 992
2133 49
431 2375
2000 2121
1731 1759
10 59
1720 49
474 2719
637 49
1731 1619
2968 1431
1731 1782
1969 2778
2028 2162
2659 49
1731 194
2330 2974
290 2166
1511 2832
1731 1198
1606 2030
1112 2952
2056 520
2895 691
66 49
1731 2995
2122 2493
2827 351
1324 2031
1625 393
641 1760
2618 2020
165 1948
2040 2089
1731 1453
1314 49
2020 49
1533 1554
162 891
1815 49
2585 49
982 2219
1552 49
2092 4
1731 2252
2152 1707
423 1125
935 49
1189 2063
1182 1284
1543 2581
2336 1046
2179 2230
2294 1608
218 176
672 2303
1731 30
2945 401
595 61
547 2062
260 49
2074 1794
915 1606
2118 367
25 1309
2962 353
2051 575
1731 2264
1826 471
2323 2348
196 49
2742 2564
2399 1269
1298 49
1731 1875
1280 17
1731 2605
163 1670
1731 1141
1731 455
2789 1737
1731 2625
1557 2511
201 49
2487 951
556 2684
1888 227
2484 469
94 1911
1731 592
363 703
2636 286
179 247
2069 49
380 627
1645 1937
2971 344
1768 194
951 32
2616 2992
1731 1842
2697 722
1558 10
889 1726
1681 1032
2938 1853
1667 2506
2412 49
1731 725
2468 2228
795 1422
128 2375
2010 594
1022 2304
1731 283
1037 49
1731 2405
1731 117
2581 1855
2677 49
1462 2341
83 49
2862 2148
284 1503
1120 2090
2538 49
449 450
943 1728
353 1027
1731 575
1322 282
2925 2761
1796 2958
757 2551
2662 968
2945 2338
1627 49
97 49
990 2172
2862 49
1665 1158
1826 326
591 2943
2648 1219
1039 795
870 2953
2062 2840
960 214
698 1994
1250 2537
1731 187
983 1553
343 2022
1360 49
1731 2556
412 49
1731 280
1882 2186
2430 217
2996 812
1731 31
1731 661
242 49
1010 49
857 669
632 392
1168 1926
2552 1339
891 2383
1731 2048
1731 499
1731 1863
2278 2516
675 1449
1867 2681
1731 1058
2605 1396
2435 496
1731 1644
1138 334
2012 250
2114 2688
1948 2486
265 721
1731 1681
1169 1707
2191 323
1194 1029
2783 49
1199 2723
811 49
2666 2693
2281 1754
2183 67
351 2815
1936 1407
1787 1193
676 1131
2694 270
947 536
1731 37
2730 135
243 1948
1731 1551
2205 574
2813 1288
1901 1193
2270 2440
1731 637
2014 24
2468 263
1522 1508
1249 49
2532 49
1601 2858
1346 2791
1601 953
2388 49
843 49
1758 1337
684 200
2148 900
1731 267
2980 507
1177 683
55 49
1731 2744
1903 2214
1851 370
2528 2345
79 1553
2552 1267
2502 986
1731 1343
1405 2774
1641 2672
231 279
1295 305
1271 1769
1804 655
2551 751
13 138
1718 806
2810 1711
642 1880
1516 1240
1073 1925
1038 1946
1731 2380
2690 2164
1309 49
2483 49
609 2303
1731 1247
1731 762
1731 2220
1731 2404
2998 1796
2186 1326
766 49
792 1716
1731 2864
2130 49
150 1933
1300 972
2529 49
914 2583
1191 2955
2016 49
1008 1599
278 1509
1245 2592
2820 804
2372 1431
671 2649
1683 145
1042 49
910 2041
2368 2586
2915 49
290 1471
366 218
107 515
461 224
1777 317
923 49
2128 1080
2189 2184
1731 2765
572 2996
1731 2944
2434 1515
1731 158
1292 49
1731 858
1950 2252
320 1406
232 294
2828 1847
533 435
1065 605
1532 49
2223 638
1930 678
1463 1893
2711 17
685 664
776 2496
2412 181
2091 387
66 1540
2236 2063
342 98
1494 895
1731 1480
2542 378
221 2603
707 1041
2621 472
1114 286
2291 2482
226 402
1720 2324
1623 2346
2917 384
292 75
1533 1497
52 49
401 1692
1958 552
2743 2957
1041 567
644 1399
905 49
1731 2430
1731 863
2576 1388
2370 1886
2338 1892
2398 1028
929 163
817 2099
1827 1706
1731 1023
640 540
1731 770
2065 1042
2611 2126
1093 1730
1740 1430
1731 2516
2900 2019
1093 2959
1926 2240
2531 49
1731 689
2629 49
336 1555
1731 41
1731 1831
1779 892
1539 2726
2363 925
2472 1750
30 49
2703 1610
2361 1422
1420 2243
2387 149
872 1840
609 49
2205 718
598 49
1301 235
9 1510
2461 2711
202 1784
2854 49
1731 328
2843 1850
2897 360
2598 49
587 642
2903 49
1144 2505
2106 1386
2448 69
2757 1639
2255 1693
2279 1925
2643 355
1690 49
1731 108
1734 1691
263 684
2787 1809
1320 49
753 49
886 668
2598 2593
2749 2902
92 1500
978 153
200 696
2322 1852
2555 2950
1629 2883
303 1103
1616 1328
1731 1665
2665 1813
1731 1166
1731 904
252 8
1966 655
169 1207
2830 2056
947 1036
1731 1395
560 1365
1702 49
1515 2965
530 2123
1327 49
1079 718
2735 223
2982 49
2413 808
1421 2664
522 2177
112 1005
1731 2954
2256 2689
480 2494
1731 1947
2557 69
2065 49
2194 49
333 2283
126 49
1757 49
966 217
1919 2808
2273 1621
1559 164
1731 1716
2599 1206
768 2001
354 753
393 2431
385 49
734 1156
2072 49
2511 152
338 2206
873 2979
1914 1702
2468 49
2933 939
2383 1113
437 2645
2201 495
176 2221
1731 1595
2618 1108
1731 1832
978 1687
2613 49
714 68
1271 290
1348 1906
1210 526
91 2390
420 2246
1358 956
2708 1822
1454 2555
1155 952
1731 1989
1673 1479
2672 1221
388 2197
1731 2607
1731 2585
2692 2524
2394 2069
1333 253
2614 49
1612 306
2363 1834
1731 2137
1731 199
449 2376
2273 1840
2977 194
896 2496
2540 1674
1731 1908
927 2171
358 1288
1143 1073
983 49
1731 866
401 2894
1568 49
531 2932
1029 1837
1731 818
2254 101
1356 899
2998 2462
1731 561
694 2937
115 286
2898 2828
1710 465
2755 1439
1643 2291
1699 562
2205 1206
2151 658
1263 1600
1731 2969
202 181
2980 1519
193 1715
2413 1025
551 49
2123 49
2368 49
2355 412
564 220
2517 2102
1382 1419
2781 2856
1998 2126
2652 1384
2337 174
2404 1474
1731 2223
1563 49
1393 60
2731 1077
1731 2396
2635 49
99 402
699 49
2934 2453
2011 2806
2072 1231
1906 933
2276 2143
2587 310
298 49
256 49
2126 49
1731 98
284 1151
478 214
1098 1581
2157 1924
1163 143
1100 632
2417 969
1480 49
2731 1644
785 51
325 49
1602 599
1130 1050
2174 49
1172 1653
2672 2505
1233 2329
2966 2679
1731 1130
631 2916
274 49
454 2518
1978 1354
1731 542
2838 21
1315 47
1441 117
1540 49
2756 892
2721 1936
107 2529
758 875
362 2931
2029 1956
1551 1808
2492 773
2997 2743
1581 1808
971 1777
2279 535
1131 146
1464 1893
724 2176
2817 997
337 49
1584 1304
2378 49
716 49
2584 811
1424 682
2439 545
906 448
2964 49
1854 482
2667 732
1876 1526
1731 2413
1317 2453
2137 2954
1731 1465
1573 2045
1731 782
1731 1828
158 1754
545 49
1332 1066
1845 49
723 49
220 49
1008 2336
1930 760
831 2488
1105 521
209 2211
2207 1139
1731 2580
2501 1589
1731 1289
2927 49
1731 314
146 648
805 1214
1879 49
645 2004
41 1794
2067 638
2127 627
364 771
1133 1996
1150 38
1451 778
339 1855
2871 1210
1314 2744
1434 1962
1731 2183
2434 49
2398 781
1132 838
2415 1628
1731 2964
828 49
2125 623
1731 2746
2668 1753
2429 49
262 2186
671 853
1597 70
1556 1667
1731 2440
2054 2002
1581 1034
1731 395
1345 49
776 1377
447 2976
2349 2751
2329 2854
1719 2683
153 1250
2285 2867
1731 1042
1731 1434
672 49
2237 768
1395 2502
2340 2232
1731 249
1930 1190
669 2636
2420 1967
1731 1197
1266 49
395 1861
1209 833
2726 579
297 486
1372 695
1983 2445
1731 2065
1731 2485
800 1004
1359 49
1731 476
1084 2061
1273 49
910 741
1726 1582
2167 1812
1599 1610
1193 475
2637 49
771 1688
2567 49
866 2319
1061 2448
400 2478
2132 2647
942 881
1763 2396
2744 382
2341 16
397 49
1731 159
2246 867
2459 321
265 1350
2962 2565
694 1597
2003 427
1731 361
2308 2829
960 163
1731 1799
1571 1671
386 2102
1100 77
2306 1104
2332 49
1731 2517
1731 1741
811 1470
1079 2542
2613 806
336 2206
1618 1084
1861 49
1169 49
2188 937
1503 49
1731 1486
2106 569
2198 49
1731 2119
695 131
487 1393
199 49
2932 591
2120 1655
2748 49
510 1320
273 903
1119 1781
966 299
2235 1788
1222 2778
1957 1191
1531 2652
331 2467
2908 49
1959 2479
1608 2158
2712 2087
1471 49
126 901
1712 1686
1131 2271
1731 1718
193 1259
1356 49
1427 2062
1704 2804
2453 2740
227 599
248 2261
6 2102
2451 49
1731 298
2631 932
315 2551
948 40
1145 1162
652 2178
900 1857
2851 709
2630 1799
532 2574
1904 2466
629 49
1731 1899
976 49
1731 2198
1084 1168
2223 2887
263 2444
2137 2909
1731 2160
1837 2388
674 2531
129 2002
1969 821
1731 882
1806 1192
1054 49
2118 477
2919 1397
555 1109
1581 2667
1731 1540
1731 916
1731 460
2922 1673
2099 49
2048 223
1731 343
913 1607
1719 348
1731 527
1137 49
500 2858
2830 754
1731 1614
2386 2670
619 216
949 168
108 1767
671 2902
1408 47
1745 216
2262 2225
1731 772
1731 768
2009 32
2602 278
2089 1320
279 1402
2993 165
816 1544
1792 2599
562 1118
1498 2471
1506 38
2977 49
324 2928
1682 2528
1915 846
1731 1360
1612 1284
2779 572
1731 2800
1486 604
1605 175
2187 1699
787 2600
1731 1796
2294 2656
625 1338
551 704
620 49
1731 780
941 2025
1731 2174
595 426
782 1307
2426 1035
1731 1974
1731 614
1978 1456
1100 49
2861 2227
1482 344
945 1717
1713 2704
686 961
279 49
2208 2876
1129 1285
380 534
1190 2227
1870 635
1707 2411
1194 2137
1731 577
2485 587
730 811
2273 1000
59 49
1326 73
2755 49
767 2517
873 1928
2953 1335
1109 49
180 49
451 2181
2554 231
1282 49
348 510
1280 375
2871 1144
826 1286
392 1149
2184 801
2900 49
1903 1884
2862 2982
1686 77
724 213
2443 2548
1731 276
2524 49
2508 87
994 2865
548 1560
532 129
2697 49
1766 49
2214 2041
2437 1332
2974 2410
386 1386
1917 49
1731 626
1685 2509
222 2654
271 633
972 1591
307 1643
286 8
2724 2676
1910 1385
1557 49
6 2629
1599 49
1731 1382
782 1840
1850 49
1044 870
834 361
1731 2328
1492 1824
582 1962
518 49
194 111
1860 983
1731 1291
855 49
756 998
1462 2437
1046 2274
1728 1148
1731 1930
1731 1112
697 1823
1731 1549
1913 49
725 1657
1731 2697
705 2715
1749 688
1544 169
1731 488
2327 578
600 695
1099 1905
1945 2757
1731 685
1832 2078
883 1888
605 700
1790 1570
2123 2984
2893 49
1731 1252
1731 1370
2901 49
1630 2820
2855 1505
1882 70
143 1705
2193 866
845 1296
2461 286
1023 1265
2907 2569
2377 551
1864 1236
545 2997
2473 1060
1779 977
2839 879
147 2384
1731 1598
2381 2700
12 1294
1531 2677
1731 826
1731 1494
1143 2617
1731 1404
2626 1972
2137 1806
206 2222
79 1219
1447 2626
334 2829
789 1042
1304 49
950 49
2584 839
2105 946
1285 1173
959 1967
1599 2719
702 2167
745 49
1822 49
205 2727
1056 966
2043 867
2215 2515
622 49
2129 1229
1806 836
1386 632
2835 49
1910 2220
579 2669
538 489
1731 363
1674 49
1903 2382
23 2485
1731 1293
278 1819
2643 926
366 1883
1731 1292
1489 49
1465 2793
1731 855
866 2690
412 1565
1584 2390
2724 2595
710 1901
1731 1330
591 1882
1297 2698
696 49
647 49
1731 2779
1012 2372
832 1885
1731 1007
1638 2491
1731 2298
1333 570
1731 22
1801 594
504 242
1598 13
1731 1845
868 3000
1381 1814
1334 49
1338 1556
1056 1915
549 49
1736 49
2794 1821
1731 1615
567 2642
1371 1063
1731 786
2108 49
2924 49
1125 875
2859 2031
1800 334
1525 962
801 2761
1176 2174
1102 1516
1731 2462
177 49
977 2701
2180 49
690 2263
1838 2032
1731 521
1974 2182
1804 1905
2504 49
1332 483
2263 2559
211 2436
1731 1543
354 1748
2604 948
164 49
1370 700
1731 2277
2245 49
2543 1092
1096 1388
2372 1766
303 2652
1113 1836
1523 2174
2455 2802
407 2250
1762 909
2168 1299
1731 475
1071 1471
95 655
2080 481
1320 1100
1731 1481
1737 2769
1803 2392
2254 1324
2375 2763
1999 49
1731 473
1731 1376
1074 49
302 2207
362 1670
2913 769
1297 2224
502 555
2047 685
2870 784
2149 2047
1731 1436
125 216
2154 942
811 665
120 2886
525 49
2023 49
2603 1816
2045 1350
2583 1050
1731 2817
577 1889
1175 2319
2862 2012
2105 840
2833 346
1559 1462
1731 78
1731 1921
1731 697
1731 2005
991 2972
646 439
1182 49
1731 1208
536 49
1731 827
206 347
399 20
2079 49
55 20
2984 2089
1731 288
2249 1141
236 49
1731 1125
630 754
952 1685
2759 387
571 49
1692 634
41 959
2165 818
2195 49
1070 49
149 393
2434 1947
2369 2806
2931 1300
2257 2587
2189 1218
1803 2571
1597 1605
1731 2716
685 1980
416 1424
2344 1805
1731 1838
308 1216
1690 1118
2899 49
978 1028
575 1990
2366 841
2458 49
1701 812
229 49
2599 1999
2040 2580
2273 2856
2429 379
2450 1270
1675 2367
2604 629
1396 49
706 49
48 1227
71 2017
1731 927
2207 1895
2283 1754
1731 2239
1731 150
402 266
2587 32
681 620
2974 836
773 49
756 30
1731 938
861 641
1731 2730
2339 2732
432 61
194 891
930 49
2379 1107
2147 275
2759 1732
823 300
1807 113
111 1059
2772 880
2218 2612
2290 2729
1731 1379
1731 2009
2267 2600
1675 49
536 1670
112 2361
903 49
2299 1876
72 2628
5 1423
1731 1664
1635 49
2327 1087
2536 440
1171 188
122 54
1808 1132
1001 1252
1643 49
2417 749
1967 1968
1731 122
1731 1381
2746 49
259 49
2028 49
1101 2739
2908 699
1804 1465
2393 2864
2832 2398
1731 104
886 767
612 2244
1641 2429
1731 814
771 395
1805 2544
1771 49
1731 2086
888 409
511 997
2145 911
2343 1975
381 2509
2669 2709
174 685
1287 882
210 1722
189 49
2749 2461
857 39
150 1149
205 1979
891 49
2856 49
2274 2629
780 283
104 830
2989 88
1667 2006
593 73
1237 530
1280 1002
765 2190
2421 49
1276 402
1476 1305
2649 502
1485 49
2998 787
407 2899
50 2235
2238 888
2905 234
2756 2777
1424 1526
1731 1272
740 2010
1658 1703
1731 2828
1332 49
1272 1282
858 1399
243 297
133 1466
2607 379
630 706
1163 2649
438 39
1653 2629
2741 1011
347 1499
313 2022
1602 786
1247 2303
171 2728
1731 1066
3 2316
1046 1442
2605 49
183 2671
2417 884
1731 2965
1731 170
294 49
1731 2368
85 1982
1159 1785
2585 2156
2237 1858
1542 1824
2010 933
1731 1031
383 884
824 49
2031 2449
2018 2835
483 1236
1087 344
979 27
1731 1116
376 217
2246 1632
99 459
2220 49
1731 1691
192 198
2687 1631
2148 49
478 1693
2527 2884
790 2616
2447 751
2423 49
1731 2458
1731 2738
1270 2281
2717 49
1943 1138
683 49
374 214
1731 2971
350 49
2470 49
2727 49
1235 623
2186 49
2047 315
669 2512
896 1134
1518 1249
220 928
1032 1702
1890 227
364 49
2154 2101
1731 2670
2671 2308
1940 49
2049 1880
2714 33
1960 49
1731 362
1796 949
548 2726
325 2273
2976 1285
2465 1620
1731 2211
1731 2769
2004 1821
1922 881
1731 2143
2170 458
1493 1894
2708 2568
2062 49
2686 695
1076 2044
2249 49
803 2411
1731 2078
1106 1036
1731 656
471 2387
868 2996
2977 1281
297 2638
1479 2954
496 2805
1971 49
1197 1257
2857 48
376 986
2735 2727
2374 2365
2418 636
1731 2415
1510 2382
189 232
1150 202
526 57
1731 1700
313 2942
367 781
573 838
1731 2936
884 1294
937 49
1618 36
2736 49
721 49
560 1800
2080 2285
1731 1186
1525 1672
1492 1349
2758 391
2887 164
2297 310
1337 49
972 49
1518 49
790 2313
2127 376
58 1906
786 914
2972 1305
332 2094
927 2095
2953 1850
2657 1662
2761 2232
353 220
2318 972
1731 1745
2459 2937
1731 1562
1202 2254
2132 49
426 1288
2048 819
1006 824
2133 1745
1731 2200
414 1993
105 31
772 2875
2026 772
1172 8
2778 2320
997 2536
1731 1477
1731 2539
379 1635
1821 2136
665 892
1439 2410
360 1306
1731 2168
461 2745
2877 49
1084 1689
2088 2875
2277 1523
434 1783
2017 2584
1731 820
2011 2119
