3000 2456 0
1768 2834
1865 2653
1230 1245
2449 702
130 279
1860 219
1473 2560
2978 1925
1268 809
1055 1574
1221 1125
845 2236
1108 771
1131 850
2478 311
189 515
2920 2971
532 1218
837 2210
1777 39
2662 1986
1263 831
166 744
1892 364
1115 1824
496 1677
1760 2490
187 675
988 2800
2250 155
1517 2169
2152 2860
2222 821
2819 1816
1622 2870
949 1633
736 63
2851 2227
2565 1031
618 1269
1660 553
2413 1067
457 1512
1817 657
2428 2630
2872 2295
2637 60
1730 1428
234 2963
2529 2769
1645 2487
1661 1186
2241 443
865 1068
1576 490
2191 2598
2014 705
2751 1972
833 822
196 114
868 338
1636 1426
1199 2198
195 1458
244 2298
2188 513
2281 888
2899 2318
302 883
2396 1981
1057 1855
837 2365
133 2124
2312 1155
1629 331
2641 1967
46 419
2125 2581
850 609
2168 15
2839 2910
2127 1591
768 2644
1219 149
2714 2497
1292 1777
2306 2665
2313 1529
1005 2546
477 2322
637 229
1752 505
564 713
1506 1520
62 1961
618 1757
2821 2549
1110 1496
2479 533
1779 503
1365 340
698 2731
2781 2465
1224 145
380 116
395 2862
2616 418
1508 68
2212 1708
1273 1368
241 2583
1926 2229
2852 1196
200 2825
1114 2174
256 894
2755 777
2200 65
529 2589
2969 1775
394 1262
2108 204
791 596
901 163
504 1143
2318 2760
1589 2334
2102 2528
2977 2202
2047 683
917 2567
2120 1147
992 616
2735 1298
1268 2921
2231 436
2703 2438
1844 744
208 1916
1818 828
2329 1285
692 1621
421 2912
2058 1108
2817 2779
644 445
2865 897
42 2457
1701 686
2976 870
1131 990
169 2680
168 263
759 1132
1433 2072
2107 88
2933 2562
1453 335
1870 2618
2289 2231
2163 2711
1386 2761
1504 489
2320 445
2700 1800
2021 695
1963 2197
1564 2355
2533 1311
2145 1500
16 2406
427 2493
2290 2948
2499 1690
1484 1029
2756 1765
2570 1196
1825 2222
2020 349
2594 931
2211 1411
275 789
31 1263
2739 1939
781 2600
363 2525
635 938
2755 680
2733 560
1042 1343
1799 1310
1314 803
106 2342
1459 1274
2926 2192
1785 236
1723 14
2184 715
2243 1324
1862 2032
918 1864
1685 937
2545 294
2589 119
2246 1385
613 2041
1256 2226
231 2246
1941 2075
1709 2420
1424 2479
1279 1746
371 803
718 424
1240 387
1603 491
1265 2376
2240 896
1229 880
2556 2883
313 107
194 1924
2155 2708
1814 2961
1950 1921
2268 446
1766 2264
893 2745
1613 2324
411 120
1014 2577
573 1349
1864 142
1990 1859
2088 1034
1257 2593
2361 1923
2339 392
2013 2887
1323 1829
1077 258
2976 1190
511 405
428 414
1203 2773
2183 2064
1347 1357
2393 2077
763 52
2894 2124
1116 669
1014 2221
1537 432
2762 1699
2769 352
2674 1839
1155 2451
633 373
1145 2261
195 213
2178 1805
2867 2313
1598 1073
2963 2011
2430 2123
508 949
2748 480
444 1099
194 2005
1799 1737
2711 235
2224 425
2822 1362
1435 2695
2103 2023
1105 2252
1094 2891
2312 2360
846 869
1382 877
2799 2447
1162 2031
780 476
1630 1410
2085 2598
264 866
2073 2748
851 1663
680 2497
849 347
787 149
1913 640
1341 1154
1488 1794
1734 2632
526 1103
893 463
1537 1208
144 2946
1399 545
634 2427
884 1220
2822 2081
2399 1266
975 2659
2878 599
2617 1011
1569 2572
2865 785
2937 2266
473 1989
2371 1092
950 103
1033 2190
715 2441
1379 2754
2195 2067
113 355
1243 2914
653 1239
1002 2193
2980 1548
1054 1486
1885 1482
1547 1245
608 699
2484 2786
2460 2335
2267 2828
1480 1105
2190 2931
2210 152
1772 1278
1818 1405
488 1600
745 2640
2911 2232
721 1784
2111 944
1666 636
449 1698
1538 2120
1863 74
983 1376
1132 2962
1641 889
2323 529
1792 167
2189 2164
808 2705
1227 908
2753 2671
2597 1273
1579 2578
2622 2385
1109 2381
753 929
480 547
1422 197
1808 2603
178 1066
48 1233
2957 2722
507 1072
734 2928
2551 2777
2418 2179
1736 1719
958 2924
722 1987
1872 1590
1172 677
2493 932
577 659
876 760
28 1365
190 2802
2663 2955
1892 2470
2461 189
1672 437
1599 100
1658 1349
2108 2737
1463 453
1119 844
613 1239
2458 802
1195 1025
2164 2664
1059 1373
1048 2849
1829 2588
2774 2100
1980 510
2746 1971
927 287
2678 988
1008 1098
2663 1663
539 73
574 1780
2908 578
2941 433
2906 2871
2622 1362
1554 2467
536 583
132 2645
1129 1574
1915 136
2556 2187
1122 691
429 874
225 1440
49 1253
1389 374
1297 2944
297 925
113 19
1280 400
245 63
2788 1073
943 805
616 2425
2435 126
247 147
1431 2880
964 2330
2699 375
2445 1653
460 2325
2941 436
482 2050
2216 1615
1843 904
2698 455
1401 2184
1319 280
1366 1197
2486 363
2380 2199
483 1673
963 2742
2694 137
2481 644
1352 2685
1022 1908
1820 2424
1927 2656
1316 1803
650 1305
978 559
181 2629
2984 2211
2158 362
792 2069
410 641
1345 615
460 2074
2632 2258
557 757
2687 2542
1513 890
1836 2540
874 909
1605 876
84 796
1966 1077
1500 1607
2933 1321
417 624
2253 2279
1489 431
220 2386
986 1298
396 504
2326 819
357 2928
62 1356
2994 2803
2824 111
526 374
858 2425
267 2747
2070 2362
56 162
2908 1138
2289 1932
2459 1060
1089 296
971 884
818 2243
2676 2996
2407 426
109 2521
2050 1725
154 2249
234 2958
2205 2580
791 1167
453 755
2471 2904
727 1965
209 1814
603 93
2106 1718
1768 553
855 599
220 661
1337 1088
1111 2433
2115 71
105 1665
2529 277
1930 1154
1191 1425
824 175
2402 2699
1356 2912
2004 305
2310 95
764 1229
594 2681
2254 2403
437 1958
2780 1397
1740 2568
238 1817
968 2682
1972 2094
1038 1140
1970 1067
801 1624
1533 2090
1596 2956
549 989
1426 1524
1097 1101
2488 20
638 66
1223 503
191 1358
1053 1797
638 587
1807 1567
625 1768
221 427
1477 2474
510 2252
2957 882
199 648
255 854
132 2072
1639 1778
2038 2344
2558 1297
2178 1498
358 2155
2768 2570
1016 703
972 2626
1343 478
2496 770
1879 2664
239 1376
1957 739
2781 1585
826 628
1900 661
556 1127
2877 2631
107 2543
1056 2167
1753 1636
2571 621
1644 2637
72 2858
1593 956
305 2731
1145 1187
1178 1807
2212 2724
2920 1318
2612 1436
1061 1534
1978 1335
1732 538
2929 2503
2820 313
51 608
2089 888
2693 2950
1913 1935
1224 2791
2875 2621
2173 733
58 1600
2280 649
2555 2019
2046 190
2317 892
446 2033
758 2752
2579 690
2131 1717
1567 853
459 1941
2004 727
1810 2645
1730 2015
2404 1558
658 522
2153 1074
1203 2431
385 382
196 123
2374 2076
2513 226
1998 1780
2096 2740
1762 2337
996 2573
536 94
1655 2678
703 2691
1387 2510
1151 2727
838 2985
290 1307
539 1483
1505 1716
1180 2884
1158 456
287 706
177 29
274 722
2978 60
2116 2388
1713 544
1467 1275
2427 198
1088 830
336 1882
2871 921
1271 1327
2132 2198
980 2716
170 645
1138 1160
2984 1904
2946 2995
2176 1187
1466 961
2527 1630
185 711
2592 1086
325 2844
1680 810
2126 591
1517 2688
1959 961
239 1823
2846 2220
1652 1153
1808 2213
1442 2092
912 647
2436 1257
863 221
84 2294
2824 1601
2018 1420
1458 408
157 1120
44 760
2895 549
583 2114
2885 1835
2063 2463
202 1631
442 707
1708 2666
85 2742
794 416
452 1888
2359 2969
947 2633
2970 1021
2172 2898
787 859
1441 2524
491 689
1937 98
1628 1432
2357 1912
2909 843
1738 2057
2181 315
2301 425
2997 1693
2605 1729
1731 487
2841 896
1342 799
575 2265
2157 2743
1558 738
2431 2628
2022 2806
1580 486
990 2227
1276 1614
1534 490
2277 2390
327 729
341 2686
162 482
2592 266
1592 270
2611 1989
1142 1276
2208 2482
1776 2660
1606 1849
275 1746
2468 2262
2141 985
2540 2582
665 265
2735 1246
1764 1953
255 2762
777 141
515 1726
2368 933
355 2595
1733 1560
945 1165
920 230
2860 2140
80 89
58 1602
2277 254
2114 2785
1087 2116
1740 2504
1157 1475
2093 1825
2154 1677
931 818
984 1046
2562 1971
1312 2309
2019 910
260 1951
936 1110
2603 2503
700 2000
2834 36
1325 2411
859 1951
2835 2718
1090 2249
2159 1270
602 2287
951 1639
814 689
555 2861
56 602
2355 1380
2041 1244
2655 2867
59 751
707 628
1806 354
102 2553
1025 278
1492 405
1949 1625
2204 2528
2864 2922
2758 2325
465 1773
1758 2700
1682 1264
2202 2939
582 860
657 1144
1641 500
1428 1136
1275 1052
1685 1023
1384 1976
1918 2196
984 1774
2482 360
1928 2839
1357 1940
2936 610
2525 90
813 2068
1208 2666
569 1353
2915 1870
2590 2542
2284 1523
2905 475
1796 49
44 1985
2803 872
1710 2744
2588 408
2394 2797
1623 2143
1643 1289
2777 829
2303 1149
2300 1895
2382 101
1512 636
1292 205
2080 1250
2817 2541
1459 2674
2253 1472
2334 852
1530 831
1004 3000
625 2882
523 624
2461 69
733 1965
2811 2450
1311 2447
200 1143
411 1267
1164 2335
1890 2580
89 2608
2039 2627
691 1167
1189 582
2171 2321
1752 2804
415 1504
2314 1485
1769 1679
1744 1216
1759 1419
1085 2838
1823 30
2189 2326
807 1715
320 507
80 2457
1816 1703
1340 1015
1961 995
1872 1396
125 1524
1322 2245
1988 2649
417 1281
1404 1206
821 1802
666 1163
1883 1608
1722 525
2435 581
5 2705
2955 2586
1674 2515
1779 1856
250 1742
968 816
1716 1032
969 788
346 1008
2275 2558
2765 1364
435 941
2136 100
2316 2197
29 347
1202 1811
1171 2272
622 1391
2142 126
1986 1322
565 1181
2077 517
873 516
168 365
1005 2296
2681 1460
614 333
2533 2964
1030 881
2026 2396
1174 2038
2890 2113
2872 1969
420 283
1542 738
2569 2071
2713 387
2636 793
2886 2792
1758 2406
1675 2729
1990 1326
1826 2502
350 954
2136 1495
1996 2530
2662 2207
1841 280
2560 2876
228 1988
1545 327
1802 2009
2195 2054
2911 2451
1998 2216
2347 2150
55 1658
1676 272
1436 2115
2758 1796
2131 2319
942 2861
1879 143
247 2999
2843 2567
1846 698
1575 2013
2221 882
323 2259
2893 2258
1556 683
2007 1076
1881 39
769 2320
534 942
1744 938
2841 9
1036 1394
1248 2796
1232 1326
344 312
2036 576
1848 1191
1811 1681
318 1085
1304 2048
2111 2104
1668 1020
798 2245
2583 2307
61 2831
1526 473
2998 2267
1943 1401
74 1637
2343 619
330 2390
297 1300
991 1308
987 1462
1839 204
1975 607
1 617
288 2952
1956 809
1587 869
1177 1339
953 1595
1723 2400
2393 1442
2767 1849
2874 2670
2065 917
199 2595
1586 1198
243 1710
1943 461
1112 267
302 1843
2315 1939
1101 2372
2071 2747
672 2884
1171 50
1736 2848
1831 2028
676 2991
2460 1947
2288 1310
1408 835
1071 1757
485 2403
2847 976
1885 2922
1373 2456
303 104
2478 1994
2140 2436
1398 1991
389 1395
2256 940
2009 1904
208 282
2725 2354
1501 2033
2939 1890
2053 1423
495 1875
40 1936
1526 295
2430 2990
944 530
475 2680
2024 2885
1126 1194
1405 1129
344 2044
366 1206
632 1662
2490 278
2838 541
2802 1694
2812 458
1175 1919
853 541
2025 283
2947 684
674 2473
228 2374
1118 2370
732 1719
334 2242
472 2218
129 2175
1395 1225
1657 2721
404 2980
1605 1317
1220 91
1471 2003
502 1570
493 430
150 2587
2701 1962
10 1333
1302 2134
1873 2795
1809 885
2011 2932
2563 1851
1557 532
1221 2459
973 995
2012 2650
1691 1152
604 346
2614 2882
468 1100
152 173
1010 1683
584 333
2437 2411
2667 2012
2855 1450
1940 585
21 1301
242 1528
308 251
1936 1199
1855 2220
2636 433
525 646
2368 2450
142 1954
2934 2610
1240 2421
2023 1495
343 2883
309 875
975 1079
1889 1812
1445 2046
1074 2035
2242 1907
2375 1046
1585 1453
357 1433
129 12
612 2386
1906 651
2364 1261
2361 271
1309 2566
2815 2786
1613 2287
1666 2338
2548 1552
751 1035
2196 227
2691 921
202 662
53 249
1378 477
1850 789
890 1626
2314 64
1128 1041
119 855
2081 951
416 141
2093 830
2565 820
430 1300
2418 1153
2404 2930
1693 388
314 69
1629 871
1731 758
883 729
1680 1469
116 918
560 85
812 2200
682 2926
1774 1198
2353 1006
52 2620
1893 334
271 2248
999 2575
668 692
1323 543
2830 983
2534 1320
963 2820
2929 2502
1995 2623
266 2737
1192 1973
663 1018
1788 2923
2804 2391
501 2441
2069 2659
1536 459
1984 457
1618 2690
2346 1001
2255 319
1056 1930
2771 2743
626 581
2342 1050
230 1065
263 2066
1386 2569
1954 2736
2414 160
1408 298
863 550
753 1834
1836 415
323 2141
182 1996
2348 2204
593 2634
554 2166
1464 790
2661 2054
1527 419
183 1692
1201 2061
912 2378
2789 671
1047 559
741 306
2979 2950
2358 1809
1596 2878
679 2930
833 1850
1846 1539
716 1398
2720 1454
2047 591
243 788
1676 2274
1715 2682
2473 1656
1256 1511
1157 2152
2172 1081
2661 1856
920 2179
9 2942
299 1423
2448 2940
2630 1452
137 952
2284 773
1617 1602
2667 1060
645 978
1018 1413
1536 2384
1383 2143
1978 658
2900 2752
500 2936
496 2853
2710 723
2305 2299
1622 633
2816 1409
2130 2133
26 471
2991 771
1722 2787
118 535
2581 317
102 2626
1339 492
2176 1166
1280 1531
1763 2823
1460 2117
505 2962
1233 83
2739 432
1027 384
1560 1964
1678 22
1384 1253
2550 409
1012 2807
1527 1472
697 361
1880 2787
2866 2909
752 533
880 575
844 2293
337 514
31 2726
2750 2174
2408 130
724 2546
1492 685
708 1344
1052 2217
2577 767
1724 1918
2859 856
1857 1927
875 1152
982 2768
1548 1638
2785 2173
2676 155
1832 1219
2128 1625
649 2465
124 993
498 2401
943 999
2993 2620
187 1831
1569 1004
2728 2672
1618 339
2494 439
322 2322
201 1022
1566 2268
2760 2653
375 324
479 201
1686 2025
756 2544
1147 546
1679 574
1355 2772
1568 2064
725 2561
851 2398
2230 1786
959 2585
2537 985
1084 2306
2504 1306
2360 743
1026 227
2830 2951
385 973
1061 2761
1065 1354
8 564
796 1076
2783 50
328 1445
261 308
693 1608
2814 1698
2535 2988
754 1591
376 2927
1803 1687
349 1638
1589 1369
2701 135
1030 1743
1320 886
2096 2813
2668 2877
1083 99
1743 42
2914 640
2523 2509
337 1254
97 1184
1859 1703
1948 1672
1566 2419
2129 413
1973 19
524 1427
1306 2298
1968 2059
2767 2068
2061 1580
1264 748
1194 193
871 2255
2409 1222
2657 1969
781 2426
1190 1717
982 1314
1288 872
1411 92
240 447
1055 545
1886 2180
1301 2531
958 2975
400 1789
1295 642
627 2918
38 1873
1575 1377
2158 2364
1556 2365
2840 1915
160 2899
718 1502
1346 1284
2851 1044
1576 682
2601 927
2610 685
1702 669
739 747
1283 2420
1727 1755
2852 879
2275 1367
1123 274
96 1123
759 2384
454 364
256 1299
67 1976
2729 1202
1449 2966
330 2522
1753 1583
1584 24
1888 2385
1303 899
2956 2274
508 665
2356 941
2171 543
362 924
2262 852
2812 1098
1023 2891
1410 1265
203 258
373 2612
1515 2300
820 2336
2795 431
2537 1795
1223 752
1163 1324
386 1903
1352 2793
2087 835
2063 1650
1139 1800
216 834
901 2902
962 2129
350 339
291 2207
229 1778
1048 306
289 1786
865 1084
76 2778
361 1821
950 2305
794 1906
1966 2087
311 1293
398 1279
2751 2170
1385 1069
120 1391
2107 643
1397 926
2535 2643
32 2453
2002 2623
1099 610
1982 1751
2491 1347
2040 546
1606 1950
1980 366
2248 2410
1093 2788
1678 1430
1420 642
1728 111
1834 2607
2480 828
1402 2166
2890 1122
2627 2440
2476 1161
843 55
1478 1847
2463 2564
1992 1372
735 2979
2924 1480
1366 1235
965 2042
1805 1681
1917 2183
2816 934
928 637
1770 291
2043 225
2907 170
384 1086
2250 1137
1788 672
392 2846
1514 2039
1792 2269
1284 1713
544 1749
127 2640
2271 319
2296 1290
929 371
2714 732
1049 1225
2870 750
1763 2651
1688 59
2293 158
1507 2311
1002 122
2310 747
2419 2553
2543 671
1119 2806
1550 121
1432 1281
572 846
1424 2888
370 1344
2628 2128
2029 248
648 2615
2673 2270
2579 2151
1893 1031
2105 1794
2036 1579
1647 498
223 1530
2977 1315
244 1317
1791 805
1844 673
2590 143
749 827
2807 1222
589 1907
2092 2241
2683 122
284 885
2513 1053
1335 2209
2889 547
848 2730
301 2150
456 2228
157 169
2531 2034
1049 1699
2261 2831
1751 300
1853 861
2859 2647
2065 492
273 1358
1909 987
1111 2854
2616 2302
1903 2551
1476 1523
2048 2042
2915 2273
595 1514
2996 2601
1372 605
650 2438
4 2799
1813 2316
611 2559
2541 215
1359 231
724 2423
911 370
1213 2641
1821 596
394 136
1050 191
897 2122
2121 965
2109 2110
2088 535
1038 1822
1422 2511
2988 2685
1261 1455
1019 2608
1967 1707
2704 2880
1801 2337
92 782
719 2
887 246
2208 2356
877 1497
1450 2109
2283 378
693 2215
2193 428
1130 1664
1369 1999
1441 1860
2779 1476
1917 579
748 340
2951 1399
241 2217
1691 1068
2469 904
1886 2228
2721 2834
2112 1334
2757 2921
860 2236
1995 1956
219 925
2162 2180
1648 279
1124 395
2408 2710
1286 2844
1897 197
578 1959
2348 2476
54 579
1624 2474
409 348
590 886
945 1003
2070 646
598 1695
1538 440
1948 216
1553 2720
1848 1283
134 249
435 1766
1215 1812
2159 2942
2075 2040
2089 299
368 2850
2488 1178
270 2344
2028 1161
2952 2764
2798 822
1430 2273
90 2117
1234 1737
35 1826
2286 721
590 1305
826 2297
2123 1960
324 1475
502 178
1319 1156
240 2772
2895 2437
223 792
567 2834
2086 1594
290 2067
2323 2549
881 1795
1201 1673
620 2606
1686 902
309 479
1309 2917
801 2475
2534 1647
1765 666
377 217
1034 720
2648 2738
933 829
1664 2330
46 1313
1236 2741
2106 288
2269 2000
2239 522
1126 2315
705 2051
2511 713
1380 1135
2034 1118
2015 1334
1377 1833
1577 1668
1590 2357
1043 2615
1552 778
1494 1508
1044 12
1551 2145
2288 365
2157 1087
594 857
254 391
763 331
1299 924
109 2016
819 2409
360 1464
1402 315
76 264
414 1627
261 2832
1581 2410
1341 2338
1404 2746
2575 1016
1234 2573
1610 825
554 1697
900 643
2527 1107
755 2514
276 1653
1644 24
2597 2778
1660 1546
2294 447
2090 2753
2118 1942
1427 424
1133 2279
1361 2879
2359 1255
1875 2655
2412 1484
2709 2449
898 2913
1447 1947
118 2351
524 1670
2121 1449
1192 511
766 905
1946 443
1242 2985
444 2505
2421 423
1035 812
1946 1714
2003 43
1387 1694
2489 1968
1793 711
1418 1705
2719 2424
2557 2995
2508 1987
1251 1001
1418 2621
656 1554
2728 2448
2719 1127
21 1983
2648 93
762 317
842 597
1379 695
2026 11
1707 1925
26 2948
700 101
1141 1248
2639 1881
245 418
506 2366
1701 2160
538 251
697 668
667 1642
934 2496
2499 485
2053 621
868 105
493 1274
458 2022
2686 1121
2353 1348
217 2182
95 798
2617 212
2170 1953
2756 1545
861 962
1462 1562
2132 2797
1598 203
2917 2770
1501 277
1071 2687
235 915
1057 1158
1243 2392
1595 1181
2321 2272
1360 2765
858 2388
106 1615
379 589
145 793
1236 103
1216 2235
1841 1485
177 1609
782 1266
3000 807
690 1359
1797 626
474 1230
2491 276
894 326
463 398
598 454
1785 1434
1409 2347
2456 1662
284 2953
176 32
260 1577
1891 2030
1444 2328
1923 246
2773 1532
768 1440
1486 2399
1521 2726
681 188
1342 2566
1759 2391
2336 902
2126 935
1612 2282
953 1721
957 1603
358 2256
2879 679
1735 2378
1166 1520
2713 1117
1738 1195
372 780
426 175
71 617
585 2823
587 2634
1078 653
548 2987
611 952
1066 714
2266 632
1083 569
1955 1413
2982 1307
2014 2031
1866 879
2651 10
5 67
1389 548
1063 1721
947 2091
174 641
2923 1331
2745 399
2703 1960
1434 2987
662 1160
1232 2994
1290 455
14 615
1540 1213
991 534
1421 969
899 1633
2328 959
1006 2730
1188 1822
2515 1489
1238 1697
957 1250
1479 1810
213 2074
1180 2428
914 1270
2665 1417
2656 1546
2301 434
1733 1498
2695 2282
2774 2585
1325 2783
300 799
1833 2188
2993 341
1494 2736
1513 1378
2629 252
1354 1597
2160 127
506 595
1041 2168
2668 840
848 301
2966 2213
1394 1718
2744 797
2358 654
1747 176
2770 997
2319 600
294 1186
2162 586
2848 723
40 2021
786 1064
1128 1340
1519 147
2913 2724
1862 273
1288 1172
1162 977
1551 188
1392 981
2151 367
609 2862
786 182
2481 173
150 2780
808 1863
289 2083
1452 2854
2370 68
487 937
1042 1271
2618 1371
1188 1776
8 1762
2611 2997
1687 659
2008 651
2938 2100
1226 2487
622 892
743 824
1789 1360
2973 2672
1883 2101
699 2445
2024 429
635 993
1897 133
2470 2876
65 857
1550 1544
967 1350
1174 2571
356 769
1775 762
1313 757
2354 1865
2900 1291
2147 2239
2302 1021
2395 2206
1026 1417
79 1168
1982 135
368 91
1702 2520
2471 2094
2076 1898
2006 1355
2083 900
2363 154
1916 2509
967 674
1070 2402
1064 2205
420 667
1683 2999
2345 1832
1652 895
1318 2085
2927 586
986 64
209 1114
2414 35
2771 1835
790 442
193 48
2264 2057
1421 623
232 2733
439 2317
138 2547
2889 2971
1528 2564
1705 488
2858 1599
1321 1368
2775 79
2045 1830
1000 770
114 2775
964 2918
972 2351
2657 2707
873 1964
2975 2557
1997 1255
684 1295
2110 1983
2379 2052
849 2055
2163 1932
845 765
1400 1784
734 2147
1396 2398
1791 604
992 282
2683 2875
2037 293
2134 399
2840 2113
647 1793
2367 99
2970 2005
2644 1466
1768 1529
2954 1226
530 908
1036 97
2819 206
2964 1540
1488 2586
1604 495
1010 2020
1682 94
2650 22
2727 981
1269 1851
1431 2508
2998 1910
248 325
720 1949
144 1690
1547 619
2133 1568
2453 2690
1470 1497
452 935
1553 174
910 1183
956 2973
1594 652
1667 1214
117 336
478 2230
2953 1117
1139 2910
1688 148
2203 466
1303 351
2379 1661
1900 404
2593 847
236 1628
1557 1286
2091 2990
1804 2673
814 2874
1308 2986
1729 1933
2587 1370
773 2345
2426 1921
2105 1304
1227 2796
2954 1727
834 2798
2297 2035
2303 2582
1670 2897
1854 2066
1667 1215
811 2654
2892 905
2029 2285
20 367
2544 2486
2483 183
2086 2154
1910 181
562 1725
1919 989
2811 1984
2669 440
2286 1755
1482 2367
2363 1830
1975 913
351 2475
766 2649
486 2698
2572 1135
1414 1125
2142 1583
2633 198
295 2750
2175 686
1522 913
2307 2654
369 1312
2371 701
1912 584
2892 1908
1587 1728
1370 312
1100 1891
1331 465
810 2224
2055 2130
2412 1935
1616 2480
2669 998
1374 2008
2281 909
2394 2467
1059 976
954 2226
1522 1970
2339 1080
1502 1392
1024 1735
1254 2693
2965 979
53 1604
2949 778
1612 750
1371 1367
2716 1446
1979 676
2095 2423
1801 652
1020 2362
681 2547
166 1361
2523 627
2578 211
1880 2007
377 1997
2555 1979
1804 1345
1244 1144
121 1572
1412 1165
77 2203
1142 1346
1184 1496
1511 2692
1238 1078
1029 1112
2614 2104
979 2311
725 2073
696 1655
2051 825
1674 1235
2934 736
2886 36
765 1742
889 268
1627 1610
2741 761
6 1168
2468 1806
706 2235
1711 406
2103 1544
1734 2708
1609 1437
1519 318
186 372
2285 2209
2522 2606
1000 1714
926 1963
600 1189
2283 2643
2958 1364
61 2853
2469 2813
2828 1285
2483 461
2866 514
2265 971
1011 1116
2863 1136
1657 2329
1302 1853
2835 1955
749 854
1747 272
2144 870
827 434
87 2058
785 472
509 41
1289 1506
2647 2045
2375 2887
2791 719
1820 348
2259 73
1478 2156
577 2139
2401 438
567 1133
2718 2692
2938 2413
2232 1447
1882 320
1383 2898
2309 1350
928 1650
2961 840
970 2372
2102 1120
813 761
406 838
2538 1760
43 474
421 565
2018 2352
1353 117
2694 104
2079 413
1278 1337
171 2169
1446 1251
2366 2594
2260 2902
6 1656
2944 1333
2295 2607
2400 2194
2897 914
2229 1079
2215 980
265 468
2832 701
1597 811
2352 2510
1749 2704
1570 1414
1455 1176
1471 797
1573 34
2815 509
18 1675
2563 2206
1562 1027
1092 623
88 1425
1419 1572
2855 1643
1732 1769
1094 2101
1531 2600
516 842
836 410
2139 836
1097 2605
2520 607
1532 386
1467 2343
2561 1019
232 489
816 354
1151 603
423 977
1149 856
77 1515
2043 163
2270 2346
673 1645
2850 1400
1926 2766
2505 1695
1246 211
1177 1621
2407 2792
30 1813
1183 1724
1470 2660
1463 369
2800 513
54 1957
1054 15
754 2843
1091 314
342 2793
1889 1140
895 1293
1175 932
2376 1469
1382 2290
1137 741
708 1130
51 205
2112 83
2863 1242
1091 2044
2864 1933
1895 2789
1626 2084
343 887
2032 654
125 1542
1909 2894
206 2545
1012 2167
1473 483
2191 2037
2381 1992
476 1981
2893 1854
1711 1773
11 1564
2254 469
388 158
1156 1726
639 1437
1616 2524
605 1937
1505 2382
1764 41
2639 259
134 1994
1928 2280
1214 293
2080 1070
555 2905
2631 1141
597 2738
1958 2194
1069 1024
356 352
1924 469
1824 186
2754 2118
2740 847
764 1072
438 303
523 18
1089 138
1032 1798
745 2192
296 2433
1533 2153
1015 28
915 2906
1623 2904
1539 250
696 2757
1521 970
1 1121
1607 517
614 1080
2931 1348
1584 1107
1898 2521
2059 735
1374 1176
898 38
756 1507
226 2095
1291 1267
556 573
466 338
2440 298
87 1614
1081 1479
376 1942
550 576
2949 2709
1617 72
2484 1483
634 148
2187 2825
2016 389
2907 259
1093 1592
252 1601
2548 2144
66 1637
2688 1262
171 2271
2182 1857
702 1593
572 593
1642 1692
2324 2002
2764 714
124 2392
2568 2821
2849 1444
1090 639
1109 557
96 677
2671 2530
2763 1218
1454 2299
996 1709
2559 2127
98 4
2006 1124
2260 998
2670 2240
1063 2888
167 1003
2538 1316
1631 2030
449 1847
2725 396
1770 620
2986 997
2982 2494
2 1047
1999 1985
1648 1033
1043 1931
1866 1991
1115 1164
2122 936
379 2395
656 2847
1798 1756
2947 391
238 382
1197 328
2937 2458
1315 380
1573 2707
767 335
2199 1581
2084 866
612 1586
1962 940
2052 2763
2380 2489
268 123
212 16
34 242
322 471
2550 2722
675 911
185 1327
2218 2814
562 2932
342 2965
1477 2766
1103 2125
501 2181
802 1435
663 1756
1931 326
2156 1772
378 1665
2514 2079
2940 215
1412 716
