3000 2560 1
2409 2089
1360 1709
120 1109
2676 1954
293 1656
604 2716
2639 121
1780 2665
1213 1067
733 2073
1101 714
805 546
2102 869
2062 416
2288 414
2192 389
2325 2124
1625 2483
2392 1056
1457 439
403 2
2305 444
2942 1648
2462 1443
1426 1331
1372 2305
1615 220
154 368
844 2413
2595 1654
1713 896
1502 1074
2290 2253
55 2348
662 1409
340 968
1777 1085
2568 2025
2515 1202
1655 2727
1900 2629
7 101
895 1932
198 1645
1270 335
1000 2008
585 560
2484 2299
2641 2278
1033 2764
1913 667
836 2021
2995 876
226 2200
2244 2487
177 1838
2887 1604
1661 1991
2091 2438
2220 1236
857 1060
1883 2499
1972 541
2656 629
938 2469
1958 246
608 2452
1332 956
1579 1711
291 1321
2105 1249
2417 325
215 610
1357 2147
1991 2868
1186 474
260 644
1208 545
1206 2468
1083 2370
266 2117
377 2783
1286 403
564 894
1741 2879
2097 1494
1985 1626
2250 1065
1968 2484
2883 1022
1234 2141
505 1201
1259 428
1040 1771
155 282
1880 476
2069 2480
1703 77
464 3
781 2784
2340 2932
2410 1117
174 2179
1599 754
537 1765
722 675
779 235
1221 2293
894 1571
1576 1541
2228 856
1846 2967
1301 1244
2388 1695
538 2996
2737 2497
262 2876
1326 2493
975 257
2286 2289
1810 2895
1733 2089
70 2725
1370 145
2625 2139
1732 2749
2675 1014
1038 252
2153 130
962 654
2853 1187
1315 2380
1820 692
1738 961
399 2378
2671 485
439 303
700 759
557 522
2986 1250
2792 1101
2591 2472
1066 577
1598 1457
1347 91
2439 2744
551 2421
2876 1318
1445 1976
53 2153
931 2913
919 1944
1969 2648
2622 848
2146 515
2521 1137
498 2997
630 2411
704 1603
1630 1277
2843 1358
1175 985
2864 1340
187 1377
1440 2599
2253 1246
1721 497
2765 2233
183 2994
2216 529
2240 820
119 2698
523 1967
635 508
2936 996
1171 2737
2732 905
40 2448
1505 1126
2902 657
637 1631
561 2743
1681 972
124 765
110 27
2471 2410
2734 423
512 821
2074 1553
2176 1399
1562 1708
1239 2313
1894 434
1018 1609
2943 2257
2266 586
1590 1076
875 1383
2973 1441
1246 1354
1574 2855
1685 2864
2084 1110
987 2560
2527 2288
2077 1755
1312 410
605 2714
82 1463
185 1577
1292 2207
2719 1080
1603 1372
1209 1465
807 1099
1548 2125
2827 1082
2044 952
66 1966
288 1215
2955 1555
1299 2461
3 555
2707 1769
1642 2009
2337 2049
2896 230
2646 1424
1200 999
2794 73
1742 1170
1727 2991
1214 784
2219 1947
1466 1125
2562 780
2486 1025
1927 1113
572 2851
397 836
673 1535
804 337
28 382
729 2773
2756 572
2880 1268
2374 311
2584 191
346 200
1660 1184
2119 1789
1044 2771
1127 1278
2921 2078
176 1272
764 1396
2087 1218
2690 1831
2284 1411
1531 140
1443 2112
2299 2274
529 1035
802 2860
1690 2304
117 1917
1812 2482
2010 725
2667 851
2376 131
521 2246
1768 2060
2063 2877
156 1892
116 1632
546 970
2516 1975
1752 1360
929 2772
541 1001
1875 1547
2967 449
2813 2596
2480 633
484 2566
1251 2844
970 2602
1620 1551
554 2588
282 2106
1724 2577
2348 231
475 568
352 1496
1736 352
1223 1173
1924 227
2958 72
353 2339
1053 2258
2835 2952
2966 37
1765 1429
1970 1298
1898 1797
2782 1281
1201 808
898 1675
619 2640
137 2065
76 2101
2301 1922
897 8
1137 2656
615 1241
670 1539
303 2517
1298 1183
1796 115
2790 2763
749 152
1683 2624
2826 2956
545 1588
2342 1868
1933 863
2892 2753
1100 1225
1525 1806
1771 2794
1260 1528
2108 1537
2483 2400
298 1901
2198 1984
2753 1808
832 1881
979 1075
1304 1970
1244 898
2300 289
1282 2379
2092 2443
2844 2668
884 2001
230 1162
971 20
113 339
760 1488
1641 2189
2237 179
237 2017
1526 65
1050 2975
1773 395
384 2754
424 1058
112 1865
58 2072
342 635
2760 425
913 1192
1432 2069
1756 2089
2716 158
2696 2345
1390 673
806 1730
2194 1821
361 1819
694 1071
824 580
1876 102
1847 2196
94 488
1135 182
800 2760
2115 2099
249 1557
1353 623
365 2826
1789 639
560 651
1147 1750
2181 1442
179 2585
1887 2906
2978 1151
1890 967
2053 2944
2103 2959
653 1766
413 133
1982 2109
1903 76
393 1169
2948 2623
1709 1713
2781 1715
773 2344
336 803
1069 1595
130 625
1500 2071
2941 2965
2889 2228
1058 1610
1998 2458
2172 857
2125 1889
67 2582
1430 1458
2572 1891
2501 2660
1667 801
798 2161
1278 2005
2332 1801
1914 1044
2904 1703
726 1878
415 2067
2626 1854
1287 2491
2051 1293
908 174
2317 118
2464 2627
241 787
1723 728
1786 2218
2409 2618
2773 745
2324 377
2583 1911
1867 987
2868 814
1653 224
2504 486
2797 34
2365 885
1994 1540
490 2495
963 1038
1405 2792
284 2607
136 1762
1508 2894
1398 2873
2001 2355
1074 791
1779 1900
1554 160
2770 1344
1163 2466
1068 492
2229 2143
2339 693
2133 2869
2909 2314
1007 1484
835 1919
1291 2435
2050 336
277 2384
1863 2503
549 1779
1311 48
1542 259
763 1289
1987 976
466 1130
1527 1671
2530 381
1149 1581
1080 2074
1544 2937
1237 2755
2207 609
1961 1529
1481 456
323 1701
2239 1517
1401 2405
2930 83
2341 922
2665 2841
1242 2667
1229 2819
2888 594
568 2827
37 627
1639 1299
84 531
2557 1655
1427 129
2149 1799
520 1077
1486 642
2398 100
1224 2692
1794 2350
348 1960
2804 2770
1811 2428
2485 2797
1538 590
594 1647
238 875
1252 2696
1496 1813
972 1560
2548 2266
1266 1961
2164 582
1637 2326
955 97
1715 2645
1930 928
1949 2905
1435 1677
904 1753
463 695
385 897
1414 2248
295 2363
2673 2874
2636 1029
659 2154
270 1030
676 1743
1439 1646
2247 2574
2314 1264
626 1200
2674 730
433 422
2363 1304
791 1957
2137 2081
1696 1266
1088 741
1024 738
1891 2730
2759 749
1142 1127
599 2917
2569 408
1318 55
2965 173
22 2846
2799 599
2579 991
991 494
2472 1373
2911 171
632 2678
2190 729
2525 886
358 2988
141 2812
1896 2211
1909 1674
1404 1684
1808 2445
1662 685
921 694
1403 2579
1557 2768
2713 2209
248 2199
2570 2555
1918 318
827 60
1734 2973
2294 867
2258 2115
1580 1031
2621 1057
2168 659
577 1593
316 593
1604 1345
643 1105
2861 1186
2500 276
2465 2158
2628 1643
986 1427
2559 735
2200 904
1343 1219
522 459
2257 396
481 1068
1361 1280
2503 1108
2678 2133
865 201
571 1408
992 1401
1941 1039
1441 1516
2335 305
1509 125
590 2092
1788 2134
1775 2254
2185 601
2701 570
92 2912
1519 1252
191 2138
2623 1348
1324 482
381 1914
434 1119
1076 1845
885 500
308 2479
1273 2908
2754 2639
1560 2809
102 483
2830 722
1572 277
978 2449
2787 2084
1679 1521
402 71
1205 2163
1193 2361
790 1802
2875 1324
479 1447
910 21
787 357
883 1580
1967 1365
2588 1026
1521 538
367 1929
2156 2367
820 1284
1337 2549
1841 2515
225 569
2947 2185
1989 1426
93 2054
477 1894
1935 1859
1472 2983
1378 279
1387 1682
1976 643
693 631
2086 816
1191 308
2994 2039
1816 543
2030 1327
2174 1586
1374 1448
2432 1258
2128 872
2977 1470
1139 1740
706 1028
2396 957
1740 432
2729 2652
1551 2816
2320 919
1507 2531
2321 2892
427 1568
2016 1584
1284 1601
2047 551
2668 2324
2303 2694
493 921
362 1456
1652 1505
2963 2958
2370 1311
2886 826
759 402
2715 2805
506 2740
488 669
470 975
1609 2083
1700 770
1718 1445
1402 628
1600 2721
1421 347
305 116
1008 1182
264 1357
771 824
1671 2338
776 1323
634 1388
2802 1193
1220 2911
1964 2943
2013 1615
2397 1392
1096 941
1373 1587
1065 2137
1845 1670
1112 2802
220 1718
1739 881
196 462
933 1617
728 1341
1020 223
1940 2638
1274 1008
891 1519
2014 430
996 914
650 1759
326 2990
1921 2901
2479 2739
157 1751
2254 1728
1757 1998
569 2767
200 1171
448 365
941 1790
2687 1538
1950 1583
532 2922
1594 1482
161 717
848 1931
1795 1491
1798 2415
2100 2437
329 2610
1375 1887
1592 56
2346 1002
869 584
1581 2562
244 715
1783 788
2096 1061
1805 2835
1490 464
2006 1841
1704 1814
263 1502
777 324
2594 556
2347 2035
2545 1144
2378 1309
1885 2169
861 549
2983 2308
1167 2896
1046 1679
1664 2757
2575 2486
838 1221
125 1885
1218 1176
607 971
822 1720
311 1760
2620 2583
2893 1046
588 1572
1302 2822
2537 1849
922 2346
916 2595
876 1639
622 1335
1418 2836
810 2276
952 1876
2188 2507
153 1191
259 1374
1857 2907
88 2187
2255 2735
657 2609
2154 2463
1272 677
2158 611
2497 2852
2113 406
1124 176
1659 1100
2798 884
1623 1974
2022 120
2980 170
2379 2433
1344 2165
2287 718
1265 2182
271 647
1611 799
1085 2062
550 248
793 2511
1408 2512
2694 510
425 2212
2684 1827
2723 2799
1694 1564
1869 764
2688 1312
932 1070
698 159
486 1628
167 2249
473 15
1352 1333
378 54
1510 585
280 1611
2189 1167
1271 85
2793 1407
327 1307
923 763
1444 2031
2262 1638
1537 1607
645 810
1335 2337
2839 1559
2993 2273
268 1308
2945 1370
1383 2793
1498 1823
658 2916
2832 1562
815 891
1227 1805
2730 984
503 2100
2002 407
1524 1175
2005 2671
2310 664
144 155
686 1915
2203 2030
1102 320
940 198
1824 2897
2633 1112
1126 1034
354 766
2923 1948
77 2223
2650 1972
324 1573
1358 1930
2740 1716
2502 2657
1954 2498
1110 2866
1587 1179
2916 1412
559 2603
576 12
1665 1969
1431 1114
1854 2738
1464 871
1638 2097
2411 1302
1712 1431
1778 1240
742 1190
847 256
472 2194
860 2939
1586 2504
1057 751
458 2630
730 292
640 1093
1925 512
438 1158
2677 2769
2055 1295
2275 144
584 2787
2944 946
642 2533
2037 1369
2416 2333
1992 1492
2458 1530
2757 1490
1366 888
2731 2875
129 2884
2437 1405
2130 2401
1974 877
2862 481
1070 1379
20 1722
2918 2561
432 2260
1656 2728
2727 2701
2333 2242
202 1995
1204 860
515 2050
370 2151
1877 2312
445 2718
1917 2430
2223 2295
175 1937
1123 2545
286 58
1108 2683
2546 2542
1463 2280
2381 2546
1182 1021
2655 88
1222 2795
612 2041
2039 2381
2554 1313
964 1507
735 697
1912 1651
1210 815
2717 2277
2964 1945
1303 2456
1559 313
1897 1853
1133 1361
2661 934
2851 2923
462 463
1362 424
1865 1367
50 1475
1827 1527
867 2513
109 1749
531 2563
495 1886
1563 1004
1881 2705
1957 386
1098 1686
702 2790
1849 776
2059 2221
2970 2219
2647 1721
1632 2382
2060 2477
1005 477
1160 2198
401 794
1400 913
849 716
2642 2843
582 14
2808 2572
1856 1196
1226 1462
2523 2688
422 1271
2618 2261
792 796
1217 2731
122 188
2544 2431
1901 1155
1755 2539
2138 800
2968 1509
2323 44
140 1704
788 2928
302 2230
63 844
968 33
1512 330
1766 910
1207 1485
2358 701
1059 534
33 40
2435 1498
2897 2122
1528 1430
1774 378
685 1817
2900 576
1168 1106
258 564
1062 1320
1610 1531
2372 167
2409 1314
418 53
2748 1073
2409 1864
988 1386
1673 2247
1759 855
2448 916
907 1890
1986 883
2213 9
2672 974
1751 2222
2453 958
2848 1566
494 1122
2809 646
2922 2096
1570 1337
2436 2371
364 1680
2322 254
2145 2556
2615 22
833 2785
2492 1148
1614 283
2493 1928
2856 1136
1558 1040
2895 2470
1437 1305
1698 193
2400 286
1675 936
2784 835
1454 165
1616 2853
2355 1121
720 1962
1320 1770
442 563
2898 1460
973 792
2988 2674
1119 1744
2517 2636
2111 2389
648 340
2395 964
2349 1734
727 978
368 742
1241 2000
307 1037
2009 2310
347 2966
2736 2155
2232 2523
1657 2589
5 2711
2273 2489
2683 2521
114 1286
1821 2501
2081 2104
1650 2719
1095 2386
2360 988
2691 1116
2908 753
1103 2287
2251 1287
1737 2366
1491 819
2981 2328
152 50
2169 779
2863 1933
621 2095
2126 1618
2445 2229
2222 348
2405 2206
165 2581
2357 310
859 1489
2533 1526
816 2492
2693 982
485 234
1647 506
2495 703
1953 495
2513 2929
2910 2270
2925 2963
2109 1229
224 1210
49 2036
593 2948
2046 865
2056 566
1395 645
799 397
47 270
359 2509
64 998
2890 2047
2045 812
180 2168
1105 2850
1247 656
712 505
2446 1007
1451 1867
2801 535
1566 2815
2459 1742
2019 1681
899 1563
318 711
1305 1741
625 861
1187 1247
2991 704
1099 1378
1911 2454
2452 2436
641 1259
292 955
396 1761
2457 605
2451 26
697 2687
1478 1652
1577 621
1684 1188
1470 109
1442 385
32 367
1843 1523
1327 893
668 241
2841 2290
14 487
868 1794
2878 649
148 2881
2094 2042
2197 2055
1595 873
1092 2440
2857 2832
2786 284
2166 134
2394 666
723 11
1711 809
1455 2166
958 1479
942 2126
1025 2059
254 1585
170 2365
893 2977
1606 2156
2402 2568
761 1524
2116 887
2852 2294
1006 2801
1479 79
562 2494
2293 291
1342 1942
2987 1882
2319 2033
2879 1690
2658 674
1349 1104
688 1059
1345 258
1760 2343
1607 388
1111 2094
982 834
1264 1642
1823 1732
2249 376
111 2398
290 420
2070 1833
1190 2848
2905 1081
2855 2857
2079 1746
2277 1938
2498 2942
528 1820
1753 2414
2371 349
2749 1594
9 790
134 207
41 240
1955 185
100 2204
2463 2625
2738 513
338 1903
1682 1923
1535 1421
1749 154
1908 1874
1746 2703
794 197
173 1072
2849 1545
2850 4
85 2003
11 1934
695 2128
2885 2376
1125 238
2067 992
767 64
24 2256
1997 1622
2610 1676
801 979
1892 436
575 652
663 1738
2785 266
1919 290
1948 2053
2949 2715
1113 1449
1646 2505
725 1792
586 1376
1021 1275
197 2522
1393 2781
97 419
278 2573
213 1292
300 338
1686 658
1293 931
2735 1662
1493 2909
243 2936
935 2717
54 2552
638 2105
2066 1983
732 1661
2842 842
172 38
2744 2026
483 2322
2874 989
1283 1659
2585 1207
1148 2946
774 1260
556 2441
1236 2759
1081 194
1668 250
2763 1625
1806 1990
162 450
2520 2598
1381 2666
1077 1857
2040 251
83 178
1643 637
1564 204
2531 2941
1552 96
1384 81
2252 708
1258 2417
1032 1139
1029 1752
2506 2538
17 111
1830 2628
127 1107
1533 1921
449 1133
1328 1006
756 2392
2124 2526
1158 1220
1629 2537
953 2953
2114 613
711 163
2741 838
201 1723
1146 959
2434 2302
1480 2995
1215 489
796 641
193 1336
2649 2227
1506 1570
1866 1667
2065 2375
2836 2955
580 1185
2929 1262
629 1087
1289 108
1406 1049
482 1907
2390 912
1645 1664
1922 1471
1310 1989
38 523
911 1672
1573 588
2685 1830
1285 1005
613 2048
2180 1134
1716 329
299 1843
2461 632
841 2649
2510 2208
2951 1129
507 911
1624 2002
1109 1852
948 2655
782 499
2629 153
2912 1591
1114 1239
2571 606
1770 1544
1799 2402
246 475
1003 1844
1071 2237
581 1382
115 1968
2772 2423
2073 39
1728 1141
1873 2889
2025 686
2226 2682
517 323
646 2404
423 293
2587 604
339 1410
2946 315
846 1510
917 384
513 1397
2573 1657
2640 1138
2231 2186
1488 1650
2711 1692
1091 2142
1313 189
1475 1425
1354 2114
497 2592
1198 2272
766 2251
1073 1898
2440 1964
158 2311
543 2184
2733 1653
1329 351
2245 1353
2847 1403
2129 2804
406 2167
1934 1142
1602 962
2481 519
956 1706
708 2829
1710 411
128 2641
2762 638
1075 2269
2811 1888
949 446
366 473
2596 2643
2283 2713
977 433
1874 470
555 2672
1962 2706
2721 1066
1309 1641
1555 1745
1141 573
168 1778
1129 211
2117 2119
961 648
871 2325
1680 1000
321 135
1517 2910
2638 2215
1879 939
960 1606
601 445
2614 1265
754 707
2845 2236
476 353
2026 1500
1153 2283
1699 2040
51 1078
1052 327
61 2016
332 2354
2165 2490
1452 1395
1043 2045
2869 2319
1920 295
2494 2390
2311 1598
925 341
2147 2883
2644 2854
2233 2925
2139 2271
2356 1949
1928 923
71 29
2780 1685
1945 1717
1743 2394
887 1177
2682 1149
789 1793
160 1729
1371 700
1617 415
108 334
2490 1700
454 732
2215 1926
2442 122
1138 2898
1597 619
2209 2510
1915 213
2969 2446
1173 1912
2931 2849
435 1800
1072 2899
655 1895
703 2068
1420 1569
2296 1536
1674 2396
1622 1285
2607 854
1382 1055
1037 1807
410 2554
1035 583
1386 565
1162 1812
52 2064
2746 607
1004 2091
995 401
817 734
1169 1578
1889 2981
1262 265
279 2191
2695 466
2032 2520
739 1486
912 1446
2823 2620
395 983
1747 1450
819 84
579 676
734 2111
2566 2226
2122 412
2567 532
2312 2707
724 1263
2939 517
2635 228
813 2063
1330 468
205 1300
145 1483
1802 1828
808 2110
548 1856
2085 2349
1785 1608
951 2691
2382 2838
297 280
671 2536
1308 920
2386 210
1631 2528
81 752
945 1869
1714 571
2076 2329
2428 2954
283 360
1762 1206
1826 2173
1348 2891
2271 438
2722 2144
1316 429
2828 2970
91 1660
133 148
656 1390
2327 1042
753 1326
2576 1649
2702 2613
255 1474
72 2264
1804 587
2680 706
606 268
1039 1444
1800 1398
1596 2859
2234 1897
1568 2502
1981 2726
1134 1084
207 973
596 1097
544 574
2175 520
624 2262
231 2733
2304 1053
2679 13
1459 1168
2035 2557
1087 1941
1155 2514
250 242
383 2160
2915 1270
578 413
1094 2559
2891 698
983 1023
2042 2960
126 2870
681 1542
2514 1767
1340 554
499 2931
349 1612
976 164
34 1194
1446 980
1628 2342
853 1870
8 947
769 2569
1575 1301
1585 1596
2430 990
939 1574
2766 1248
242 350
474 2957
210 862
609 2353
563 2459
451 1454
178 455
2906 1123
892 1282
664 2845
1729 1950
2095 196
2217 903
2881 724
2767 321
1878 314
1975 479
2199 447
707 2102
2870 1702
330 1727
2106 2516
1462 2840
2582 2108
1277 1982
75 1111
1300 1896
2361 575
1136 548
2657 2817
2616 1908
2600 1013
2598 948
2899 177
387 2882
651 670
2810 1872
2454 32
936 1786
2186 2214
1116 2360
2383 2968
2551 226
1219 2597
256 1694
1346 1877
1605 507
374 1020
1385 1406
851 2584
828 404
1895 2216
2093 818
1973 2307
391 2611
2227 929
274 2947
1409 2862
768 484
1107 372
2775 2810
2894 653
1678 1217
313 1455
1093 1394
2230 833
718 2471
1447 1697
2648 1091
947 1909
850 275
1540 2600
149 940
2071 18
2173 2811
398 2680
2592 2427
784 326
320 128
1261 1924
628 2327
1177 269
928 307
2555 739
335 1550
142 864
647 1668
2261 417
1267 850
1859 2986
2581 2358
164 2888
223 2821
1196 661
715 1416
1817 1267
1379 1083
2768 1356
265 2252
1429 192
1333 682
1249 1803
930 387
2505 187
1666 502
2611 2188
1411 1985
1813 358
1882 2535
1852 608
2681 1810
1706 817
2104 2693
1831 2232
1626 953
1122 1613
42 5
304 2388
2028 1420
325 380
1436 1673
2937 2023
2313 2341
2996 1103
927 2830
390 963
2078 1147
373 2702
2771 1234
1394 218
2204 383
1465 2998
2112 772
2011 2530
2196 2044
1250 1387
2469 1958
1022 949
478 1764
319 1811
1536 2796
2903 2551
1801 2061
1281 798
1097 2234
356 264
2274 1994
2491 1027
757 2362
444 89
240 52
2075 1796
1045 398
489 1032
1583 768
257 1205
2556 1925
281 1757
1104 760
667 626
222 1432
2302 2190
96 1213
2415 1283
2645 1992
2613 157
980 1666
2509 361
2187 2442
2353 2695
2791 119
1791 2473
409 1756
407 2014
1117 271
946 2839
1838 1736
1323 2634
530 2878
896 2576
516 736
2634 2496
1245 1809
1966 907
880 127
2008 168
1814 1393
2404 1665
1722 2439
620 2823
2080 2197
1392 767
699 620
1422 562
1648 930
2834 1600
48 1987
2789 2951
1618 662
558 2808
999 2024
2177 2178
2724 612
420 2847
487 1719
1471 359
751 2485
583 858
2384 504
501 304
2953 114
2017 951
468 1131
65 2789
2543 465
1494 2457
1410 2052
386 205
2475 1726
1121 827
379 267
216 1935
2043 2654
2985 2856
2256 900
2698 552
2072 1045
2344 2828
1174 43
1185 1349
736 2918
1367 2791
2982 1795
631 771
203 1464
1833 2971
101 2621
1550 113
1314 17
2373 2150
2917 137
388 1940
1983 75
1702 2842
1425 2775
2041 1825
1529 1493
350 1436
1060 2798
1999 530
2960 346
1263 490
2236 2679
888 895
738 1404
877 245
2000 2544
2343 1024
2235 2675
1726 2087
1026 2650
862 2980
552 2813
574 2601
1042 247
1477 2921
570 1787
2003 899
315 1400
2865 1135
755 1997
2455 94
1689 393
459 1860
803 542
2401 237
2224 802
1613 2235
2714 2914
633 161
1268 63
1995 1616
408 1620
12 2673
2151 117
1482 1481
786 1696
1907 650
905 82
795 2985
957 1242
78 927
675 2834
2706 2606
2178 2964
926 260
412 2633
1884 1959
1844 723
825 66
2021 2969
2143 355
527 1953
1240 2999
217 1160
2563 2352
1485 2903
2637 755
1717 2481
471 1363
2477 1050
2712 1737
1601 781
1539 2224
2817 1804
863 655
2206 1012
181 2416
143 1198
2956 460
1180 1698
2380 409
15 945
2345 696
2367 1777
2539 2372
2433 544
2913 496
839 2162
333 151
748 789
1939 663
2191 2183
39 1222
2971 1473
456 1986
2473 93
1672 2070
524 2395
1407 274
2992 847
228 95
2599 2982
821 61
2270 1691
428 2915
1931 1251
310 557
2407 312
314 2987
1888 578
1872 391
234 1480
2413 726
2496 2684
2764 902
1391 746
1028 2938
2183 156
2819 1834
1797 379
2601 442
1990 702
1929 1644
2952 302
1530 2462
2796 2028
2705 2622
998 2467
227 1824
984 501
717 2300
2308 1334
2399 829
1855 2332
2212 471
1012 917
535 2279
2507 1913
135 527
692 853
491 1999
2031 1946
2167 454
1336 1689
2148 581
1034 1863
139 2586
2330 1310
1960 986
1225 2149
2023 559
811 319
2161 2397
1023 1846
1194 2765
2957 2079
765 1459
654 1195
1397 1835
2214 356
2840 1798
639 2902
1049 1472
2292 906
856 640
1027 938
1569 2245
2526 7
1399 1829
2532 516
1334 1062
2385 528
182 2321
1176 448
43 2220
2221 2129
2597 1884
1031 1630
1977 1515
1701 232
1248 2323
500 2434
775 762
2755 2887
2542 2677
1396 1477
2866 1332
834 2863
770 2930
261 1315
429 1871
1015 2885
1834 2239
1364 1939
1317 1955
1853 1342
275 1330
2375 2447
1359 1861
2179 2820
920 1533
1280 2301
1473 106
2726 727
132 591
2829 1437
2260 1159
2264 451
151 1873
878 1434
389 1152
2743 1773
2160 2646
146 2203
334 67
2389 805
644 2806
27 1918
2278 1548
2134 2116
812 878
2699 1576
829 2685
809 2617
341 2642
772 1209
2854 598
1677 933
2211 2762
1170 1669
1649 2612
2653 1161
1996 1621
542 874
674 225
1341 222
1651 2335
682 536
60 2175
1571 1362
1172 1558
2068 2455
376 1699
189 2663
245 2424
131 1435
372 1417
831 1204
2877 2453
2487 786
2482 1788
2329 1180
1923 2180
1644 2893
1067 296
1829 136
2054 811
1670 2164
741 309
2822 1347
1474 2393
2512 1415
1523 49
211 141
2064 1973
2099 2019
2805 491
1288 503
1541 2992
2170 2837
89 300
2449 472
2692 831
2914 1783
2414 1096
1937 1602
1790 317
1118 1453
762 1847
840 1003
914 925
2326 1153
1363 2724
163 2658
2663 467
357 1733
2975 2567
2012 1079
1932 1714
351 2475
814 2077
2306 2543
460 1683
2354 1088
1803 1098
1377 1297
2033 1095
1744 181
1584 2056
553 332
1893 249
2328 236
411 298
355 1224
965 162
2959 774
25 1712
2812 1235
1084 2506
2703 2034
974 1826
687 2213
714 2174
218 203
253 2107
661 2919
2478 51
1621 126
2195 533
186 2500
2466 1069
1938 86
1376 822
997 2720
1183 25
159 769
2660 1328
1061 281
745 2699
2606 1102
4 2594
967 2464
2602 2748
1860 362
2393 733
2612 1124
1553 1883
2882 458
1152 997
2604 1237
2806 2022
1483 785
2276 942
1825 149
2901 2043
1002 2231
1547 2676
2242 2051
2421 828
1868 354
2728 2037
204 1174
1369 2614
1965 2098
2289 773
2704 2374
21 6
2654 720
166 364
2144 41
118 1172
1078 2604
467 199
2024 2451
2101 2690
1388 2018
1588 2113
1578 806
1467 1592
2536 2865
1202 1223
247 839
2999 1414
780 2202
1761 1245
1943 316
496 744
1926 2240
2157 977
886 2940
990 926
2990 2399
2838 846
2202 681
2489 634
2627 521
2538 1452
1014 2373
235 255
13 868
623 288
1001 1359
414 418
1516 333
1608 1724
611 1329
192 1261
276 2644
2837 1118
746 2195
447 301
2666 1640
1144 1875
492 960
2052 1599
1861 2176
1809 1590
874 2993
649 2085
1056 1364
1297 1614
854 2732
2586 373
842 2723
2718 2275
1356 761
1640 1467
1870 2013
1106 1317
2769 1466
26 1346
1238 243
1365 2661
1764 553
747 1920
783 775
1179 1678
1192 2303
1453 183
1532 1291
669 498
2427 2066
2933 1092
2423 1316
56 2086
1151 1710
2499 2548
2907 1391
2 1774
296 2478
1424 1269
598 1511
1864 550
872 374
508 1780
1944 2746
591 1343
2522 2861
430 2653
864 139
2561 1508
2940 2192
1412 1943
1593 2093
2107 596
2447 1880
2725 2647
2859 143
2816 668
2574 2006
2468 1254
121 795
1159 1276
1745 2244
2366 579
2511 2924
194 1532
1654 1785
906 1624
380 2900
2884 2575
1456 687
2424 47
1130 2306
2141 24
1448 2177
1807 558
2652 995
610 1629
2552 166
2248 1747
2362 1227
1013 78
2609 592
1695 261
2350 671
1942 2157
188 783
1079 2712
881 1273
1792 180
1082 840
2938 215
2279 932
2456 2886
1959 2172
2110 2347
44 2741
618 537
1415 849
1055 757
450 1402
1492 399
1946 969
744 370
2208 2357
1254 1146
534 1371
301 2076
2815 2532
2997 1226
337 124
2624 561
106 2340
565 2527
2182 2615
2535 1418
267 1866
1708 1366
2018 2722
1772 624
446 2880
1515 1094
1235 615
1612 1775
2560 42
269 2591
2272 2046
1434 2238
2295 618
455 1768
2860 1579
2268 2904
969 263
1828 935
900 1238
985 2637
2338 2268
252 747
69 1451
2603 2181
1545 2978
171 1303
504 2659
2932 2587
465 1977
1489 825
2670 70
1 435
1511 2766
1484 2286
696 1288
2218 908
652 2145
1767 1772
1720 2432
86 2146
2441 841
1793 804
989 1214
2643 712
104 2750
959 2075
1417 2570
903 2296
2549 2782
1676 104
1161 2255
2820 859
68 2786
510 427
199 1816
2142 1352
1697 1981
2034 2217
360 1893
2919 1575
533 2704
79 2756
1947 777
2873 2320
312 1637
1276 1422
1184 1043
1871 1879
1669 1163
2954 1525
752 1739
2821 2170
73 630
1307 28
404 1512
2467 813
1984 2465
934 756
95 142
1591 297
1321 366
219 1927
436 2012
2470 342
18 1233
309 892
2162 1552
2163 622
502 2284
16 2317
236 2734
382 1385
855 2089
1030 2949
1450 146
2269 2571
2846 2011
1458 132
2924 2780
858 493
2739 832
2352 880
1416 699
2998 2736
2184 1384
873 1554
1460 2383
1835 110
416 2407
251 299
2659 2890
2307 2080
573 1018
566 2292
536 1440
2617 2130
2928 1623
818 278
1886 1375
2150 1478
2438 92
666 2010
826 16
1331 1015
6 1791
2259 253
419 217
1131 1274
1787 2385
417 244
1195 1996
289 1
2720 1965
2750 1506
2783 202
1233 2525
1692 1439
1449 2729
1691 68
29 1855
1295 807
2431 172
902 112
627 175
2238 2259
2049 2670
785 524
1275 186
2083 2635
2098 793
2541 2103
317 782
592 1033
2155 1605
2630 2148
716 2616
2061 1208
701 478
2577 2250
677 390
2528 2541
2443 2933
1819 216
587 1052
1730 219
2246 1381
1719 748
2795 2945
519 1597
2589 2681
2280 2626
1269 262
232 688
2779 69
1750 2356
1769 2032
2048 2779
2036 965
1188 2330
