3000 10000 0
526 363
2329 1385
2225 1292
304 2610
800 1037
2475 1437
1959 1936
2962 2644
1984 1936
1021 4
2317 2500
1550 2217
1658 1866
2479 1838
632 1200
2178 434
920 2056
570 249
1368 2521
1754 1161
599 1525
1957 1378
1486 15
687 36
1185 1920
1032 1323
491 1726
2383 263
2198 604
241 263
2284 2317
703 2984
669 1438
74 2813
1385 2585
1451 2675
724 1243
2631 297
1200 1370
460 855
2052 2024
800 1110
1562 1338
930 1833
948 999
1231 1596
2076 398
1816 2641
1917 2288
1823 134
580 2724
1860 1880
2907 1612
988 2646
2944 1802
239 2978
1583 51
1766 622
757 1274
1744 2710
1936 1618
1879 145
2912 217
69 1453
379 2150
2313 2581
776 2138
692 1608
1905 1744
1448 1719
2532 1366
701 1457
346 1103
2534 384
2399 1195
2065 1197
864 2866
1571 1754
856 2942
1760 526
2457 2726
378 2601
1993 2705
2860 736
456 188
1313 935
467 2127
259 1740
2109 1216
1699 2217
331 221
353 814
595 2342
2027 1813
2182 2462
92 2517
2689 1075
2184 2180
808 1022
1479 2048
1042 26
1301 2759
591 2880
2825 2675
1927 2676
1730 1508
305 410
279 2509
2053 1001
1930 2201
1612 927
62 2024
263 1901
1181 1847
1929 413
98 1998
976 2671
776 183
550 680
2540 2217
2389 1257
2340 2166
2415 855
1366 382
2389 2700
1596 1895
2025 235
2652 2937
1457 681
1089 496
1885 1469
2817 2205
2729 22
2837 909
1681 1528
2525 876
368 1331
2177 515
2530 2184
1689 1785
2112 1045
2906 178
644 647
853 536
2084 2780
2538 2052
1290 1930
1284 2930
1106 525
630 2082
2268 325
2164 1423
1117 82
444 2094
2305 1075
1241 2759
2708 1131
735 1481
1560 2822
837 99
1258 2586
2688 1656
2707 885
298 200
2745 2294
1630 453
1692 277
2404 2565
1708 41
2585 2943
92 2650
533 2168
492 2234
2634 696
1660 2861
1032 1177
2665 1170
1250 981
173 1087
2503 1714
2971 2103
929 336
832 645
1249 2038
2264 1759
2114 414
2835 223
1080 1677
1285 149
2276 2335
621 2372
1582 2259
2332 1817
76 1951
2724 2525
2596 844
1633 2849
2980 2937
142 1283
217 2932
734 2270
1833 1185
1642 1299
2678 1040
1834 413
710 118
2933 2628
266 515
2163 403
2707 633
2316 900
902 274
1360 1502
344 2567
2503 1170
2099 1484
1029 713
89 918
2660 952
403 1070
349 2881
2019 2746
2360 607
2852 44
2697 1321
1741 995
2878 1974
413 2474
1831 1438
1779 1831
1470 2161
699 1600
111 734
2840 2336
390 1179
1457 804
958 1955
2960 1762
79 1354
483 294
660 1959
1651 1623
553 2543
2881 1669
479 2699
2144 822
2679 2282
849 40
1202 2978
1537 1439
1128 474
2473 516
2801 1392
1750 1825
876 1540
1147 2308
774 1280
255 1274
814 123
1451 540
2481 2881
653 2619
1577 1437
1706 2658
2150 1498
151 341
1577 911
434 664
554 894
262 39
708 2444
592 1497
807 397
300 1016
1374 1411
660 285
818 1149
978 111
1188 686
2981 2126
959 2475
2654 2544
708 1443
2543 1605
608 1313
1857 2159
1669 1490
1105 2025
2031 1253
1537 2069
1345 1661
276 209
2862 1938
185 2716
1643 2022
454 896
1248 291
2402 900
2778 2410
833 1520
2934 1154
2954 2013
1832 1195
2023 1199
1331 270
2008 1746
1999 173
2873 659
2957 968
2378 1697
794 2578
823 2466
485 1742
2282 1566
278 2029
2709 805
2528 1534
570 1140
2658 1345
2894 51
584 2542
1883 324
1088 1544
1997 265
2550 93
928 1283
105 2307
109 382
2568 222
2361 49
1939 527
1125 379
2945 2799
2904 1413
1612 1779
2894 2552
1994 854
2338 1273
2005 2775
2240 2524
2888 2537
1403 2717
1758 2630
1130 1381
1695 1807
2940 761
1252 1599
460 1579
934 1008
2726 1353
230 638
2657 2504
1187 2686
1466 2753
2479 1226
390 1136
2983 1257
2506 1587
1416 1192
2788 2475
542 378
2716 1856
2108 2432
781 114
220 2816
1315 1873
846 1710
959 375
1663 1944
879 383
1488 2459
2161 244
2778 2231
1700 51
156 2145
85 2653
314 146
763 782
890 499
2970 2489
580 1454
1612 611
246 2912
2408 758
1840 298
1929 555
608 1234
1469 999
1957 2883
2385 723
88 1042
814 2647
373 514
582 2246
621 1096
1706 1462
2775 2360
2483 2036
150 1059
441 1059
2776 2019
1618 2758
1906 918
2834 1810
2511 2152
734 615
1129 828
738 621
2203 795
2656 248
1134 688
2562 806
1106 1018
1388 164
496 1582
1024 2314
816 1475
815 2444
201 2942
1801 2141
2125 2443
2038 1804
1146 2969
2845 2344
2943 2027
1676 1291
143 1538
2586 968
1455 2473
1845 1316
1136 2730
2225 1990
1045 1144
2383 137
2717 2357
556 725
2016 1509
1170 705
2730 1522
1683 1599
254 2632
1683 1008
1232 544
505 805
2712 1279
2998 2195
838 2918
2319 2756
2671 660
1331 1645
1449 1073
278 90
1163 2257
2048 886
381 549
1823 2273
2022 897
1430 1487
192 421
1154 125
1399 2122
343 1076
2938 1329
2466 1468
1640 1961
2628 2973
2401 242
333 2899
2300 1742
2570 64
2810 2678
2822 496
1547 1700
956 36
1997 175
2114 2148
1012 798
2509 1661
1513 1777
2767 2037
902 1287
150 2940
783 1322
2344 319
819 1142
968 1028
2162 1648
2203 114
1308 2591
2152 2811
1936 2695
1213 2
2155 2044
2702 2979
31 862
2777 1779
1432 199
2843 1595
1211 1727
2129 4
662 180
1664 1176
332 449
2051 2679
2824 1689
612 640
1247 2081
301 2054
617 92
2115 626
1201 495
2547 1671
551 92
2457 1603
743 243
2127 1215
421 519
1487 2037
2162 1779
2026 2282
2796 1311
1322 930
964 2236
1468 2579
964 1063
1477 2149
1374 1589
1842 860
1773 1430
2418 2464
2206 2753
1830 1564
2497 269
2478 974
763 57
2611 1956
1641 2758
2739 1716
2431 1987
2212 1834
30 1496
2960 1137
1294 1746
1309 1577
526 960
1070 267
2345 994
438 449
238 1379
916 570
1185 2231
1579 1360
2811 2231
1997 1138
124 1629
687 2664
2003 1616
1489 1039
1897 1442
1072 2229
967 2948
925 1026
205 2261
2621 1665
2493 2892
2782 199
1129 515
1632 1337
80 2758
1833 2254
1449 681
2376 1688
1735 2496
1067 784
1647 2169
2274 2154
1339 1798
95 2552
2158 2990
1809 2525
1197 1543
2876 1727
2416 2481
2173 425
229 1250
875 1076
648 984
1020 1736
1147 1697
1978 1162
144 2962
143 2002
2946 667
2169 2501
1296 2342
212 551
1617 1952
2907 2141
2692 2130
2090 743
2236 1811
462 1854
881 2345
2070 717
2035 2854
2817 2743
117 1907
1491 1856
2639 2890
1713 74
2774 2900
1217 1035
900 1308
2822 2762
1139 1556
103 803
2361 816
2239 293
119 1750
2258 1770
594 1910
345 1043
1813 2028
277 2088
1731 988
286 2520
2682 1451
2590 1219
2597 2918
127 2787
349 1809
1615 2880
15 725
1545 812
553 426
1590 430
1160 2424
1469 29
1570 2889
1889 1702
2863 1871
1828 1026
886 1587
81 2455
2592 914
1134 276
1459 2486
1629 2063
1106 1994
747 2607
2463 618
2205 2663
12 2169
814 1959
2280 820
500 2388
2677 1081
174 1267
412 920
2625 1939
399 719
511 55
986 1539
4 1436
457 602
2328 1559
752 2718
1318 1017
2206 2671
236 2214
275 89
2548 2675
1439 1241
2567 1599
2679 1645
2340 190
2749 421
2288 275
884 2115
24 2955
2382 2079
1564 1631
963 608
235 2353
695 276
2119 2683
1397 2903
1562 2830
159 1121
827 2425
903 1572
1485 806
2769 380
2913 1320
2889 1738
1171 172
2778 2657
1402 1624
2148 1371
2458 657
1064 1705
999 2471
1551 2963
178 285
1523 1391
277 1809
1197 2186
1876 2132
1772 1444
1288 2495
1541 1343
184 110
987 251
1457 1843
867 215
997 1551
1101 2622
2898 761
1613 38
2608 349
203 1672
1345 1339
209 2760
1104 636
923 94
1742 2805
2602 78
11 1052
2595 1670
1423 1001
1700 2841
106 2413
62 2960
912 1390
2990 1567
2381 370
2165 1316
430 1195
1624 1799
377 1669
1183 194
2052 1099
1551 1487
1022 2943
2080 1979
1043 203
2405 1435
2571 1501
1794 2014
1885 2122
1298 1613
2129 733
2623 2249
2851 667
1751 2205
2042 2513
655 758
393 207
1748 665
2701 1938
809 411
2168 2288
2874 2673
1580 149
2671 1673
2432 1432
488 2494
365 580
1070 348
2613 947
772 2160
2420 2634
676 1388
335 1745
1512 1310
987 706
2896 974
2407 2102
349 1395
2299 2156
2744 1992
982 230
1935 687
1116 988
2594 1342
2602 1591
1679 190
2617 2271
1128 2734
2466 2415
1183 2134
981 508
1835 1923
1844 72
1920 2165
2746 2999
2246 565
2809 571
2038 2157
1723 2314
1064 1794
1013 1901
2630 2329
865 2757
1211 2629
2941 410
840 2205
1031 1508
1384 2039
692 1554
2834 1015
774 2436
473 1065
558 2110
904 1278
2949 2782
1149 2744
2035 1009
2122 1689
67 1901
2737 2828
2500 806
2351 178
156 1369
1540 2438
1274 263
1153 190
2381 514
1047 1367
2136 244
1724 746
827 2696
936 1026
1879 908
583 2070
2211 2430
498 1350
560 889
2914 1333
836 104
1246 2551
106 2307
420 1021
1641 2199
441 1398
2881 927
171 2187
189 4
565 538
952 604
2160 2116
272 2023
136 1792
2980 2962
2660 2411
1099 2872
1094 10
2331 573
1188 2411
2350 743
2698 1949
99 1823
2579 1228
580 363
45 2545
2695 436
138 2640
753 2448
157 1273
996 2675
1635 1353
599 1457
281 2529
2241 1450
2888 2439
1858 199
1053 1741
2130 1997
1996 2940
1979 1291
829 391
834 1403
1920 117
2792 473
1746 2589
2036 1174
979 2375
1168 2427
1267 798
2619 2900
2052 2626
2220 1014
1049 638
2987 2947
179 1883
2634 1446
2080 1419
2139 1504
32 88
1109 327
1253 2275
162 393
624 2436
1433 343
1330 230
1875 798
649 952
2921 103
720 1326
306 1604
1324 2727
78 1968
2350 1154
617 603
32 1414
160 270
855 1185
2015 2788
2114 1964
201 1569
2444 257
2790 2052
725 1401
1707 2827
467 2233
2354 2978
843 1233
935 2166
2591 2508
2997 717
2159 375
1476 654
69 472
1698 1409
2141 854
698 2615
2999 639
2827 1517
2347 2436
668 931
995 232
2029 2535
986 303
1300 1675
1219 1743
2246 2179
1090 2357
1353 303
259 1377
2300 179
1643 2392
2466 240
2671 1317
1029 814
2762 237
2725 197
1043 2466
1530 2802
529 1327
255 2605
1193 874
1716 1457
1705 654
2245 1381
266 2529
2144 1315
1314 565
288 1717
764 166
2105 520
945 2613
2686 2530
103 1551
2679 1796
2155 715
1766 2383
461 2298
2093 1404
1827 2845
2899 2348
140 2426
716 803
1542 75
529 2291
2277 1269
1127 189
2293 1624
1742 1267
2205 2529
320 2702
2621 1833
2510 1277
821 374
2831 1336
883 2305
1267 1806
1273 1813
60 1694
951 1319
2434 2706
284 168
112 1634
2827 2548
1278 1878
2536 2559
2216 662
22 2968
1321 1413
1433 1459
2289 2674
608 853
2386 811
2572 2662
1268 1691
3000 543
111 2080
579 2448
1185 691
960 1226
278 1874
2883 421
538 1359
1743 2936
1275 813
149 1168
165 853
839 476
2465 852
2219 981
2937 979
330 1268
1900 545
1097 2505
1628 2897
338 1469
2087 1329
1231 1154
1039 1533
2376 1754
2170 1584
487 2374
1386 2029
948 1777
81 2830
1496 1682
1067 1920
1197 2894
458 752
2471 670
2995 1760
1202 2275
1576 1218
636 1171
2520 1769
2997 583
2225 2670
946 505
2472 81
192 432
2775 1203
2375 1220
877 1076
134 151
726 2024
851 1277
2484 258
2898 1220
1790 2696
1464 2370
2485 468
2099 679
550 1698
2145 693
1655 1982
1315 1158
1841 2358
2744 241
1862 1557
232 1416
940 1941
1686 1055
330 1222
542 2579
2725 973
114 2820
2993 895
669 1406
1999 2335
1637 605
2144 1863
1518 335
2037 2927
2327 551
1646 2579
2672 1637
248 2300
687 1441
333 2124
743 881
1798 1243
1959 1457
2040 2837
2105 2335
1791 2596
2938 2523
2568 314
293 2726
653 751
1908 1729
2885 2271
1478 1028
228 1135
531 2858
143 2201
2659 1794
965 2933
2071 482
2984 1655
855 2602
2050 1674
779 2273
1496 2154
1146 2503
791 2548
1800 2037
2324 2299
717 340
216 522
1817 599
215 2306
2965 60
2378 433
1912 1829
689 1673
1761 989
892 2132
1624 1784
2543 2574
1721 2688
158 1467
2048 1457
2436 594
298 2042
2152 2901
934 772
313 1688
2697 2007
2750 1003
2671 314
365 574
2561 51
409 2989
490 1334
1683 1232
26 1631
306 1974
2444 253
670 635
348 1673
2895 95
1011 51
2990 2577
2320 1777
769 2105
2236 2417
664 1138
777 28
328 2634
2399 2868
434 142
7 2193
1755 593
1455 2142
2068 2547
1038 32
851 220
696 2499
167 337
2456 1714
1063 1167
1521 378
1133 2664
1691 1218
1838 126
2825 1779
893 894
2466 399
1618 1690
747 2838
321 1278
1526 2365
913 1045
359 457
773 2656
1880 2452
2108 1315
796 267
1474 2260
238 1617
2218 1872
33 2980
1162 88
1109 2312
171 1672
1080 1380
1671 2599
414 934
2704 1931
221 1268
768 453
277 2062
1156 127
2175 2510
1968 828
474 1489
1386 1800
1480 248
300 1449
2859 1309
312 344
1978 501
1717 2440
246 2845
1453 348
2645 1878
2242 1660
2743 1321
2352 569
1637 1441
1238 587
2105 2370
2108 651
1601 1430
122 343
865 719
478 1670
373 1038
1299 2792
75 333
274 982
659 1432
894 2016
1110 1425
2809 1554
1998 288
1027 2919
18 2397
2518 766
2412 2804
2286 2953
527 1994
1287 1195
2477 1029
1358 1082
1262 2751
1297 1615
2621 318
2907 794
176 778
1102 1382
1615 2731
945 18
2936 756
1978 192
192 1008
88 1352
980 649
1202 2334
2324 128
1501 1362
1422 979
1946 321
2449 1958
339 1428
1580 1443
2621 1197
965 534
1334 2936
40 470
1729 989
531 1892
562 74
142 2978
2976 1474
1831 694
1002 2191
879 809
1976 2959
2097 2748
151 44
2801 2716
2665 1990
817 1608
742 558
2742 2314
474 1971
1471 1996
359 723
2311 421
1740 643
972 1764
677 2896
1185 919
905 2911
2858 23
2629 2468
1542 2903
483 811
1482 1158
2930 508
2471 1446
1644 738
1222 1114
1206 148
192 1879
2685 2520
1183 992
660 357
2309 196
2624 1788
273 1987
72 2443
2236 2822
2970 2472
1480 1230
2482 1766
137 1255
952 2467
2925 1777
2638 1762
212 2189
27 2319
1934 898
2557 333
1738 617
1955 2889
1329 1952
2319 2014
1169 2364
1784 2078
1716 139
1480 1339
2112 1878
435 1842
1050 412
1963 1182
1836 1487
1350 541
1959 331
85 2400
2207 2320
2033 2002
718 2849
489 1863
2309 2565
2177 1348
966 956
2429 2436
1552 2791
2636 2971
2289 2982
2942 2548
460 1834
50 1897
1787 981
196 2402
1796 22
2895 441
1504 2115
775 2416
2997 943
2018 256
2144 466
452 877
1499 2473
1129 185
828 19
932 1144
1247 1683
2294 840
2262 588
644 2616
2103 2799
1550 1843
1885 211
526 2565
64 658
1558 1039
567 2711
672 865
1125 353
534 278
832 1016
2692 921
1738 1136
2125 136
1166 1608
2370 2108
2775 1985
1902 1053
515 2173
1389 759
995 329
2245 1584
1753 868
21 1959
408 751
1867 2489
992 225
56 2684
749 298
1484 639
2211 2848
844 1538
1821 970
623 2442
544 785
1226 931
38 1941
772 2732
1449 1353
2435 1695
1642 856
2164 1243
2508 2962
1351 2725
418 2510
367 188
1591 1645
2254 251
2054 752
1325 1764
930 2025
1486 1345
1547 2629
2339 2419
1092 291
1015 1298
959 2757
2892 2455
1287 1243
450 2587
1105 2385
1171 1674
2436 749
1078 2205
1624 1101
1499 2774
775 1906
1552 2239
1302 1469
1012 989
2069 2326
2989 786
1869 108
1202 141
2368 1513
1053 660
1364 1542
1131 1344
870 1671
2004 1599
2011 2238
96 959
2017 813
2612 802
219 2545
2734 1323
1867 2902
661 1508
139 2591
656 2689
1091 2301
448 2300
1469 2435
777 936
1383 1660
19 1581
1038 1286
2613 1257
1935 354
2221 1113
971 1933
1287 1652
946 1539
2438 1021
2343 2543
1708 1558
551 974
2300 690
1681 817
647 2976
106 2842
2329 1922
62 561
300 643
529 819
2272 2756
350 2475
622 1474
843 2841
1839 589
1954 946
894 2621
2602 1941
382 1024
2528 1805
1844 58
342 2793
1228 1949
2496 449
2126 1705
2333 2058
774 2377
879 1891
677 1404
498 117
2965 161
194 809
2481 1632
2159 1535
726 1863
2435 1863
352 896
2968 2680
602 572
1309 2852
1329 1226
1445 1710
1591 121
758 1855
349 1486
2354 2924
192 595
2418 358
2289 1308
1008 11
1076 2373
311 548
2863 1163
1565 1175
2839 1732
1904 1836
1169 986
2466 1685
1550 2846
2208 1310
1039 2913
117 2665
1690 2968
2101 137
1912 2876
1597 1409
1620 583
563 1848
2543 1115
2781 111
1605 187
4 2201
27 2593
1033 589
2526 2411
51 1082
1471 1804
579 1578
2500 2098
2001 2785
1401 1740
2691 1681
1905 1509
2333 1603
1359 1911
2036 535
43 78
267 696
1974 505
1845 2079
2079 1574
588 846
406 1304
1307 1839
2271 2360
527 461
871 2240
1141 1632
247 1596
2557 610
2322 1851
2791 760
1941 2677
1752 664
2341 2155
795 1608
823 1224
800 1502
2000 1554
184 2892
126 1109
370 72
467 1151
1512 2100
1017 2826
2162 63
155 2412
1747 2466
2316 2219
2344 1860
262 1662
1152 1434
1217 1095
203 1931
991 1787
2008 1720
2898 2219
2453 143
680 487
781 145
877 1570
2649 2604
677 1664
1326 832
1909 2929
2458 296
1104 786
622 2430
2209 2062
1780 2590
430 1488
1785 565
1505 512
2960 662
1547 2116
2775 637
1043 1766
2645 2335
2161 2021
531 1162
651 192
1032 1953
1387 1140
1050 882
2775 2649
2801 858
1921 2426
1921 1896
2392 2211
1502 1678
1274 2496
2068 2621
1268 392
2279 2414
812 2518
1716 2471
2014 2077
339 766
1398 399
321 1392
198 313
2671 895
1193 2816
1955 1612
536 285
452 1386
2812 273
1389 2881
870 1690
297 599
1706 2695
1239 2010
2736 1856
2063 1102
569 1501
2201 1591
1304 889
1721 1312
1646 688
303 2577
1508 2023
826 1417
1565 2011
1262 2581
2937 599
2826 327
1508 149
913 1736
754 2027
2508 2750
2120 1484
1537 872
1353 2173
997 2366
2047 1845
1708 356
1640 1600
567 56
835 1658
1710 2683
1746 705
1601 1724
526 2355
2758 2083
1548 385
417 1568
2791 2883
1043 2273
1102 462
1656 947
222 248
2696 298
301 3000
314 1810
154 1307
211 1656
1644 2167
1540 158
2972 2430
649 379
1938 2296
1226 661
2392 2108
1293 1054
1278 1686
324 1115
1331 1622
1514 2777
2530 1772
1427 275
1732 2290
2408 1087
491 1648
270 1276
2235 2169
2453 2908
2951 2324
2011 1091
373 708
2629 2019
2621 421
982 1996
1832 2868
419 1811
2160 421
2279 2122
2247 396
1521 2741
847 382
2622 1177
975 563
263 35
1358 1746
801 191
388 490
2015 1031
1735 2793
2902 2747
2270 2863
2935 238
2484 1954
2811 2355
725 2762
840 284
2833 1050
1196 1254
922 1855
1258 1847
2540 2652
2402 1565
1761 763
1110 1570
1579 2565
1430 1826
2125 2651
483 2676
179 362
2565 2543
679 1009
2385 375
1828 1044
1936 2625
928 1124
1688 1826
1883 1918
803 2518
1239 2843
218 2162
424 1774
773 1354
804 1482
2093 1939
164 2837
1639 440
35 1433
1961 1487
1460 88
2321 1849
2309 1542
871 2821
2529 1347
536 387
561 319
2309 1920
650 2431
359 1153
2033 93
2698 575
2326 143
1534 220
458 992
1325 2326
501 196
171 1773
1237 2041
2056 2808
417 686
2593 1498
365 508
1442 2892
825 2386
2434 2323
1662 2729
2157 986
2935 1283
2453 2594
2601 899
132 1092
2593 260
1122 1151
2310 1976
2112 240
876 566
957 384
1297 695
1258 2613
1236 469
1639 36
40 1066
2309 2886
500 1987
1279 2427
1678 257
1753 1465
2070 2644
2829 176
506 2635
1627 62
1547 1104
1332 1085
823 1370
2783 1278
2792 2719
1 1849
807 472
794 965
941 1734
434 2032
2150 2538
910 1301
738 1252
742 2062
1059 2504
2760 2309
2247 661
707 974
674 1623
2695 1436
1959 2912
2169 1169
2342 2464
1638 698
2372 1297
2844 299
128 2415
2408 97
2456 1622
1885 319
1178 2498
1904 529
2042 1860
12 1934
101 1771
2498 1638
855 132
81 2967
1480 1758
925 1444
1379 377
600 84
614 2456
1673 1721
1435 1875
2249 2074
2879 1707
335 2888
1084 1298
883 1842
1246 1623
2693 2985
1844 421
1073 252
688 2961
1 2783
2970 2623
2063 2949
2169 1483
624 2122
1714 2619
2521 1454
2388 2742
986 2291
1325 1968
472 1052
1296 2156
1482 2122
1796 698
589 802
1276 2182
1659 1327
1845 2527
2993 2466
778 1003
1951 1394
1427 1633
1656 1637
898 866
1398 2415
1512 1856
892 2292
967 2438
2759 2457
1290 237
334 1204
1841 2014
888 2798
338 2967
2370 2641
1839 1569
315 2028
2013 54
130 120
2668 2471
776 2976
710 1415
1777 548
2885 2594
1120 2788
2790 2117
2805 1121
2006 2043
1043 1403
2862 2288
2145 2098
2621 2565
2791 436
2360 145
254 381
1159 2524
1807 1917
208 2808
1980 2520
2310 2778
2402 2693
2052 591
633 2678
1048 741
936 370
880 285
503 253
2172 723
2906 1857
2696 1755
2442 1163
440 2824
1517 145
1353 432
2160 434
2198 2029
1993 2333
2885 2282
2971 272
2489 425
1755 2699
368 1629
1668 13
2689 244
2223 2210
583 841
922 2283
2315 39
1022 386
395 2888
1116 1836
1453 1886
2969 570
2894 645
145 1291
778 1233
1033 2212
2074 1486
1352 391
1512 2400
1480 274
1896 805
531 2845
352 963
1245 1518
2636 885
1035 1715
2315 2875
2017 763
1383 918
2729 1171
1145 2942
1489 1754
2958 1292
1325 2151
2929 1244
424 2621
2762 2014
2496 2957
1172 686
1649 1637
2002 1153
1076 1953
549 286
1191 2375
427 2241
1273 594
1821 467
2525 1519
2689 1619
269 1860
230 2769
1779 1302
1083 408
1882 336
1377 2204
1468 1550
753 131
1955 781
1673 2762
2560 2816
617 2024
41 1491
2218 2844
2336 2837
386 1880
1710 892
1472 1668
2913 2217
146 482
503 2148
700 560
2309 1963
1290 12
48 2064
1766 156
822 1431
847 21
1700 2740
490 2866
374 2188
2122 2953
1586 1204
2597 1126
710 2253
1245 1694
1194 1284
933 241
1173 2296
2179 1519
2248 2893
536 447
38 2807
1825 2290
1436 2572
149 1351
502 2682
1794 846
2809 1585
852 2476
330 1330
2595 814
2707 1459
2311 2927
1907 2134
1340 2813
77 1095
128 1494
1832 902
2981 2471
2631 2432
1851 2616
407 2555
2312 1823
1135 1880
2944 795
2860 2255
2758 1134
508 2251
320 2309
363 1254
2716 827
1748 2010
121 1007
2794 475
862 2868
1880 1940
1701 2938
1836 647
2060 2095
2948 1982
661 2989
785 1310
1403 2523
2975 1827
846 1583
2196 2601
268 1270
2967 2253
1375 2994
1207 1562
1931 896
763 1542
171 2702
1930 1551
1662 2393
2160 2815
2043 572
2111 2287
2370 1513
2308 638
1881 1480
2179 2461
632 582
1287 224
2082 1977
896 2642
855 302
515 660
2206 822
1526 122
831 804
2831 2337
1995 685
2274 648
1311 1834
2192 2589
1238 1006
554 540
85 389
14 1611
1294 1024
2428 923
1638 575
2966 1117
1372 922
2146 703
2853 275
468 316
892 2558
2466 1633
2269 1390
2037 717
2234 2625
1629 2892
2280 1923
1064 865
1412 1349
711 441
383 1315
2461 1090
212 2779
807 1464
268 1539
469 984
2480 1372
2813 1177
182 480
2343 1762
2712 2337
2999 99
1741 666
1645 2109
68 1671
1933 2410
2914 2670
817 843
2219 251
2500 1085
454 2249
1815 2710
1393 894
2918 801
2780 2816
428 837
2118 1793
1265 1481
2783 564
2110 2973
99 450
2459 358
878 302
2703 699
1587 880
1710 1369
2099 1203
141 1289
2894 1260
767 526
2457 595
280 1842
749 2877
1644 771
483 2728
2677 1938
2226 2082
647 179
238 2865
2691 2091
737 973
1758 1651
2416 509
220 2773
1193 291
2722 309
1540 2793
1360 895
1549 2646
2455 684
1344 365
2987 1224
431 2366
1676 1720
1504 915
1523 363
72 1570
1694 1381
747 165
608 1278
2203 944
1478 2311
2378 411
2276 998
867 2433
32 2942
2096 1984
878 1305
1522 1525
1425 1529
2253 2939
1326 1202
2254 2672
1348 1613
245 823
1288 92
2037 1720
1035 2
2738 1243
2663 2158
2753 2781
2432 2822
1628 1856
2513 2207
1372 1099
1132 2460
982 2885
1245 216
2392 2183
2940 1917
1109 73
1135 63
1631 2441
1245 2334
2493 790
2976 1926
1758 82
828 1354
476 680
2560 1189
1362 1629
2642 2901
1467 1508
1391 347
1648 1036
2474 2388
153 1695
1495 1843
2048 2258
2265 114
2905 481
1930 2145
2745 1646
2821 2616
1333 444
58 421
947 1016
1889 619
1974 2481
396 1466
2081 756
1996 1554
1272 2890
424 2997
2437 643
2761 1494
2182 2071
2182 2173
1144 2147
2664 2337
1586 899
755 2497
11 2090
1964 204
675 1722
1541 2771
1929 1147
1364 1613
4 1864
1285 218
250 1519
902 320
308 992
606 1870
2564 2806
1922 1610
2057 1816
586 941
366 2535
167 465
248 2987
179 1788
499 1803
2704 1648
935 161
1700 618
685 170
973 1417
1018 545
805 1482
2610 777
2760 2445
1632 2566
756 861
681 526
847 443
2094 2194
2639 1818
471 2432
994 1202
1690 2559
1241 2552
810 953
1441 2042
2744 2637
471 169
1457 237
1163 2696
1235 749
517 235
1528 1492
2272 2336
2954 2243
103 2283
364 1114
1003 1817
808 1614
2139 2179
2811 1223
2262 138
2645 2989
507 911
1894 1210
1013 457
2477 338
325 1765
116 1099
2153 2775
107 2307
548 770
995 2314
819 2777
664 1399
2064 1646
1860 1933
279 1266
509 1103
376 759
954 2368
1533 1523
2439 1284
1111 1278
2666 586
480 570
1670 77
2763 1046
1538 1790
2447 2592
271 654
626 2908
226 1042
529 1132
2744 266
2217 1814
75 1558
259 879
1497 247
88 2749
2210 2213
1857 2718
1468 351
1200 571
1721 840
1275 482
1506 84
2201 1859
1710 1901
2827 77
1918 225
2715 1438
1033 2561
313 2718
2109 2730
993 303
2522 1840
2083 511
1003 2526
2881 821
2297 2766
2494 2662
887 873
1744 1412
1092 1008
1017 977
279 1113
1619 2723
500 520
237 722
1266 211
1608 1091
507 2332
439 760
2540 683
1622 2480
34 1010
1059 751
2033 2761
528 2266
105 1476
2173 2702
1589 2552
815 2622
1393 760
2212 339
43 8
290 386
1627 2376
1128 2168
1581 2919
990 2557
375 1577
912 1154
1868 1233
864 1165
1104 288
604 1784
853 2609
214 2643
1861 392
61 85
1752 1688
734 1763
2234 2801
1925 2739
2866 2627
1072 2379
1505 2026
2398 66
417 2277
2465 1236
2114 696
892 2252
2285 496
2638 1155
1794 894
2942 574
2021 1199
645 1463
2830 1603
800 493
1818 1693
2701 152
119 2585
1707 467
2547 15
2312 2822
518 2860
229 2058
501 1977
990 2188
1049 627
2795 1748
1679 312
1237 2973
1699 2520
1718 167
1883 1845
1092 79
1265 1537
1109 1930
2929 417
2370 1407
805 2445
383 2271
2526 2259
1374 259
657 1674
832 598
228 1755
1333 2162
923 36
1113 2028
796 2040
1865 2781
2508 2339
1626 2159
97 867
2332 444
1813 303
1851 1186
1213 704
2138 2080
1777 2596
2481 827
2666 1848
2529 2902
335 744
2986 655
2350 1488
965 1163
122 1509
2523 205
2513 1935
100 865
2962 2504
2477 1901
2247 2740
1582 1881
725 1993
149 22
1457 2784
515 1984
1254 2249
533 491
2534 143
2672 236
1030 744
231 1705
2749 181
814 2807
2261 1105
2950 1124
47 1544
351 2385
2261 1947
1615 558
2176 23
1393 2887
1812 1920
1995 2669
1203 902
1196 2155
1432 131
450 1378
1252 1423
2477 1890
1972 931
2450 1222
1457 258
692 36
1135 1076
46 2794
718 1681
1229 1676
1766 557
191 734
900 1825
1167 1425
2283 2158
2853 2770
2756 683
2513 1096
1582 2415
1496 889
2443 2795
2070 615
2936 1127
192 372
2517 910
75 620
1924 959
2331 1939
229 781
770 1353
1861 1469
1016 2287
847 1378
1295 234
650 1454
179 2643
2320 205
2306 2272
1429 2998
2129 463
966 1125
1767 2750
1040 2260
1506 830
2896 1061
1735 2766
2046 694
605 518
439 392
2915 2819
529 2818
2062 652
384 1524
1138 1196
63 2289
43 1187
862 732
34 69
1949 673
1278 1457
1613 2383
1719 1172
1514 707
2509 1185
2829 2126
1549 71
93 2308
2583 1657
169 1412
135 848
1298 1312
1469 1156
890 1240
1579 1508
2322 2909
1935 1757
2073 511
401 1540
2384 1323
1617 2220
1308 1876
784 2249
1256 948
1023 10
575 891
1031 1070
2363 1262
2912 534
1321 1144
1242 2139
509 586
1498 1716
257 311
1656 1823
979 926
2275 294
1575 242
25 534
2988 1839
44 267
1470 1571
1097 1335
1743 1368
1885 747
1062 1070
2695 1910
355 1612
33 1815
2235 1025
2716 869
390 2364
862 762
1630 1417
2277 2766
1918 1566
1802 2500
3 1609
312 2121
2852 2242
2959 817
1687 2692
2845 642
906 2182
1891 595
1399 2877
2541 911
48 715
1105 290
2128 1823
113 1399
2026 1651
2277 816
1909 1548
1762 1753
851 1331
686 162
2996 2360
2135 7
2541 1617
2104 52
201 757
2276 195
529 931
2495 1321
1767 1853
2876 1617
928 2320
2494 2788
2400 1145
446 316
1799 2749
2136 81
1286 2785
256 67
1705 632
1700 1437
2880 848
184 2101
1529 1684
547 1103
149 2556
1606 710
1162 2353
1774 1904
26 2862
1606 2926
744 964
436 2272
1825 2860
967 2503
1699 2600
2492 699
1391 2010
2956 2854
1278 225
693 2314
1740 288
2485 592
1843 1003
1774 2075
1973 443
2596 1999
1591 1676
2954 2458
580 2378
1074 2448
1045 110
1119 329
1949 2907
2905 1102
1536 1526
1425 1327
50 2880
2162 2621
1550 964
327 2867
580 1067
1501 342
727 2980
604 1437
2032 683
548 2662
2743 2359
2456 2904
501 539
1883 2594
277 1135
1658 1800
1739 757
750 690
2790 944
1058 2773
1842 660
1498 2859
1900 1146
1646 1348
443 1573
1176 440
879 708
774 2916
2136 1934
608 1794
226 529
1025 586
343 1243
2717 2301
121 244
1509 2962
1108 2434
1270 2219
1485 2721
153 2013
2156 332
2382 1001
2920 1474
2984 2318
338 237
2958 218
2085 2854
380 311
2453 893
1509 1226
494 2886
826 131
984 664
2974 1719
1849 2371
1306 2271
269 1236
1182 2786
1678 2147
2795 2506
2206 1547
36 994
1289 1072
716 2372
347 2178
638 2111
2506 2870
1776 2778
1516 908
2764 2818
2504 174
2478 377
1345 372
1455 678
2859 612
1164 588
830 2370
1331 1748
1833 173
2679 262
1794 1061
580 1761
2758 1112
227 2207
722 950
1774 2556
2454 2550
2943 2112
2904 2646
2171 1373
1725 2731
1765 1821
2851 2459
2587 2529
2238 849
2223 1505
2707 2496
2503 303
1103 2712
2486 1984
734 1011
1289 1864
2534 1013
363 2117
2763 412
2949 2466
1571 1959
2138 773
509 124
1748 1831
2316 2948
2637 392
341 1672
620 2797
544 569
2096 1787
2496 1766
2694 1334
333 2560
1294 2109
2899 249
2192 46
1706 1931
2776 2590
357 1906
2775 1025
1731 1187
414 1068
1716 1409
2357 227
2519 2769
2319 1399
126 1431
540 15
1790 2735
755 2513
1445 2280
1556 1368
1780 1249
1575 2026
2152 773
2116 882
2276 16
883 1788
676 1558
2318 1377
1859 2643
1583 860
1076 141
2778 1134
1861 1197
809 1103
1554 2257
386 2617
133 2584
476 725
1579 2355
472 882
810 613
2604 2658
890 362
953 1398
1833 2549
2247 1721
589 249
1957 2633
2690 1223
75 1725
1810 2586
1922 291
1773 2289
2491 808
1032 2160
1092 1626
2191 2581
2569 1861
2805 2980
2959 1362
2157 2763
1432 215
1498 2863
2842 801
1851 2551
2567 515
1357 632
201 1912
2205 784
1013 714
1165 1514
560 411
2583 1648
1022 384
2124 2053
1612 932
2543 1700
2724 511
2612 2866
318 72
1395 1590
1997 2991
2117 2263
2325 1635
1259 180
1443 2873
1756 1568
1642 763
207 718
840 41
2118 2986
537 204
191 697
194 1206
892 2539
887 631
2735 1005
1385 1924
191 623
10 2572
230 1957
1649 1741
2338 2425
2439 1174
1118 1995
2551 1165
365 267
2782 2142
2773 1277
91 131
2286 1897
2105 1802
995 2392
294 1109
1736 251
2499 2880
1196 961
1011 1995
2002 217
2669 2363
2639 320
2487 1936
1583 1523
38 1482
1013 1482
217 1583
1120 1195
1333 2503
54 156
3000 1876
1834 526
2755 946
2405 398
2101 1544
1859 2565
1383 557
2805 2327
1785 849
2995 806
2272 810
2554 1747
1012 2300
1958 2939
571 1656
679 1773
2975 2413
519 2726
2750 1605
2986 397
1751 344
1632 607
128 2649
1945 769
1351 2223
1316 1102
2409 2719
1476 682
2728 964
1454 2943
438 746
498 602
360 1319
287 221
1538 2060
1785 2420
571 1853
578 783
2082 529
1088 1181
1164 646
2079 2113
2460 1069
2496 2333
2383 2399
2347 1673
1940 420
1014 50
1367 1399
1986 427
1668 1986
488 1259
384 1444
1811 279
540 289
171 2873
2664 2541
2795 2273
749 445
1290 524
570 2342
2854 2239
78 1498
1089 1656
186 2378
2429 1700
164 2708
114 1526
1864 2925
737 452
742 2004
809 2234
2045 1367
927 1109
1633 1458
543 854
2222 1921
48 1207
2511 1940
321 1964
1000 1045
2187 255
2780 2912
2092 1837
526 613
530 1965
2422 1970
889 2931
625 326
1325 147
2031 2950
2487 2936
930 176
749 85
896 1157
1921 1605
1907 140
1977 2437
2572 2622
1396 669
667 37
23 667
996 2039
2038 330
970 1457
2457 2669
1509 2496
836 930
2088 968
2984 2237
1480 1471
501 1645
1268 2833
1495 276
2987 927
2034 2813
1724 2234
551 1085
1716 2224
1168 2433
2131 1430
1406 222
2326 1467
2393 599
1015 2993
1341 160
2158 608
2169 2327
765 761
2513 1003
2811 1656
300 98
251 1684
2810 425
2774 425
2042 1857
1573 767
138 1096
2761 1325
512 2646
1726 2341
2711 1678
2372 1234
291 18
2862 1063
1254 2896
49 1517
1275 2167
387 724
900 1853
1476 1842
1421 1392
3000 2070
1547 2665
2207 2809
567 2745
687 2975
578 159
1088 2657
2422 2780
516 1472
122 2637
761 2872
1356 1830
1274 1418
1009 1267
594 213
1876 1401
656 2735
2760 769
1988 53
516 295
2889 2376
1823 386
2594 535
2744 194
2108 2555
1883 2145
962 1474
1532 1777
2369 2739
244 2250
2315 2841
983 828
1825 2919
886 1689
845 2369
2055 1921
2225 1552
2600 236
813 2367
385 2445
2340 1570
477 2242
1952 1169
1635 916
1134 983
239 2426
2229 2294
2245 2642
669 2876
1561 711
1293 738
710 2161
47 450
2110 2342
975 2394
1572 2563
1634 1238
2582 1844
1669 174
1015 1550
1600 1718
2462 953
1208 1677
1923 1957
515 2202
1503 1134
1419 1396
443 1100
2545 2822
2722 1287
1723 649
1845 2327
2973 2691
505 630
1181 872
445 1205
2476 1739
2560 888
1122 140
2503 2963
895 2752
2290 1885
647 1726
2807 1350
1321 1978
2428 2858
2629 1608
749 62
943 1918
2860 2889
307 1873
15 2121
597 657
2264 2831
2555 882
208 1216
717 1650
2563 965
2884 1464
2525 1845
2641 539
229 1972
908 1508
1074 610
1811 2012
2645 1290
2967 1879
2534 1301
1987 1917
472 718
164 2515
2087 1442
1158 1104
852 2278
1284 2100
2970 947
261 416
1028 400
1122 815
1684 1802
2998 1320
2467 2232
530 124
1573 2001
514 1543
1583 1419
1251 457
2634 1316
1501 1266
2313 1508
429 455
1808 20
1403 1823
501 2144
2160 1766
2081 2726
380 51
867 2565
51 1197
2717 1976
150 2091
216 2614
2332 2863
1175 2396
1953 2123
2205 1323
1207 1682
2022 2045
2378 2271
722 1330
635 2663
26 1595
213 1298
376 2681
229 408
846 953
1562 769
891 1614
1802 6
2353 1082
2610 1410
2940 945
845 1412
2992 775
1131 2905
1039 2689
1245 564
853 1568
795 248
1272 2855
704 2592
837 1193
62 131
1731 1116
2568 2673
2455 2049
2581 1341
569 1038
2084 1670
1698 1316
331 2958
2080 1667
10 543
2020 1768
2196 164
1644 1981
249 1644
1517 1817
963 2809
2065 1249
1555 2785
1806 1762
356 601
1454 1163
1658 2811
2883 2521
874 52
2748 2464
1197 2455
2688 223
354 2565
52 2565
1207 1926
732 2969
2934 2193
945 1374
1204 1815
216 1383
895 1786
446 77
1122 10
665 2309
401 2766
1118 2900
593 125
1204 328
2799 2976
1943 1179
735 1214
2221 2478
619 227
1462 2043
2720 452
1224 2136
1680 2144
1226 1991
2464 1599
2369 2895
2382 1521
2113 743
871 2550
2543 1656
811 1545
1802 1861
644 426
2300 2861
465 9
1086 731
2269 2753
2419 1581
1174 249
1009 1932
2226 108
2543 61
1614 1082
235 672
1814 188
2084 1553
546 526
450 472
2621 2565
2610 206
2947 225
401 454
2075 1663
2599 1194
1258 2569
1970 2946
2253 610
538 261
1516 1436
835 2369
2818 378
617 968
2544 2599
2169 18
54 2193
1453 564
1226 1316
2109 1358
390 2438
674 977
2924 2122
2460 588
1519 1882
1554 2168
1775 651
2774 2304
1348 1672
1843 622
2235 2846
586 1741
1334 295
2291 746
320 267
54 450
1587 1366
1761 2523
877 744
694 1065
1710 146
1130 2665
1746 1207
2987 1704
2957 2571
1192 516
2892 467
2238 1403
106 1580
1569 1029
1241 2959
599 832
1727 1207
1842 529
730 1119
1763 1682
770 1935
2151 1854
2920 2828
823 2859
568 1589
562 1614
183 1711
127 2704
2902 2757
991 2730
2031 2432
561 42
471 2757
569 2360
838 931
2991 1801
2146 1643
1500 1684
1635 1272
2072 1005
1039 1583
1847 2118
1428 2798
1254 1950
548 2302
497 1276
846 1496
1621 1440
234 2777
1833 1886
2410 2341
2099 457
1593 2677
875 701
2776 899
2654 1786
2144 1312
509 479
2985 855
2827 526
1069 2655
2289 1208
84 1665
2617 1233
1762 2630
632 1147
109 70
1815 924
868 1296
1867 1932
223 1255
128 2539
1693 599
1092 2756
455 1288
2917 1975
315 84
375 1326
1044 689
872 2501
437 1853
1124 1666
1712 2623
2323 198
2900 2689
1296 1032
1187 382
2682 861
1831 2642
1701 2193
2901 2801
858 193
370 2681
1716 1705
1179 53
1620 2263
2418 1514
823 1550
727 1527
2436 2253
1220 370
2896 2160
1873 439
1858 560
668 2494
2662 1610
86 255
649 308
2003 1045
2620 1088
2672 1928
806 2492
2591 8
560 2263
1121 803
2019 766
618 430
1890 1580
2928 60
2547 379
1550 2162
1859 854
366 2997
854 797
2568 2213
2134 1502
1981 1209
2273 2202
697 2477
765 1480
2328 1889
1886 2059
2285 1809
2099 335
1148 2268
157 2849
486 368
1015 513
1015 1648
1290 1620
367 2350
285 2328
1205 1940
1469 1595
2603 2190
1305 1413
485 1998
518 272
1179 2353
259 2205
192 2810
2639 1128
1509 1160
724 918
2265 625
2915 1211
89 496
2326 381
2529 2880
482 167
2542 851
999 2458
132 197
794 1558
676 2488
1961 496
150 1287
644 500
2495 1312
2990 848
2587 1714
2006 1842
1771 1706
2726 2263
1600 207
2434 793
2437 2039
386 2279
234 207
1038 2668
710 1014
2212 2133
1112 2283
1912 446
2737 444
560 494
2511 3
1279 559
1561 635
2468 2425
2182 2134
1388 1305
463 1661
288 2955
1525 2017
2258 830
1785 2629
2806 2651
2131 1252
1977 2979
1016 1042
2006 1046
2253 315
563 2043
1756 48
2463 2907
1910 338
1034 996
2813 1940
2729 2493
936 675
2333 2894
219 420
76 430
2611 1213
1702 1423
1591 828
2595 1605
1838 2279
1140 580
2664 1909
2918 1595
2588 2003
1826 2798
1401 460
2172 933
881 95
794 409
2109 1469
1861 1629
2819 2925
2892 60
213 2369
2858 2758
940 1411
1156 2152
2404 793
2932 2134
2487 1181
2622 2982
356 1221
2106 2851
1073 210
549 2945
2545 316
1637 2017
2329 3
119 1792
898 2043
275 2821
2393 2864
1561 643
701 1664
1071 2684
1669 852
1740 1551
2621 2860
235 2471
1605 1089
2017 2882
2230 302
1523 1644
2749 1417
1752 1681
2850 2401
1415 1592
1226 2791
2398 1601
636 291
1468 1159
1326 625
1033 1725
932 2435
415 392
237 2694
2854 2194
889 1407
512 2356
797 2669
1940 1718
1005 345
373 2730
740 1555
1611 464
1941 1224
2854 2307
2416 378
2478 706
1311 1746
1636 1374
2450 1213
2631 1929
1378 935
2904 2509
2786 1667
1068 1658
1581 450
171 2088
954 2733
1910 1011
254 1219
443 347
249 943
1237 1605
1669 2254
819 1543
1183 1575
2646 605
1008 2180
39 707
34 1110
1027 1455
1432 1153
1390 1389
1900 1683
1130 1260
2076 1038
2277 2666
2818 2118
1468 1559
665 818
2076 2713
2279 650
2221 658
675 878
257 971
1132 263
1629 2002
1235 1561
2545 1252
1421 1464
38 618
824 1858
2368 734
2802 1844
2844 2420
800 2947
358 2597
2018 1952
344 85
426 1107
246 505
1341 2532
1563 2876
2938 1121
1643 2623
82 824
85 2263
2267 2511
1614 118
2693 1135
2164 2409
2160 1354
885 1503
2440 1049
2659 671
395 1419
2120 625
40 1839
1301 2064
227 687
2109 1111
1592 1671
793 454
963 1783
1660 2073
1594 866
2397 2670
1506 601
2563 1448
2675 2112
2077 13
1810 1290
1941 2196
2517 2775
399 2473
1543 2668
1370 740
2257 2530
1491 2734
1056 1776
434 2050
2196 1579
154 295
2952 173
956 1781
1476 2425
958 1525
692 1918
1478 386
2063 1153
572 968
2125 2356
1936 993
2996 2276
1845 699
2497 2388
318 1629
822 1749
43 382
2178 2874
424 1919
357 2205
2642 67
596 2376
1706 2295
28 71
588 530
2880 1398
609 678
2772 942
433 2338
2161 1226
2518 924
2225 1867
1678 206
2494 118
386 906
161 1312
2657 1756
1302 883
1197 1185
502 2396
1241 2590
2671 2561
2544 34
962 1862
2920 1709
62 1570
581 1625
2977 105
544 2630
2553 769
1738 2212
593 2441
1729 485
2091 278
1893 2504
686 1402
703 2255
911 2108
2382 1732
615 139
384 896
293 2801
560 2662
2013 1557
603 1267
481 1075
426 1367
2262 2839
1833 2688
1516 1077
1344 2322
980 998
2256 2572
1408 2791
1854 2112
2398 106
205 937
401 2569
319 2054
1441 497
330 1282
1635 800
960 2781
2334 1377
965 1767
1626 637
654 1882
338 1716
2989 2842
2172 2424
2962 1340
768 1367
1850 805
2058 2141
1578 399
610 982
468 2841
247 2373
2995 1719
826 910
2347 1233
234 1756
2181 1587
2737 1622
2723 1322
2811 778
2477 256
2605 2970
1370 529
419 1235
1167 2896
2442 771
2594 1026
2964 954
293 2513
2896 2558
357 1913
2631 261
1411 1522
2559 2905
432 2455
1886 1640
1403 2972
1457 1920
2020 437
2551 409
2827 948
1772 957
495 2982
1814 1693
2454 576
15 707
214 1565
116 2165
1065 2687
910 2802
1546 2962
72 584
209 345
1438 1322
369 336
1926 1724
2657 172
567 553
352 409
2680 336
1065 2342
2268 154
306 787
1823 222
713 2811
2024 2915
2210 1506
1096 1555
259 1182
407 467
2408 1669
16 1859
2335 1510
1576 2523
2227 2226
1726 2200
2281 528
571 1912
2335 2493
1073 2048
2410 2938
1511 1977
970 1378
2651 2915
1868 1499
2466 1379
1312 1045
2421 997
1895 2731
2685 2878
413 2950
1449 2026
100 2534
1284 667
2356 277
538 568
1312 2334
500 1642
2026 1635
1478 152
1119 572
1717 1492
1489 1771
699 414
1598 2555
2514 515
2675 2368
175 2333
76 1097
865 1874
1914 509
964 1708
2481 2729
1431 1500
466 1746
1256 992
2013 1033
2550 2022
127 189
2488 1524
1274 2744
1839 2314
1316 2010
983 702
1476 2649
2835 2367
2149 1005
108 105
2435 2791
1616 2807
2165 1833
411 206
1595 421
621 2532
2833 2293
2136 2426
1974 2478
658 2027
1342 2321
2228 1695
1471 139
1231 2100
1514 2327
980 1165
2190 1348
506 504
2874 61
2484 1670
1436 2550
2939 3000
524 1338
1767 2749
398 1608
2485 2392
395 1593
521 553
1395 447
1411 1323
1628 865
1551 2007
1803 2543
1865 1195
232 126
1805 1088
1516 1007
1449 2195
1533 835
1298 1977
168 1083
1470 2389
502 2320
589 397
2136 1635
839 1743
2150 1483
698 803
630 1525
2678 2462
2089 2740
6 1707
1398 2802
370 2484
565 275
1602 950
2943 254
2017 2432
1319 1730
1849 737
1158 2645
1109 2241
1965 796
830 195
2162 2939
1061 1135
2465 2386
1813 354
390 579
227 1256
350 921
721 1450
1221 1411
1171 2145
970 1583
2566 2962
895 1172
2904 2256
1272 135
2072 1303
651 1017
703 2190
1292 1701
2385 609
434 730
539 1675
1156 1911
2869 1681
1903 616
2632 2660
660 1514
1609 1822
730 1705
1840 1004
1267 988
831 2863
1517 255
2947 772
2775 2209
1559 1437
2893 2009
455 2081
2963 1896
1267 1884
1407 1547
2635 2408
1691 763
2162 842
140 1196
1360 2629
1846 851
2935 1015
1197 181
1136 2678
1779 1441
2 1033
2468 840
143 795
885 2327
217 1567
2694 2703
905 2752
2982 1324
1633 1002
1106 2311
1401 41
2861 401
955 2618
1498 1444
952 30
1870 2229
2890 2633
2283 2784
952 173
102 2026
2677 437
2352 2782
284 1927
1695 290
83 417
1295 346
987 2634
1591 509
720 1165
2357 1591
1130 1321
2076 2338
613 2389
2377 934
1902 1709
1737 50
1629 863
2435 103
250 870
1983 2786
937 253
1637 1852
1190 2682
1800 1025
1450 604
2426 2161
1373 2738
1653 1143
501 643
2816 1419
1759 841
2040 2107
928 935
709 2130
1492 932
2302 2944
2657 38
1307 1596
860 2212
1360 1877
1411 1289
992 1468
1333 2481
759 450
1290 2437
1644 2432
1717 690
2942 2099
2689 1519
166 2653
879 2797
1424 2591
566 2592
875 843
1772 2509
1657 2293
1897 2617
2653 953
920 775
1699 1502
2921 43
615 377
2487 355
826 2818
2983 404
945 440
1820 338
833 579
512 2540
2519 473
1006 370
1866 2377
1945 1851
1704 2080
2027 734
1394 202
293 2607
1442 2265
2605 422
464 1245
1424 2183
2837 2205
1333 971
2786 338
1495 2321
1100 1438
326 313
1514 1243
1468 2168
708 493
888 2987
2478 678
483 974
455 1124
869 272
1259 1731
2347 165
1056 2747
2723 158
2485 313
2437 978
2330 2743
249 1930
2091 1029
2906 1210
885 1435
1562 1740
1472 1623
1656 2762
2338 205
2411 2841
715 81
750 1322
2806 1774
2392 249
2817 2315
490 2002
2726 1317
1701 1635
838 1442
877 1416
1514 474
694 2040
2446 798
2814 2074
1123 1700
422 2221
2922 914
2939 2248
1480 963
2008 856
2068 1261
225 1229
2150 1120
338 1458
2802 2142
2644 306
1179 2996
2436 1091
2588 569
47 174
2429 879
71 1706
2503 750
829 2438
458 1062
576 1710
2700 2428
805 1920
736 1598
945 1267
727 1974
1353 2835
20 2792
2809 2476
1610 1764
2701 201
817 2143
2933 1042
526 2565
1224 225
407 2790
99 1922
1039 1862
491 1574
2071 1077
1999 1475
1475 494
1027 1190
410 11
99 2321
1486 405
1462 1412
707 1758
517 531
2346 1854
1045 1383
1823 1325
1080 1856
307 2055
2989 576
1107 2120
1237 1472
63 1610
2280 2421
927 274
1453 2889
805 1033
2296 940
2781 1380
312 1327
734 2762
252 1138
1292 1312
2190 2407
116 2985
563 1423
1314 2800
1424 2380
2470 2266
2986 1089
1091 1266
1995 2892
2833 2306
218 1982
2110 1462
2473 2229
503 126
1576 1440
1370 1467
1622 1030
1850 2567
1402 1067
1281 491
345 372
1866 1194
1680 37
250 1793
2662 2906
2647 2687
2762 1766
2696 79
2703 2153
2389 1003
1754 2627
1510 2223
2782 2754
1189 2469
2695 2171
37 1426
2524 1777
386 2105
28 1979
1596 542
1930 183
946 2226
1407 2538
579 1682
864 499
887 780
2842 1219
1872 375
2112 1911
2172 1462
2205 1152
2677 1912
2184 52
166 1389
2947 1442
253 2254
899 2149
739 2153
2803 1271
2397 63
651 2978
384 218
626 2460
878 238
530 570
323 2213
2205 2776
690 888
1498 2344
1557 174
367 1433
1 242
2642 2757
1327 488
2807 1772
1437 1510
2396 577
2413 193
2430 126
805 823
2438 1012
604 1545
1550 1059
90 746
2616 1941
475 1375
347 830
426 2632
2471 848
291 1725
315 56
2471 2613
881 1194
2738 1323
2744 2602
584 1082
2793 46
560 1193
1678 1628
1756 1983
2147 704
2443 1501
1951 1493
1205 2104
1295 928
660 1505
1548 2602
1053 1032
1917 2168
2399 2792
2956 863
1465 2640
2243 1434
1509 2729
1697 1203
2693 2329
2166 2436
2935 1910
935 2905
2457 329
601 519
940 2542
1408 1218
1146 1326
134 1967
1936 410
2543 2841
826 1425
2340 1638
360 2772
2031 1866
275 2762
190 1076
2623 1499
2480 568
1417 803
2889 1645
274 690
2922 2402
2350 473
1918 61
388 176
2047 2353
2643 763
696 1243
2039 2471
2472 2419
1196 2471
186 2300
211 681
2437 126
1539 2340
338 1918
1735 736
501 2266
2491 644
37 1528
2578 1702
1192 2554
2090 2629
1958 1524
1872 1623
1135 1003
472 2841
869 1587
561 505
2108 1843
1207 2211
2501 1707
1536 2464
717 2164
2273 397
2698 2845
2154 2835
594 2763
1442 502
1481 290
1337 586
1971 684
1240 1584
677 908
1645 1388
288 958
53 1291
2459 1754
1060 1570
931 1759
383 1570
1807 461
648 67
860 906
295 796
1274 1583
1121 2724
2877 371
969 1088
2720 1402
2327 2979
2214 1919
2569 2143
965 1217
2071 1352
143 1777
705 278
626 876
2163 1100
2380 2783
1158 1509
2233 2131
2771 1958
2603 2724
2728 24
2046 552
1533 2369
1911 268
1323 2655
1253 679
338 1670
221 2589
2617 1029
1718 1823
1379 1393
1216 1566
2744 2634
2459 1972
1894 1258
295 1384
343 2082
1804 1522
2956 1019
2929 1899
429 270
2510 425
1438 1866
2812 2709
125 1855
895 1185
1132 446
1490 1288
2976 1259
2859 1203
388 1578
1216 1769
2211 841
248 1097
131 1187
2810 932
2003 165
945 1975
978 395
2441 2102
2133 408
1400 839
280 1958
491 1673
2724 2864
949 523
1737 2131
1835 1204
1261 483
1365 1886
1437 563
1299 2232
1930 2555
1229 2382
1933 464
2493 2631
807 2711
638 1979
388 2685
1842 2791
2694 2602
2894 1660
2306 2569
291 581
2722 2605
2298 2574
2703 1206
790 1935
249 218
2626 838
2255 638
2162 1046
1022 205
955 2740
627 391
2899 2190
2943 2310
17 1193
267 1181
908 386
2583 2424
2342 2932
76 2475
2163 1080
1453 2351
944 649
671 1693
1237 411
2051 844
2855 939
2963 470
758 1195
336 1285
2272 2849
2272 73
340 1954
492 259
1200 2506
156 2788
2073 2398
284 1423
410 1186
616 794
933 1243
1331 212
1255 2022
530 2910
1637 1783
1040 892
462 415
273 1175
2898 1799
1480 1699
2997 791
1555 338
2936 1128
402 1202
1634 2725
2537 2314
1546 438
335 2096
51 962
1535 328
1127 102
594 769
716 312
282 852
2811 2410
1407 1356
1103 2955
711 654
2575 1276
600 135
2538 1468
1771 1989
1740 101
1094 2908
2858 1794
460 2405
1261 2409
2594 2598
2421 571
1800 2874
2326 2090
2243 1694
2207 446
992 2335
246 2056
592 2329
2314 860
2610 1895
782 2707
2501 2987
410 61
1839 250
206 1827
613 1502
2475 1716
380 2039
2320 1112
934 2756
2541 945
571 2401
2536 486
897 1697
963 2652
2488 601
2131 135
1718 1919
2718 2984
2438 1198
293 669
2152 2456
2868 1900
1448 1377
37 1320
2081 1437
543 131
624 2693
1988 1949
1542 2005
285 28
1984 1165
2834 1883
2087 737
2550 2125
2124 1590
280 357
2951 1720
1604 2341
439 1184
1739 1468
365 2249
1553 1814
2332 449
751 865
501 2079
2889 2497
1997 2836
2835 2147
1772 641
1639 1626
1575 2582
2655 1932
1560 2752
1189 1551
1632 2412
1286 225
282 1001
740 2339
234 1878
1993 1092
2560 751
2018 1267
2270 661
2566 1046
1017 1110
2638 1617
737 190
974 412
2418 2913
1580 2101
1539 626
2398 64
2371 1128
2778 2509
606 2500
2763 2855
39 524
339 1927
2759 361
1759 2333
714 2170
1399 313
2283 894
760 2314
2943 2498
556 1879
753 2557
1189 1468
2378 111
1537 1305
1669 2539
2278 2621
2174 1636
1751 2448
923 1433
1707 1835
2232 2979
36 2116
2927 245
507 1423
1112 967
2378 612
2921 2642
1661 2002
1823 2386
2098 1009
1404 2841
1704 2219
1400 740
1421 2461
818 2405
2659 468
2658 1746
387 1678
1546 2177
2688 2238
805 412
2461 817
2806 34
1798 1531
150 2356
2586 48
2587 1146
1480 2124
1424 488
1696 2969
2852 72
188 1817
1742 1547
1101 1059
2810 2256
2194 1310
1818 1588
2924 344
443 935
1612 2120
36 730
63 2905
1337 2974
1931 166
170 192
2167 80
1162 2040
311 47
2550 2369
197 261
1552 2595
1969 2803
673 1845
1458 372
539 3000
1273 840
1703 2133
2662 734
82 927
944 1813
448 454
2991 2891
2910 972
946 664
2971 2288
687 1
1987 2509
2921 2029
919 52
1178 2971
1792 210
1189 1315
1468 13
1109 54
2546 2768
201 1195
2672 112
404 1334
965 1224
1917 2844
2768 2896
210 2520
2060 2085
2045 2495
1738 2104
2199 253
2962 1749
452 101
625 2293
1031 2701
229 769
2079 1925
2949 2114
1395 1160
756 1978
653 1357
2075 1505
415 1607
1877 2099
2727 319
2958 1699
2672 437
2565 1299
1326 686
417 483
188 296
504 2620
1754 2860
1720 2605
1205 496
2467 2065
1097 2744
417 985
1340 434
1035 2377
2667 1327
393 72
173 1049
2160 2740
661 1613
1227 1229
2904 1516
747 490
2080 792
1146 1037
608 666
728 1483
1987 2800
563 1992
969 2099
813 2923
383 2383
1142 2850
1895 1291
895 665
2817 656
1687 2490
986 2590
747 946
638 241
2901 1310
1502 2050
2106 38
1934 1619
2692 1083
105 909
2969 1724
2255 1220
1802 6
2856 1685
921 2802
1086 2819
636 757
677 1011
1144 1097
717 2873
1984 2343
1429 1467
1892 537
1796 1607
1607 844
2335 1191
1556 537
1840 687
1799 2057
1459 639
2781 2778
1226 1926
644 2961
2278 474
2751 2310
2072 352
1121 1126
2152 165
2848 2343
2275 1577
1159 372
144 1645
1241 2114
2969 1457
2310 1845
957 774
860 2613
1918 1977
1729 2281
935 778
318 2902
2188 596
2100 2904
2501 1490
2196 1579
2258 100
2439 2204
987 99
493 2715
794 1697
2490 715
625 1467
371 1663
2179 2668
1164 2388
359 1233
2206 2671
502 1286
269 1197
469 104
2497 846
2834 547
293 807
2119 1339
2869 1062
1155 1901
1873 1302
2148 1296
79 503
154 2775
345 2815
2137 966
35 976
2432 1432
873 764
210 823
859 537
890 628
1632 2910
1643 2476
2942 586
1103 2168
1822 1079
1602 1773
1000 873
1498 1746
1527 2324
571 381
2797 2588
1067 2816
553 347
1675 1921
2108 2253
12 1507
2350 981
2718 180
1091 2311
2627 778
2002 304
101 784
2483 1176
437 2112
747 108
2552 2562
982 2919
1890 858
1516 2639
1515 1242
1197 1858
1181 852
2426 559
434 2173
2002 747
2651 2237
1461 257
1608 1454
1745 141
285 2423
1044 789
1133 2273
51 88
1345 795
246 1609
2683 1628
2593 342
2523 82
832 993
167 2777
1734 735
114 1564
2055 955
960 1781
659 2756
1770 2685
1478 18
767 1588
2386 306
2372 2748
1197 1274
1679 120
46 2147
1601 920
2082 1290
548 2382
1117 2808
1951 46
1047 389
1686 1408
744 1538
1688 1851
2164 1093
217 2268
462 2788
2675 1890
192 2329
1229 843
2699 2068
246 118
1106 158
504 957
2366 484
222 36
1040 2774
1115 1739
1547 959
826 1734
2472 1831
2511 1637
1680 806
541 652
249 594
896 2003
1605 821
769 1475
125 1433
376 2220
2217 1955
1298 1052
504 2498
2356 2457
351 1008
2830 1778
1612 1883
1583 898
2349 201
285 2353
348 2983
284 2515
85 366
2085 1540
2493 295
1110 2210
2431 410
346 1023
2579 2663
2679 2089
2839 963
566 1997
1447 1785
668 2586
171 2606
2213 2940
2788 1180
1180 1578
1406 266
1316 1079
1097 1897
1620 467
92 2588
147 1048
1499 1901
1949 1054
840 2884
663 197
604 2584
2506 1983
2328 1850
290 2777
2971 636
2188 1692
2922 294
876 1535
2861 2714
1448 266
2080 1300
2206 2524
1370 692
1067 1942
2928 2028
2645 2695
2392 2172
1885 1585
1799 1407
512 1346
66 1588
1480 190
1633 2526
1954 338
934 2349
1980 1643
1168 439
1029 1688
259 1928
316 2034
249 2714
350 2837
2268 365
2165 2694
713 1063
1754 2511
1745 616
1676 2148
1249 1592
2666 1183
58 1536
200 226
1690 1369
1697 376
2318 1049
993 1729
932 185
1116 1163
1498 2775
2593 397
550 1008
1680 1548
1857 1425
2689 1929
1055 1945
104 97
2699 1883
2535 1757
2561 2890
2722 1249
2845 1612
409 2561
386 557
768 1077
205 321
2132 2427
1364 2854
733 2671
781 2822
1379 2946
2751 2256
2 2790
545 2678
2451 1890
473 1166
652 1089
939 1782
1117 2026
2303 1142
498 222
2638 1637
2981 1901
1288 2849
315 655
122 1296
863 1476
2717 1758
2810 2022
1318 585
2419 2219
546 1055
62 2710
1377 1957
1773 1691
2141 1511
475 588
122 2279
1517 908
2080 2866
150 2185
934 1613
1220 738
209 1254
1473 1182
2000 1433
1489 152
2755 298
1365 191
498 2579
2723 2120
1625 2182
137 1053
766 1401
2202 364
2325 1053
2232 942
2539 2886
316 1255
1480 1803
2945 394
2845 608
2893 1696
15 399
116 2232
1189 2915
2938 2735
680 112
1738 2699
1441 210
2601 1390
2608 944
2278 2107
1981 1644
487 1662
462 2048
546 2062
2260 2225
2133 2392
713 2847
2086 2405
1652 1561
914 1088
1381 471
2813 2148
1203 1968
405 2242
153 486
1502 2309
2214 2090
2257 222
681 1078
468 1423
101 1068
378 681
1582 57
2479 2035
1800 1469
1270 344
1296 2410
1896 490
2032 2696
353 705
618 2230
1982 149
1595 40
1551 1567
2681 730
2460 1129
1715 592
1579 2283
2940 2941
435 2206
2663 1522
1881 1921
474 2326
2791 1784
2865 54
2996 1217
2622 1183
1696 2232
2130 1811
2702 2563
2789 1568
370 2373
2176 535
2460 108
2687 2213
2232 2258
2711 35
2656 1642
2109 861
435 1308
1358 1311
2552 2881
936 789
1845 2787
632 2726
661 1959
2854 2317
2049 2069
1071 1227
593 2011
852 2584
567 516
576 536
1851 2462
1211 2794
1300 1680
2917 1908
438 681
1113 203
1749 1382
2991 644
1857 846
845 2904
1238 871
1798 2943
1507 1294
119 1449
2408 409
15 2432
1653 2355
2921 1908
1777 2346
956 13
620 1405
1012 1867
185 2076
1360 1689
2322 2923
655 1220
2528 881
1436 1758
906 1230
2657 1579
225 2989
530 2242
1404 1853
2386 725
1491 1529
2080 2728
860 1214
1472 751
2681 1901
2287 246
1927 519
1185 2564
128 524
75 1749
2510 1266
1734 1518
1970 702
2045 565
2407 1963
2614 2993
1782 2787
388 651
72 2446
2264 1255
923 233
1032 209
1322 2116
556 2089
579 2726
740 914
743 137
169 2972
1376 1086
1930 57
2254 606
1708 1202
523 1399
658 249
358 1812
1701 1129
2582 1231
1648 124
204 2831
2393 2248
373 2996
1376 1058
1396 1984
2324 2457
2191 773
1001 1897
2261 2438
2444 2584
702 2763
864 2705
1508 911
1583 2839
303 2011
1617 1721
1013 969
168 663
1427 862
2496 953
596 1129
2196 1337
2268 1805
565 832
2290 2771
142 1281
452 1499
1922 2294
1501 1218
58 2858
1948 2489
257 2220
778 935
1729 2648
122 1464
840 906
2548 202
2082 2073
608 1059
2122 519
2675 2101
805 1437
569 1272
2387 2250
2117 2481
2379 803
2663 2693
46 432
1462 1307
1273 2496
2673 2771
2817 2578
2471 2248
940 2642
1216 875
716 2034
2665 2248
1683 514
1183 1699
2973 581
505 704
2560 1165
1853 664
508 1217
687 2790
2202 1093
1236 1376
440 1754
2976 1584
1523 1947
382 2273
830 679
748 248
558 1147
2999 351
1441 2212
1390 1586
1077 1123
2457 2945
196 2762
186 263
2641 2891
243 2411
2354 357
574 1093
593 2680
1240 1099
765 1790
1929 535
2585 923
598 918
1998 454
2153 2018
953 555
2904 2183
1401 1612
2856 1588
2353 188
1065 298
1973 551
1087 276
2673 2552
2594 1237
13 440
724 837
2408 2499
1006 1348
170 1569
716 2326
234 548
2998 1938
1416 388
359 1717
1281 2550
1169 2599
2613 1599
295 1162
1716 1673
1285 1129
2161 1667
2663 694
2694 2719
493 2364
1356 2871
1080 2805
365 563
1027 2013
169 2392
1437 2907
2204 2900
1706 2753
466 2078
2804 1083
290 1138
246 660
1650 2936
1705 496
204 1243
507 1780
33 1684
1514 1252
1031 2985
2986 1256
2287 1236
491 1054
593 1647
2632 2325
1455 1590
1510 333
145 2179
1617 2568
175 2581
1333 1317
1846 1159
556 1623
238 2356
1368 26
1334 2666
2848 2708
1042 2115
1529 2776
44 97
1932 2785
1473 316
816 1414
1612 2865
2998 916
2185 763
2272 1320
2034 412
1924 1614
2126 524
2749 1492
2216 2823
1602 1390
1464 615
1985 957
1829 1605
399 1549
1053 454
1247 1908
219 1626
1210 650
262 2305
443 1362
2795 1384
703 1385
2115 199
1350 2068
668 2453
2019 2599
579 1324
1707 847
1233 627
340 1207
1062 592
1548 1845
2712 732
2992 2686
854 634
2140 2002
769 2693
590 505
2974 2082
409 1257
1554 1142
2364 938
1394 2294
223 1910
2761 2199
1323 2064
2007 808
2045 623
1478 653
855 77
1819 1429
817 1274
1579 1156
491 86
2629 1102
2873 925
2440 207
1251 157
2153 1429
2199 877
1948 1575
42 2111
2303 2747
2595 2024
2487 1783
1092 683
2389 772
254 1605
1326 2697
1146 297
2895 1970
209 1194
1502 1749
1606 1831
2543 608
1197 865
1150 2168
357 1927
55 2084
1141 2200
1214 2059
2753 925
1784 1447
1157 1657
669 2598
828 2161
1943 1474
2623 1977
162 771
271 2194
1564 1495
1806 343
745 1422
1509 367
2621 804
1135 365
80 1980
230 1766
2656 2236
1609 1614
1726 510
1166 2642
2182 1144
650 1899
2232 2214
2649 1029
1264 677
2250 2233
2882 1823
596 1234
1374 2370
1319 380
1904 2359
1978 1808
2085 128
2661 2208
2312 2688
1550 2705
132 1694
1172 1757
680 28
407 924
226 2247
1354 458
423 2710
730 1486
2925 2893
733 2756
2896 1827
1663 2943
2016 1309
2675 1002
2476 1873
1224 1160
1031 2871
1041 1393
1531 1663
1153 1333
513 1496
1061 410
2799 1673
441 1854
792 2009
2322 1379
744 2642
632 1022
2749 1036
1751 920
891 1482
1500 2643
152 609
2438 2617
2180 2888
1037 1223
403 1054
2646 1772
590 982
1263 2558
2166 706
2984 1702
216 1737
1241 2664
2425 2058
2988 2617
605 2781
2366 117
1251 2293
2612 841
2828 1314
929 2752
889 336
714 2611
1406 466
2692 722
1263 998
1000 1084
989 1227
634 1558
475 1424
2633 208
2769 444
114 986
902 1416
2339 1124
1957 179
2680 2106
2832 2897
288 2695
2941 252
2247 1513
2307 1654
2739 2449
2731 1579
1511 2444
300 2894
898 1619
1595 2376
407 718
1791 964
1220 2464
28 665
1232 513
2965 1578
2832 2083
2613 1058
2446 2797
1956 743
371 420
2593 2261
2951 900
2516 810
1203 1637
290 505
1488 2025
1239 1633
1563 138
1957 1216
1404 1569
1948 1949
363 2844
708 575
1801 993
2496 162
2761 2951
384 1939
1980 1092
2437 1880
2189 1127
479 1157
1723 1822
1346 1716
2589 1197
2020 605
361 1322
2101 1636
1614 2128
689 819
2608 1347
2280 408
319 979
2815 2241
806 2684
1244 1558
665 1194
2478 2279
356 467
1684 2148
2196 2191
2159 479
1193 1516
149 2059
496 1286
97 2969
536 1047
2411 759
1734 706
2062 814
1236 2492
795 858
1534 62
2062 995
745 350
1536 1951
2827 126
2130 1267
2997 1519
946 2900
819 969
20 2386
842 2964
1281 2323
1932 320
534 621
52 1517
2747 37
2977 360
1716 1067
744 2244
571 1557
1002 2630
991 1856
1662 1399
1977 2226
767 542
2066 1789
2178 1075
14 2349
253 1650
943 1617
2810 1050
557 608
1838 350
2853 2452
1011 682
603 2437
2085 2465
1315 2442
1181 1528
526 2621
2038 1342
1135 1524
210 295
1954 1322
928 379
70 2570
183 105
400 844
2654 2912
2204 466
1040 832
1409 1822
38 982
535 1086
274 1088
2650 561
135 2470
872 236
1550 526
114 1665
2068 236
246 2611
2828 1882
2788 1854
2225 2682
2093 215
2731 1055
2393 2878
352 226
505 1908
2042 733
1554 2663
308 2480
329 2165
2743 2064
36 1745
580 1585
1799 725
772 2922
235 791
178 535
363 2465
2162 932
2232 1509
2821 2492
147 1001
454 2882
1707 2719
2920 1266
2903 767
316 2766
1960 881
1214 163
352 1776
2870 122
1538 737
2542 2357
2471 1080
1734 1414
2307 158
1649 79
277 1881
1940 2843
1991 554
533 1485
789 1087
2392 338
1476 2273
705 1402
2775 541
1991 5
2382 1556
158 2219
1288 249
2193 2882
1613 2437
1730 1599
2147 2542
2996 890
503 1370
1054 1817
1621 1302
1589 846
1222 2478
580 1443
629 2469
2973 749
635 1736
1968 571
178 1488
248 1413
1838 843
1641 1374
1726 2174
1581 1614
1112 1341
2741 435
1033 2153
1896 2277
2613 2079
2514 2059
2555 2740
1400 1477
887 585
1534 1197
2492 2572
906 1357
951 577
981 2556
790 476
2556 351
2436 2734
638 2843
144 2600
764 781
1677 329
261 2025
2017 507
2827 2566
516 1285
493 2163
182 69
1061 1191
2595 526
2498 2071
1927 1569
2962 1854
2064 2135
2563 1559
394 33
2962 843
2086 2658
994 880
1010 2283
2944 2032
665 2543
1630 116
2212 157
2490 300
68 1391
49 131
313 475
459 2228
2074 2140
152 466
2910 1747
2241 618
1546 2199
1264 1335
971 343
374 2190
598 30
1122 2551
1675 2700
237 1857
1211 476
2423 2929
1788 2205
1502 2080
1498 1097
449 420
2612 700
486 1783
2050 1642
1849 956
749 2924
1534 1972
2834 2427
228 917
1033 2122
1235 2923
1842 1610
1482 758
1456 2118
1863 267
1180 765
1073 1223
850 2147
1979 388
436 2711
1523 527
2301 2761
1024 683
708 1302
1721 432
20 1646
813 349
1579 1278
1007 1666
2009 956
2898 2090
1144 596
2689 977
2416 1963
919 1299
1824 2928
108 1898
272 1405
2096 1462
1361 1034
874 1562
1587 412
2965 805
10 2333
1415 629
263 2963
2102 595
1912 2730
363 1741
1105 2214
1426 1389
2952 1266
255 616
1314 214
2632 1198
88 608
1178 2275
662 2122
2965 2129
2233 472
2371 1667
1240 1549
1537 111
1011 1567
1112 660
2549 2368
2172 678
1700 539
2992 286
2277 1852
2044 397
1746 2456
2961 677
1080 2511
1707 2223
2556 2420
1322 2215
2966 1882
2035 381
599 303
2903 2107
74 2116
1443 2523
1265 1662
185 797
1615 794
907 1027
2127 1925
1902 1913
1974 939
259 1465
237 2642
604 2755
1259 196
1826 421
2881 1518
1617 1567
135 2354
2001 2510
2771 2517
1912 131
1346 343
960 1185
2490 2731
552 244
1324 350
698 1670
2221 1750
849 391
1719 1982
1601 1893
1014 241
2780 1660
2855 178
2079 1977
2455 635
1721 1158
507 2299
1043 2663
1854 2842
1645 1460
2136 2905
1344 2411
1912 1839
1465 753
478 2041
911 2134
1968 998
1221 574
2507 2715
1206 542
2 2508
2306 2176
43 338
918 1588
2126 1947
916 2749
1044 621
1673 817
2705 507
1557 2454
2890 2845
1228 955
1797 1061
175 2553
2606 993
2329 2996
2555 1352
1177 510
363 2545
2881 1746
1022 2620
2614 2817
2007 1474
2129 1917
1907 1241
2840 1923
105 344
758 1533
2541 867
1347 2869
2079 2589
2436 494
804 652
604 632
510 1629
1759 346
426 1980
2212 2496
2524 1419
353 2945
702 1399
2837 2281
1876 1026
1516 387
2 1453
1939 2648
2435 1313
348 532
2840 450
2251 2043
2589 1550
2411 2671
700 1871
2235 615
2025 1931
23 2901
1751 28
189 835
2849 945
434 851
1809 61
2705 2878
1368 237
2019 203
1323 233
1468 2247
1787 2040
2919 2743
185 418
739 1436
1189 200
1001 266
1076 352
2609 2352
1885 394
163 210
2166 2068
2825 1506
1185 1741
1999 1789
1490 1608
1496 2111
1596 173
794 2110
710 291
1614 1609
2167 2066
1641 2972
1586 480
98 1975
1251 1374
1191 2433
2657 1771
796 2203
1662 1935
1390 1505
1958 2457
1780 2600
2556 1534
2114 1658
902 1654
2075 1007
790 409
2035 1629
1684 2809
307 688
816 1181
240 491
1584 1805
2293 754
180 2256
2313 946
1497 384
2103 1726
1513 2072
2762 1371
899 278
2766 350
2335 1721
1972 2517
1446 2585
1013 117
2577 1241
1379 131
687 1807
71 716
1857 1700
1514 747
669 1164
207 1235
1608 369
2434 1070
2479 1206
19 1053
2687 2418
2607 730
1557 1918
1021 136
251 1298
1724 2471
1652 2291
861 2235
1935 2903
74 447
1882 755
1526 477
2119 319
729 1728
841 15
1039 1902
1551 2765
1109 2832
1750 107
1212 2800
2296 2508
916 2223
1364 2585
655 1051
981 846
499 398
19 2924
1503 2704
2496 1986
736 354
2345 2774
2020 200
1735 2437
680 526
752 1906
1153 1226
1832 1675
1193 946
2521 704
2322 39
2783 1612
1720 2274
2521 2722
1981 2104
1492 949
2894 2623
1423 2297
108 2166
2605 2494
430 1268
946 1984
1069 194
724 965
1444 945
1312 18
1438 1061
2804 287
1059 1156
1794 338
2200 1010
1732 2347
2454 2356
2223 2645
747 1673
2080 1258
2690 1975
1109 2707
359 668
777 1508
321 312
2176 2467
702 49
498 241
345 828
736 208
2147 404
2663 2970
799 2898
288 1901
2932 1006
2560 2147
1744 815
560 282
776 2949
352 722
1782 1081
1009 2800
1851 1032
2150 991
1182 845
2160 1741
2229 143
2567 2423
1413 1353
2637 2054
12 1139
2938 988
2231 541
68 2604
2120 2767
1195 2152
1949 2618
1517 1831
1960 2999
427 1455
1837 2577
1712 1606
2824 1171
2770 2030
2589 1854
1026 2905
340 1357
511 2417
2156 2535
130 1125
1732 1413
2228 2462
2461 1501
296 319
2866 1664
329 557
889 2741
610 2903
888 1810
1623 297
414 314
185 2114
2876 2122
76 2284
244 278
1774 1253
2674 2897
2648 1079
1104 2497
1401 1419
2929 1464
1965 1978
1382 2053
2715 2752
2902 2398
2622 1415
2816 1067
1271 2784
44 180
47 1577
1452 2537
284 749
2434 2494
950 1994
1941 2673
2159 2900
2054 1598
2075 2762
2005 1580
2395 401
1072 368
257 2128
342 1298
2889 101
2097 1202
626 2549
2508 2300
905 2598
1006 2984
2966 1422
2545 1958
1014 133
1406 1951
1356 898
702 1279
973 2458
2301 382
2842 621
238 814
2303 1175
748 2054
1605 2552
855 2607
695 2324
2856 550
2502 2789
760 189
1487 2911
2572 1932
2180 1771
2089 1431
567 2550
1073 2976
1175 2544
2612 2005
2109 2290
613 2002
2112 1517
2522 1533
50 2164
2800 1204
934 1725
475 1823
1953 326
608 1404
1543 2150
2969 2256
2777 800
1887 1688
507 1457
1339 2124
2163 1960
2450 212
825 1269
358 95
1207 2790
2666 703
2425 932
2886 267
1286 677
1690 855
2684 1673
1176 2327
2972 2436
2081 653
2904 249
2067 2962
2721 78
2370 526
2585 1873
2937 2724
1749 2152
896 867
2655 2367
2945 2935
682 407
662 1526
2526 1825
2628 1757
2271 453
2003 75
1036 2657
1442 1785
2108 2523
1707 452
901 2665
2585 2609
1 2508
311 1967
2565 2670
2094 953
643 2911
287 890
1891 2251
38 310
2747 1381
580 740
2960 2221
2865 2816
603 2985
1918 2240
2037 798
2273 818
1561 1656
1824 577
2069 1335
1800 2090
2784 1711
2539 2567
874 1947
1512 1717
2056 2273
571 1124
264 2059
955 5
2070 1572
2097 536
255 1349
1 2728
2238 1267
652 20
1272 1047
1751 2592
977 2751
2640 1265
2193 238
2112 1302
1934 1897
2731 1405
1177 210
493 313
1442 680
1296 1685
1378 2629
1871 1891
914 2192
428 2883
2826 1083
1551 1827
96 2964
1589 130
2822 185
2094 2393
82 682
2914 1586
2898 1837
1891 169
2323 2044
1520 2322
1530 2755
1644 2534
1474 56
293 2451
677 1431
2533 1967
1130 45
2298 2962
40 2453
750 1569
1854 329
1243 1370
793 2558
689 467
510 2551
521 709
417 2925
2684 1746
2556 2450
2211 594
1772 2802
371 2309
51 1823
904 590
1988 1970
2980 1778
1550 2323
2679 936
2939 4
1459 1372
2121 2966
666 1758
572 1249
2497 1011
2183 602
229 1463
2567 1834
508 2279
225 134
2645 2685
2885 2783
837 2941
2985 2159
2894 1665
2595 808
2178 735
524 212
398 589
2326 1700
1901 1863
2262 1714
829 1220
1422 107
51 2202
783 126
251 200
244 2628
388 540
2686 2994
2078 1773
502 416
1474 1314
468 1432
1967 2162
2998 2555
310 2455
90 532
2589 706
2386 382
36 2183
1631 947
1313 438
1739 1401
2788 2182
1285 1035
2893 1815
1766 935
406 1342
2312 404
1169 2309
1883 690
2279 2635
1351 2343
1019 2666
2476 140
848 914
536 2843
1751 708
1812 2104
2926 2350
706 2607
1027 2818
873 145
2377 1152
2988 2054
1268 2380
1396 1153
2377 534
1273 927
1620 263
2632 2223
2819 127
2081 910
2145 43
2571 2308
206 21
728 2630
851 2720
1759 1547
2674 129
501 1700
2944 2813
1666 1942
974 795
2014 237
1423 537
1807 804
881 2154
1738 2729
1495 29
1591 62
1057 2203
736 863
1771 1361
2625 1400
2556 825
434 1099
285 2248
2366 1079
47 1584
2742 948
1590 1443
1048 323
2006 2333
955 1269
2290 2380
1926 129
2738 52
1033 272
1725 1176
1100 2858
1155 1357
2619 1950
2487 1848
777 399
1069 767
2543 351
2468 2466
2275 986
587 963
1353 1931
2962 1153
2660 771
420 1096
2009 1030
2886 984
968 2441
2844 1588
1196 904
2498 626
967 263
1352 1522
2556 886
822 2586
2826 1397
2982 425
2684 1039
781 2093
247 1119
1941 1198
179 1238
2118 2290
1917 1908
2751 1285
2663 545
2066 655
2873 2940
1012 2752
1056 940
1297 2740
797 156
2921 1939
1068 28
2638 603
1550 960
339 2419
2073 2469
1354 540
830 633
2562 1909
1414 1746
1842 1396
2225 2243
1126 2439
262 1699
1234 1047
1757 1101
2081 2939
93 2308
666 931
2299 2368
351 507
2206 2273
615 2999
60 1073
2655 890
1707 1669
2637 1776
610 2357
681 1968
815 704
155 1741
2775 1834
2215 1847
1938 232
2092 2027
86 1499
596 294
1184 1719
1076 1539
2392 2382
521 1917
253 51
916 1482
1342 2188
1210 2295
2168 373
2846 1409
181 131
264 1043
727 2049
296 1459
1543 2940
1312 1298
1429 397
2174 2945
1681 677
1565 576
2998 414
1285 1220
2580 1411
570 833
2323 455
2361 1716
1811 67
1444 1461
2202 2814
2165 657
1938 1500
2463 100
688 2334
2971 1676
1489 39
1814 2633
1860 172
162 285
1561 712
2280 1929
1583 2821
434 2919
2728 2920
2483 2267
2505 1528
1277 2537
2004 169
804 2613
1028 851
2322 535
1602 47
2051 796
2587 2661
2127 1490
1360 2202
328 1053
685 1117
651 701
110 1901
1169 1506
789 135
1996 1707
1974 771
368 411
819 399
689 1826
415 664
2906 1426
1501 1075
2415 1589
114 2805
1041 245
1153 1657
2863 167
2716 2869
2096 567
985 438
2098 116
380 2039
476 2247
911 1929
2345 497
1414 2522
563 2064
347 93
2045 2684
2143 1106
2848 1713
1077 1133
1274 1439
1053 2856
2803 2536
1485 2627
2654 1228
1442 924
1716 1705
1670 343
802 2531
1280 1936
1998 929
1273 1606
2118 300
2116 2294
1272 2677
952 2175
1680 2562
2224 1599
575 2460
1291 1543
98 2756
2074 663
1314 1708
2077 535
227 961
448 2497
2516 499
1721 819
187 364
2722 1527
2645 357
2384 906
1533 1672
1374 2997
1183 1868
2368 2437
2122 2337
521 63
1701 2349
1478 1532
1293 2979
2564 458
1990 2210
2436 2916
2550 1748
1667 517
1338 833
1504 1750
122 1583
2343 1353
1691 2851
990 51
1411 1370
867 1261
1064 266
2671 396
1229 1025
2850 2046
577 156
2824 163
1958 1015
2755 2191
1659 2244
733 498
40 1650
46 2904
1277 1029
1270 1736
738 636
2244 603
1312 2057
2319 2029
1236 1335
2792 2607
622 2730
2768 357
2463 1289
2732 1073
2376 2642
1772 2596
1129 447
2305 1470
2464 2097
1694 790
2896 482
1073 1858
1396 1159
2432 2020
2862 1839
1526 2680
2375 1891
2492 1344
1833 1185
2446 2421
65 282
303 1063
1296 576
2565 660
519 1437
313 201
363 1732
2238 296
88 1133
2283 329
2400 734
2666 262
290 591
553 1613
578 2278
1924 1109
488 1636
649 56
1743 2539
2668 2403
916 1429
17 736
2943 800
706 962
2731 1315
2646 302
179 321
1865 2573
122 2274
580 152
2600 1866
723 2142
390 1616
2661 2114
1310 521
2208 1947
1437 1183
2426 1677
1600 2373
1229 733
860 1175
2265 2996
2947 926
2197 574
885 388
1567 2326
1846 1293
1598 1940
79 2858
1496 2544
23 845
5 489
2790 1679
385 2276
1722 88
2096 402
2926 2527
1271 796
1718 578
2042 2110
2888 1824
1860 1011
2901 793
2371 2468
792 2939
452 2510
1287 1548
2914 737
2375 2843
902 2036
1961 35
1010 1304
1213 1492
537 300
2921 2677
1214 2203
16 2678
1865 1303
1183 1329
193 1229
1299 2230
1394 580
2399 469
271 2217
789 1283
1312 1200
1417 1017
796 1495
2235 2294
1883 1036
1588 2951
30 615
2797 913
316 243
1925 2801
1080 1370
1579 1514
898 2273
378 1921
2707 45
206 1924
1550 2589
268 2327
1331 2555
1681 1089
1000 2991
1962 2369
1666 133
1156 2857
786 2369
1811 1565
2987 2797
444 2750
1142 2364
2822 1644
1915 1315
189 601
2092 2247
2555 2520
268 2072
2872 661
1518 2701
1350 211
1911 892
2786 123
471 319
173 1298
1803 64
1884 1667
2377 2258
467 2238
255 2825
74 662
2369 1233
597 2826
1005 2364
1321 604
2510 176
189 1419
1154 1969
2329 277
2168 2028
2470 2499
824 2432
2697 2163
802 1299
371 920
1025 930
2367 2264
1746 386
2595 526
2223 2607
862 1742
2539 2605
1172 2791
165 822
2934 790
642 163
1652 2329
2690 1722
2665 119
2141 2402
2970 173
1370 1133
203 2277
1344 1164
2396 2606
1004 2537
2321 2552
2342 1853
1050 789
1905 2628
2421 1428
2474 2494
1103 2206
664 372
2922 2775
641 1092
465 2610
1561 2529
581 2304
808 2050
1103 2772
157 1579
2465 2107
2611 2491
1348 907
696 2638
1307 1104
2740 2137
2321 1075
2815 2904
102 2998
1934 1792
737 2522
2615 397
76 839
1170 758
2309 527
2967 2937
1471 1921
2661 160
1445 2919
990 2405
740 2003
90 426
279 2552
1746 624
2860 1664
2055 1265
875 781
1926 1977
2623 1897
399 253
1600 76
286 660
2534 1182
1011 2843
1148 1804
753 918
2053 2085
2794 313
2117 499
446 1476
1794 1716
858 2975
2781 2388
607 1797
2989 1879
43 450
584 630
2724 2518
1473 770
74 2280
2966 344
1532 412
1297 2814
1139 1003
1589 1547
2882 60
26 1227
610 2819
233 320
1409 2175
910 2709
1201 697
1473 213
1676 723
1513 191
2922 2335
1562 1197
2870 2749
2498 1813
847 281
423 719
1306 1858
837 728
2886 2359
662 638
2883 940
1599 302
88 2097
2490 1272
806 2916
2705 918
2744 613
1689 2346
2391 1507
2274 1672
1811 832
2818 401
2154 2133
2076 2023
2641 303
1844 526
716 1460
1459 203
1656 1198
1896 1873
147 1839
818 1592
1482 2197
84 152
839 172
888 2953
2155 421
2984 2153
1921 2948
614 2123
2184 2797
1109 769
1500 1175
1858 363
608 1924
2290 1209
2771 2063
1014 2358
2320 982
507 979
1882 2608
1715 1820
2123 697
1769 1707
259 1930
463 1308
2222 2747
244 1095
1860 505
2103 2297
1269 2371
2707 2302
704 2558
1510 27
2710 2659
1637 747
1817 1210
1551 1798
1290 1039
387 2307
16 2096
1696 1835
1647 484
2633 2221
1806 2936
2621 2088
832 1894
2503 835
941 746
2859 638
1574 1076
2143 631
577 125
1741 2392
893 2573
1706 2606
597 1286
1717 438
3000 1726
1633 2587
2194 2056
2960 1586
1207 1124
2131 980
1568 1066
1089 1805
2314 2334
272 2237
1239 1745
1858 259
1528 779
2613 1238
526 2649
753 1680
2396 2818
2919 2839
1360 2284
548 321
772 431
2247 1806
175 208
614 1865
2863 813
2903 1573
2 463
2976 1445
324 2537
905 2610
1244 1804
776 999
1582 709
2271 1440
245 734
1390 2467
190 688
1284 2605
1551 633
872 2886
582 2798
1166 2239
17 2950
1945 2629
1232 1906
465 1687
1116 2191
2991 40
2122 69
1356 586
1485 2013
193 2462
1736 1838
2188 2644
854 534
1845 2882
401 2863
2342 2870
525 516
1715 1380
2503 2500
2461 1607
1690 2555
2205 2699
925 1258
1782 150
667 2630
263 814
1744 949
1885 858
1690 18
728 2914
2922 747
59 2791
1721 2694
2338 2464
1995 1832
2991 662
2505 1996
1154 767
700 740
565 183
1652 1479
637 2250
2135 1472
2410 2589
2458 1588
2997 938
2718 363
2418 1866
1189 937
613 1461
662 1287
1559 1580
594 2511
1048 2884
1546 1130
2923 255
1938 2192
294 2191
2122 2466
1766 1591
2252 51
236 1378
375 1317
312 1693
2505 2159
2639 2235
77 1119
1134 1870
1476 1236
2085 739
2056 2876
125 200
1531 1068
347 2659
1338 772
601 2249
2633 2194
1425 339
1930 343
1128 2450
176 2671
311 656
1853 898
104 2929
1415 1777
2757 2791
953 502
1837 892
2431 2292
501 1613
2458 163
384 2490
1225 1007
2113 1273
2921 2999
1783 199
424 2535
1083 1168
101 2309
1003 1585
2082 1875
2445 2697
2171 185
2253 1424
2150 1720
2805 2015
422 2915
1780 2799
1751 2149
1926 475
122 1676
2200 864
1950 1666
2019 2663
2764 1605
1373 988
290 1469
1102 1278
1335 1588
1634 2264
2936 297
608 672
2093 359
924 1339
1505 1635
1987 2511
2223 303
582 2114
2031 1845
1287 197
1298 2280
1997 1312
1924 1506
2906 2633
1570 121
1963 81
1132 2833
311 8
129 611
2807 2612
1009 1283
2818 531
784 2437
103 2019
617 2509
1637 600
2063 1997
1090 1032
2759 120
2058 361
2674 472
169 1372
342 559
933 2351
1618 2299
1380 1109
108 927
2055 561
838 1924
2594 1765
1611 1365
2944 1404
2677 1038
1287 667
2459 1762
873 1161
2207 930
346 2420
797 2369
262 818
14 462
2408 2354
122 1489
626 2423
357 2242
1928 2505
1591 1558
1243 1453
1700 990
2016 279
644 2845
2578 2460
120 2597
2684 876
531 1583
254 2201
2087 2231
1260 1361
1750 2922
82 2740
21 2064
11 2235
2647 1043
689 1293
2398 1663
1725 2419
890 155
331 2129
2830 2346
2689 2649
1182 2023
2681 1946
1970 2030
1669 2964
197 424
2934 351
380 1374
210 1550
80 2386
776 2921
1848 786
461 1236
2726 2388
2006 2279
1216 719
2240 2902
1711 1784
2458 1685
2697 1449
897 2375
1756 2952
2871 908
2883 2565
894 2434
308 2821
1045 2459
759 2922
2310 20
2253 1573
1536 64
2949 2176
2752 2175
2224 1448
2715 1032
48 1952
1641 206
192 2671
2002 1026
789 290
2667 1131
920 989
1315 2899
1358 1259
179 2449
2874 637
1283 1218
1370 2655
1212 831
1767 2442
1953 2718
681 1053
2541 1030
2531 2327
2611 287
900 1784
1754 380
702 1957
2188 65
732 2529
1392 1405
2816 1289
1882 2345
631 2953
2273 661
2620 1901
102 1970
1997 1839
1568 389
2514 1297
2193 1587
2015 1791
1677 1941
2755 1131
26 2569
43 2037
11 2212
675 528
999 468
522 71
211 2617
2190 2029
719 359
1550 643
1495 2980
2538 759
1675 2704
754 228
1477 1575
1010 2785
1210 1364
539 401
525 2532
1696 1429
1453 249
2219 1224
829 1745
759 298
2045 1661
703 413
1241 853
1080 2713
1239 1505
871 2569
238 2856
1990 2256
2889 640
2777 329
2846 2147
1274 2142
2493 304
298 1842
2239 52
481 2728
1189 2824
2837 2404
2821 177
1569 1139
982 1214
1323 2948
1610 377
208 1858
928 1931
2502 472
2807 1364
1574 2123
2989 303
496 2815
1630 1177
815 2719
193 1006
1408 2354
2076 1373
312 963
1339 2991
1577 1686
1516 2104
1812 1228
297 568
1004 2399
567 838
1959 551
433 697
421 541
1000 209
2728 2081
1688 199
2790 1147
343 2221
1866 2841
553 1545
4 2881
2532 652
642 2781
2323 839
2962 299
1420 1234
541 346
1043 2649
474 795
2405 2881
2165 2621
271 1990
113 1190
253 924
143 1187
695 2584
1795 1363
2082 2980
2768 993
2375 74
2383 1176
34 1669
2697 483
341 2263
2437 424
862 1053
1544 2648
611 1977
2549 585
196 929
943 1534
417 2405
1438 348
2354 534
479 718
161 1750
2056 2337
1669 2059
607 1757
1974 2162
2879 2519
112 534
1574 2840
2903 2675
2899 595
1612 174
2802 1648
1461 2672
2479 1029
2649 1059
2560 2870
1503 1832
2889 2822
2535 2421
28 932
1559 2906
1081 2438
143 1596
324 1521
1728 2825
397 2645
883 376
903 1882
2278 535
1595 1284
2550 1422
460 2487
2811 386
592 1747
1513 515
2461 594
2178 1941
1121 106
1269 1997
2255 2626
1951 1039
2428 1702
935 893
1489 1197
182 41
1720 1529
1252 304
968 2213
2886 1483
660 2009
2158 1403
1716 2165
489 2091
72 1308
937 1457
2708 645
2092 291
2132 1126
2273 1848
1803 584
208 2896
1086 1555
309 2691
1510 2205
1334 1638
2247 2191
2695 2246
2374 310
2850 706
1739 1224
528 388
2545 2345
1592 2704
1399 328
1969 2862
1635 2811
1704 644
827 2859
257 2623
699 91
1526 143
2127 841
1633 854
2500 2284
289 280
145 969
2815 1363
2505 95
710 1702
492 2649
221 1154
482 214
594 2031
1473 1521
1335 2704
1562 1643
1507 1622
2354 2907
2736 942
2869 2406
2204 2306
2155 1361
2049 727
752 764
2274 1324
1047 382
2542 1811
1719 2994
996 161
1685 2339
821 2035
1576 1152
604 2057
2988 63
2939 1927
1546 2052
299 1592
2193 1152
26 1510
1311 2097
2432 1343
2388 1238
794 113
1356 1106
2434 1336
2505 1359
1445 77
2126 282
189 840
30 1972
2279 2809
626 1044
2551 2077
2648 743
2129 2865
2769 1572
1751 1605
898 53
1310 2890
2 1662
1030 2699
1336 567
2443 220
1941 2227
1474 1762
1834 54
2410 2196
769 401
357 2015
2778 584
2243 923
2500 1632
849 61
1221 2789
1398 1450
48 2664
1022 1907
2058 2566
2216 134
261 2424
2849 1888
1542 1524
1198 2922
47 1967
2375 2793
2769 758
1286 2589
2213 1114
1405 2500
1864 1111
40 2117
2175 1275
1302 2481
469 2733
2407 1250
52 1678
1201 2424
1848 2807
1942 1672
2765 871
141 1695
1088 714
2289 2880
199 724
2638 1866
2964 787
1801 2796
48 2885
2793 1010
2342 2000
1479 2796
1980 394
817 367
2582 2576
1680 1250
2885 2205
1851 2079
190 10
652 38
813 1011
2477 2120
1060 1182
152 409
1118 1222
589 2282
965 2085
1111 629
1664 2569
2859 875
369 805
2466 378
2856 665
915 40
1083 326
817 2613
2333 2616
1390 1372
1727 2
269 2505
840 788
2321 2290
240 2145
190 312
2560 1467
1246 1621
78 1054
1789 208
1595 301
1370 1158
2848 2901
295 1643
354 1595
1665 1783
2410 2386
1844 2707
1909 2809
55 742
761 680
2624 1738
810 826
545 2500
949 1972
362 1598
984 1322
837 538
582 1335
795 4
2605 776
899 1734
1484 257
1198 2718
1308 2785
1493 135
1256 2470
617 1673
1006 970
41 2461
648 733
1907 418
921 2794
601 2085
717 1579
1822 2276
769 1087
719 26
373 1040
2411 509
2286 1979
1821 1132
1135 189
2219 1445
924 2750
2790 1855
2806 555
2577 1509
2647 974
795 1739
545 1853
2075 556
276 871
333 363
373 516
1871 2433
88 98
419 5
939 1258
2595 1968
261 48
2431 2876
236 2055
1977 198
667 2796
656 1749
162 2659
1681 1046
2606 189
1716 717
806 1606
190 917
2315 1557
1877 1141
1917 2990
2502 2910
424 2763
2313 2266
2888 222
1135 498
341 2239
2813 1537
343 237
2246 477
1419 2623
788 395
2474 1289
2576 2911
2470 1557
1056 764
2985 1383
1104 1964
462 490
2257 1107
821 1693
1012 254
1662 976
736 155
213 22
804 689
43 1401
1169 1438
1236 211
1262 766
452 440
526 2894
455 1189
1433 49
2107 1558
1230 2660
1989 1490
2970 526
2746 2872
177 2484
2103 1550
640 92
595 1309
1164 2066
970 1125
199 31
2210 1412
584 1936
2367 2580
1439 832
1652 1317
560 244
2827 1475
1305 112
2411 879
1042 2593
719 2273
290 2701
2211 992
382 2416
1320 1254
2071 564
1677 2921
1959 1260
2344 2080
419 1398
2105 913
2514 300
2543 2775
2500 1475
1334 2688
1448 1676
2698 355
523 927
2914 1139
2771 762
1383 1992
528 2222
501 713
1752 58
1140 73
253 2081
2856 2943
1953 2433
1768 1431
2881 2661
2434 1214
1813 1557
2899 74
2372 899
2082 911
1247 2225
628 746
1156 1251
834 2926
1067 2672
311 112
177 1041
1316 597
1493 1817
2701 1111
1557 1396
924 1196
805 2935
1891 1586
1579 2495
1354 1186
2789 1731
2873 2784
620 1405
1390 222
2692 109
1145 2948
1077 2055
109 1665
2351 1716
1710 2116
1860 2633
1153 2736
2541 460
677 1052
26 836
2106 1506
2814 1017
2607 2069
1361 923
1498 1605
392 2182
2914 2840
913 652
2571 266
886 209
2761 2246
729 1653
2364 1640
2013 2423
583 2899
1069 945
2688 2000
489 1257
2610 2544
1481 2226
1390 747
2492 1595
795 1067
1130 792
1656 2696
1959 1469
2288 1499
1487 103
1199 2422
2412 608
1840 2347
2898 1190
1008 1749
2393 1253
2908 1996
1031 352
1069 1970
2553 357
1227 1337
2894 2621
1361 2709
2795 1418
1427 2683
696 2320
1866 2862
1680 1117
160 2445
1812 2401
682 1765
1547 138
328 1897
303 2543
413 2367
69 1759
1343 2283
2746 342
855 2681
2202 855
815 1096
43 1756
2077 2075
2857 982
2411 1531
1338 2273
1798 239
2772 2047
1650 2469
1546 817
2484 1375
2208 803
1371 1279
2617 437
970 540
1739 984
2928 1788
2793 1034
323 799
1756 1894
2355 2205
1740 274
1160 2117
2466 2428
2492 2692
1806 916
1749 2090
2292 1351
1341 2010
354 796
1241 625
2075 31
1570 2597
183 293
2093 802
392 987
2446 107
2868 1480
2699 655
2584 2177
1505 766
2492 1284
1849 2060
241 2006
1053 2475
287 2452
2648 94
939 1462
2880 376
2578 918
1055 615
487 277
594 1876
984 1191
1050 238
2586 922
1857 706
783 1159
2212 1671
2035 2917
1922 2214
2438 916
943 923
501 2214
2848 2317
257 528
294 2283
1844 2205
2932 1100
1352 2634
1189 2546
2559 2043
1749 2473
2877 2679
850 532
309 2279
2238 2523
1381 2287
521 858
605 132
146 2045
1980 2357
2495 2066
1228 2106
2852 716
431 2301
2968 2498
688 1588
1884 232
2721 1495
1307 782
2166 1221
2326 1854
327 2580
375 2055
2459 592
1949 1656
1580 2228
1545 317
1011 579
542 733
449 835
2270 383
301 260
2175 1440
1579 2543
1244 1
1615 1420
1883 2111
539 1834
1727 1286
2960 467
2694 2475
2898 1203
2921 808
1684 1455
204 2115
818 2688
2029 2508
2382 152
2019 2897
2781 1049
681 1952
2093 1067
1834 2775
2003 2860
270 628
756 1661
1997 1701
1819 1970
1986 2705
25 2630
1846 1939
1440 1612
244 2090
2127 2638
2959 1938
697 2976
723 592
1671 622
921 1631
241 1646
878 2961
2539 622
2747 2769
1359 2331
1370 1187
2418 351
1749 2605
1257 2540
2902 2154
1633 2689
2929 2323
348 2951
1535 2218
2970 1433
1443 646
2671 1880
1263 377
14 2611
1439 2632
103 1673
184 1242
1099 2401
2496 521
308 91
2086 2473
1765 93
347 1002
2636 210
1467 2353
2835 1722
2934 1145
2283 2128
2475 2484
248 611
1032 2638
268 2728
2813 2800
1099 1389
506 2213
2533 30
835 2139
1460 1107
1251 2556
485 674
1776 1234
789 1681
1950 981
1409 1201
1654 2436
501 1105
2554 1888
865 2302
1903 2377
2621 1579
1499 2687
393 2446
1158 2597
2836 1866
1896 948
1946 2309
771 90
1066 2150
1679 2862
1456 1463
2086 1655
341 1307
185 1678
305 2635
2635 2238
137 56
2851 326
896 243
2778 986
2754 1102
2719 1375
1968 894
2990 1035
990 2284
368 1338
2649 2418
1034 100
1711 568
2056 1951
1218 707
1780 1956
2084 1496
592 2583
2049 1286
556 1891
900 281
161 2944
554 1828
1831 883
563 2090
218 2334
1578 245
216 2328
85 358
583 1613
834 2281
276 2293
18 48
200 689
1740 1678
1508 2354
623 529
526 1264
1292 2178
1006 816
985 2073
1510 2648
578 1594
771 2744
573 1025
1299 1120
1677 2312
470 1887
2916 1800
696 1234
976 1885
2928 2589
1381 1031
736 463
2539 2139
1343 2506
465 2343
2603 1933
2489 687
1296 2237
11 490
2442 2671
987 1053
1072 1971
1769 125
741 1089
1091 1888
677 1048
2579 1749
2603 2163
2587 1251
625 1631
1202 66
1751 1895
2227 629
1671 2777
1407 2956
284 2274
1121 2429
1341 1094
1153 2582
2807 1138
2392 257
2543 1110
2192 2726
2639 2628
2188 666
1147 163
721 394
551 2747
2598 1081
1749 2481
1023 110
554 1051
204 2039
1375 1382
2668 2473
2741 1753
1118 2356
2756 1200
2006 1455
521 1178
489 41
1266 1149
595 1090
233 1136
676 1271
822 2788
821 923
53 1185
1907 1703
1718 2776
1936 2622
1782 2133
2824 426
1529 928
2299 351
2755 665
934 1900
1066 2541
1933 12
1724 780
2769 2981
2122 2344
1079 1531
303 1209
535 386
2445 796
2212 799
1208 2765
2496 264
2550 1765
421 1100
2664 1967
449 2382
262 1047
2494 230
71 2423
235 622
1026 694
151 2932
2460 747
1524 470
1499 1033
121 2401
7 2580
1007 2184
425 1140
1439 2835
397 2288
875 2799
2719 503
2468 2085
1333 2383
232 2495
1779 855
557 225
1854 2114
2762 2392
2060 379
796 2347
196 2809
2310 81
1970 1747
1660 2360
2356 221
1521 641
1118 1725
1894 561
2999 1171
1960 858
1890 2389
2732 1541
1282 1410
858 2835
1734 1168
2679 167
2079 2832
1987 469
1945 1114
1881 2133
787 2918
627 321
1061 1650
423 994
2211 1816
1751 1746
2330 366
743 1826
1953 979
2906 320
2290 2064
1929 789
1090 2537
2497 1847
46 831
1926 1920
1354 1466
2891 354
805 82
2720 821
505 1132
314 2685
955 2656
2294 372
2104 1439
380 596
800 2496
1359 858
338 1612
2606 414
1932 2288
358 917
2415 1393
2691 938
1721 1059
2561 894
907 1961
1695 2648
30 2698
77 1041
1957 828
155 2486
348 2330
1565 2287
1699 2892
605 2723
568 2383
1724 2664
1545 791
2321 2910
2764 1478
2859 1615
57 213
2611 793
478 1272
1473 2157
2483 864
2485 447
2527 2630
451 746
1177 111
2749 1763
705 2272
1770 1696
2406 2806
1500 2762
1982 2625
1493 2213
203 2638
1766 1656
450 262
2577 387
572 1652
1105 1913
200 1842
29 2645
122 145
182 1759
1835 1725
402 2747
1518 1777
2695 1690
2488 2979
2036 356
2223 2360
1476 1130
2041 1201
1502 2696
1316 779
2153 2378
1288 1836
1352 1434
2370 1117
1824 2252
2649 2547
1979 922
1686 1623
1930 157
2793 692
1950 2601
285 240
2039 860
1981 2943
2463 1
982 882
778 1021
2209 2449
1134 2498
1172 956
2471 2206
1782 1333
984 691
2955 60
1863 2776
2462 65
1174 811
2779 1804
1691 917
1851 1019
2954 2737
981 1050
2111 2501
1241 1343
2208 2358
925 1640
97 2469
2899 2293
2202 194
310 731
1353 2947
2443 853
444 2035
2222 1690
305 2204
169 2021
2544 1028
1016 1729
713 917
1871 2859
363 341
1512 1460
2325 1885
1486 2078
2009 259
2039 2041
377 2421
1823 95
1564 344
1845 1821
2907 2258
1915 2410
1063 2135
1720 1711
729 1126
1379 139
1760 2052
805 1198
1170 2687
538 1420
1978 609
1494 959
2574 790
329 1381
1738 742
287 809
1575 1868
2583 2597
44 235
2097 2836
989 2144
946 1662
2086 1395
2298 2642
2344 2225
2765 1104
1577 2395
668 2646
2104 647
575 2711
2435 2034
1503 300
2960 1014
1066 539
2860 1781
2745 2585
1426 1899
2296 1718
1204 1172
47 283
2705 2273
51 2767
1300 2146
416 1304
2230 2545
2924 1062
2165 2114
1646 1001
1202 2518
2790 2675
349 1186
1874 2255
1993 161
2323 1282
840 488
2146 1482
471 1037
641 1203
2568 413
2821 737
995 2644
1725 468
2480 2601
1793 207
2373 2898
1087 948
29 2774
1680 2039
2360 328
911 2897
2107 1715
2962 67
1528 1961
310 2899
1036 182
470 757
2704 1671
2091 271
288 524
2503 1404
585 2779
1801 62
1438 1135
2942 1817
2947 1896
2183 757
2349 515
943 885
1747 2408
1548 2662
1475 2875
1612 664
1423 1495
2814 662
780 2822
1320 1715
519 1886
81 2263
2189 2112
870 2683
1523 917
953 1343
1390 2353
59 711
694 1779
449 264
2909 1843
1414 1227
2613 2841
852 204
469 135
391 2705
975 2958
923 440
1368 2619
361 1878
2122 2666
557 2125
1882 1472
676 2495
843 268
340 2306
308 1407
778 41
1875 2658
1591 1258
2212 2104
40 1981
2609 1501
1429 1588
969 1315
600 152
338 553
2462 1136
2345 938
851 1688
2405 671
40 1889
1921 406
437 2375
99 1608
428 2146
1567 999
2039 2390
2864 2596
442 20
1322 2233
604 974
1566 723
2080 505
2162 2096
1218 744
666 2392
766 2296
2053 2778
196 2551
1873 2530
1286 2621
128 1419
1209 133
482 2262
2630 163
571 2363
1644 2912
2809 2995
154 2424
88 1030
1256 1830
2553 1373
1327 1815
2844 894
2916 753
2152 2323
1678 2113
755 1848
1783 2209
1118 2823
2211 1598
2956 1778
1843 661
2929 2465
2257 173
557 504
2732 1113
2779 732
1198 1613
2247 2790
2671 253
2973 1064
537 1912
2679 1171
536 773
1550 1253
1895 664
2349 1752
2363 2772
1733 637
1299 1475
1167 1010
2392 2705
1427 767
650 637
49 158
1838 1428
110 2054
805 2547
7 214
2625 34
2083 1975
33 979
2894 1153
200 593
2873 2312
1098 1868
1168 811
897 2978
717 1399
557 1850
2244 1757
880 2236
2606 1387
215 1602
1990 2061
644 1333
1000 1453
1930 2896
2550 519
2604 2830
48 2432
1719 2931
2223 130
2807 178
340 2645
1094 1310
1465 2838
1620 1701
965 2959
1396 1250
2723 1753
717 601
2527 348
59 1820
2477 324
2115 171
1564 2437
1839 428
2023 1248
217 228
2075 1964
2576 2220
1461 1027
2769 2762
291 2802
1901 422
2475 26
2287 2686
241 716
1644 537
28 604
2744 732
1630 2715
858 1772
493 215
687 2186
943 1438
934 566
896 1861
2729 2984
1416 2663
334 2163
70 82
2684 2253
2492 1110
446 204
1001 631
2143 1089
2410 916
1715 757
2122 1749
529 2574
2504 2463
2518 882
2029 753
1833 1548
2417 639
1716 706
578 2467
1949 2582
1730 492
961 1157
2537 1522
452 1947
1206 2560
1165 855
2825 1747
2100 964
2465 2843
2756 245
1290 1090
2826 2133
2743 2305
416 1559
1933 657
32 2945
369 2137
1365 2324
993 1495
2876 2989
1316 348
2445 2666
2438 1352
1456 728
917 167
1576 1440
1668 760
1015 938
64 93
74 2734
2568 1646
2755 1594
1809 2026
1176 935
739 2156
1511 2498
1304 1505
1958 2039
948 372
1868 664
1482 1288
881 875
2001 2602
1805 851
780 2482
2227 193
2943 2978
508 2255
2281 850
1589 2883
2981 397
591 823
611 485
1676 2223
297 2746
1025 86
2355 2034
2984 2817
2968 1134
2025 2037
2596 228
2621 580
287 1673
2168 2822
1030 1895
895 1999
425 1934
315 1520
621 2742
1142 138
969 1583
2268 1043
589 1577
741 2754
2490 1191
640 628
2762 747
1287 532
2243 2479
743 1989
270 1629
2678 1869
1137 2354
1930 1606
420 743
526 127
2339 385
2937 2990
1652 827
1042 468
519 1185
66 146
1926 2762
302 1921
2016 2666
2563 2255
674 1920
33 959
2329 1735
2213 2047
972 1200
1343 267
2880 2111
550 2448
2654 2362
1185 2965
1313 2279
736 2279
1825 766
1612 1895
2641 1604
441 1337
2716 1270
2413 1487
1926 661
2941 1818
920 782
28 1077
2378 715
345 2918
1658 1695
265 2479
2623 1164
852 2860
1109 687
1928 324
2606 2611
1459 1428
1844 1606
1984 808
167 2658
2687 952
729 658
1149 2685
1896 2723
1139 1394
1655 887
2751 1386
2933 2512
2609 1962
2376 206
1166 2470
1426 1092
905 2900
1499 2448
1475 2776
2933 2900
1050 254
753 1224
2462 1263
351 36
1745 1382
2375 563
2397 2006
1067 2169
1225 2884
189 896
1345 1171
1639 743
102 2729
1095 2551
1619 478
760 881
595 2959
1721 1297
339 2869
2714 945
1129 2543
961 580
1153 1891
2584 2517
338 35
363 2876
1892 2748
482 44
246 2435
504 2583
526 293
2732 1511
1257 1956
978 702
805 1650
2504 1584
1226 2165
1977 355
1456 2366
819 769
2526 2327
384 2790
1807 1840
232 508
1854 1013
2901 1278
1218 609
1061 1025
2460 2321
448 1581
653 1093
472 2791
1118 2212
614 2225
995 1154
2070 1765
2550 390
1929 1562
15 1479
2794 1904
1831 917
2250 1571
261 551
890 2196
2932 1090
2162 1198
380 75
1334 353
1236 787
1574 118
2331 860
1451 1943
783 1146
35 2229
1116 316
1709 765
664 27
1939 1247
764 1375
819 1272
1131 640
440 1653
1930 2799
2613 374
241 2531
2304 964
386 1901
304 2122
1445 2846
2106 1556
789 2206
1442 2617
2497 2512
2005 2763
15 2240
2746 699
29 1506
373 1712
896 1014
686 2783
1152 2018
412 1076
685 1635
782 1565
1937 2108
2298 2462
1722 166
2684 1331
218 686
1565 138
632 40
31 1315
1091 2814
97 158
287 2858
132 1702
1053 208
1895 1251
2087 1388
1616 1871
395 1523
390 1750
1551 2966
2900 2097
681 2577
887 2733
856 885
1921 2704
2491 2544
1899 1310
887 858
2194 2408
864 1668
531 2121
33 35
253 138
2036 1941
1962 1053
1228 360
1619 2142
229 1888
315 2333
2324 2309
2812 571
2183 1719
1593 2859
1343 2593
1951 2931
1075 345
276 2715
950 543
2604 1696
1396 2893
2571 302
1238 2069
566 2338
1354 232
1124 1764
711 869
1218 2885
2135 2468
2444 827
716 2266
2383 2637
2409 669
2578 2818
269 1163
1936 2171
36 222
2314 2804
1036 71
637 2085
2684 2623
1133 1467
1696 2726
1680 1449
683 116
2461 2984
933 2029
2392 1741
1320 2934
963 1699
414 493
2828 2649
1439 2789
861 1814
2906 906
1637 1668
1059 1158
2809 2559
2913 2264
290 1047
1593 1171
1511 1031
47 827
2751 327
2 1209
205 813
2617 1280
969 1514
2891 2518
2156 2681
1429 72
2933 2150
1238 1599
1531 1299
245 55
2467 629
661 354
1357 744
1802 2477
388 284
152 2447
68 2893
2062 50
273 598
887 1338
399 1674
1049 2386
2988 1224
147 2022
131 794
840 942
2011 2846
2827 1792
1556 2362
2875 1817
768 33
1740 1725
2772 649
1242 1634
1407 2873
87 1707
2348 391
1691 1921
584 2114
2258 2536
501 1437
1663 1257
2890 163
2815 563
441 2845
183 2619
1919 2315
686 1405
2547 2790
927 2936
2946 1726
2695 964
2959 900
1468 1082
2729 2872
683 1926
735 858
2074 612
635 930
502 145
2536 167
1651 1598
2217 1044
1218 2344
146 1433
2447 1709
1180 608
704 2002
983 195
1867 673
741 2387
1321 1192
444 483
1603 2615
64 1173
2930 2210
407 211
318 671
146 941
1597 719
1524 1118
2923 674
604 1728
2756 1169
1841 2011
2776 584
2609 111
2100 92
106 2635
2593 918
232 2310
2880 25
1056 730
2549 1287
1347 1125
1314 1359
276 922
1752 530
427 2263
1357 2951
1556 2973
1161 733
2117 2351
1062 1906
412 1574
2777 351
1838 2840
1045 2161
105 1354
216 803
2487 2075
581 170
2726 401
2352 2072
1171 2138
750 753
1714 918
8 1243
1050 1388
747 2552
586 2088
612 2696
1602 1618
2746 2202
2999 1422
1749 2877
1514 2906
2248 2235
1530 2808
1983 2812
2782 858
926 1223
2768 2179
660 1423
470 1370
321 2740
1330 1112
1997 598
88 1350
16 2014
2402 351
2663 2037
2227 191
464 2109
2326 608
969 615
931 2920
2249 2093
763 427
897 1135
1395 2799
1484 2382
1839 2298
1144 2888
1033 2108
2416 1910
1121 2047
253 1543
2426 506
1484 47
2039 1433
648 858
2984 2983
890 1298
2959 645
928 903
2173 524
1408 1270
319 513
1127 253
1668 2263
1970 2757
2114 1550
2784 2452
2226 1344
1792 249
1553 1038
941 720
2050 149
343 934
1172 2405
2098 1835
2310 1960
25 1852
1708 814
1493 1300
2204 726
1298 2424
241 2638
262 317
724 1091
160 162
946 2761
826 1139
2742 1014
1912 551
1138 2863
2501 832
2508 2397
1384 803
2856 1339
1613 43
2136 2925
2162 1115
2694 1396
2090 743
878 414
1106 1085
590 2998
1516 1064
2022 2054
1679 297
853 1430
1678 1353
622 1681
1600 827
300 1260
346 1271
854 2395
945 1348
391 2602
718 400
2976 1950
2513 411
1439 1757
160 2670
1683 2773
634 2827
1198 1612
2331 2725
1654 1408
904 2465
2995 567
563 531
483 1989
2755 1066
1337 1839
2592 988
1062 267
902 1636
68 525
1225 1640
2020 818
1220 2246
628 681
2068 252
1183 2466
810 1876
1226 293
1599 1253
528 669
1937 1951
285 1161
2351 2887
1854 2975
2244 1121
904 2206
1256 1889
2947 2582
1547 36
54 310
692 2704
2430 2327
2075 2032
1673 2351
1934 682
1392 35
2789 2950
2603 634
928 1747
339 2060
1349 1765
2698 1787
2543 1170
455 1913
1670 596
376 2397
1066 906
2267 2801
1035 957
1476 370
1902 571
2366 2856
2947 120
1883 2520
524 2881
995 943
2248 872
139 2865
1759 2390
2257 1461
2008 1264
2368 1264
753 1258
480 1034
922 2659
320 1957
2314 50
1158 755
2655 1790
2908 228
2606 1806
1237 474
1370 1064
2222 2377
90 2341
1364 1429
2113 1497
240 2449
1666 132
1595 2443
2795 849
1504 972
1372 2504
199 1594
2737 2247
761 311
964 647
50 1135
1150 2550
518 1356
2902 249
215 232
792 1542
1256 303
1942 612
640 2513
1711 1886
2160 2984
2935 2626
606 2060
227 1538
244 973
252 2752
1178 410
1159 595
2300 147
2208 1379
118 1561
1332 1111
384 1463
1775 2907
1129 2032
2571 2162
2868 1750
1307 1675
1134 1426
2284 1637
2662 1337
2504 1919
141 651
778 342
1783 2186
2723 2160
2927 769
107 2235
2207 2087
1350 2589
1156 2004
2965 2323
1716 2080
1895 1559
1560 2715
1511 1813
1071 222
106 1350
1666 85
1122 2104
800 70
1938 1708
1080 1209
1311 561
2726 1676
536 1756
622 2287
1656 2988
2137 521
2777 2247
182 2815
352 1928
1142 899
1957 2826
836 748
964 215
2881 1541
124 1442
1143 447
652 1322
2369 2137
2088 397
1710 2727
1369 1983
29 164
2531 2572
2398 417
2729 1178
2584 1364
1984 2850
2937 2901
277 787
1206 432
1791 2600
194 926
2247 184
2815 1916
1342 385
1502 594
522 665
65 725
2989 2558
19 501
1645 358
2045 2561
1721 2196
1430 891
753 656
2586 1316
168 1916
1339 2152
558 2292
1984 924
670 112
1766 539
926 2495
743 1724
487 1350
717 377
2787 2328
2990 277
1617 1470
1608 2627
702 1963
1081 1480
2632 2783
1960 1544
977 1032
1497 825
2602 2442
1842 1405
929 248
1218 22
2640 2928
1126 345
555 1996
1472 345
1127 1031
620 83
1810 171
281 2370
447 2903
131 884
1520 1593
767 2220
2803 610
971 989
1846 536
1008 95
495 176
964 2207
2081 2858
1443 2184
557 1476
2787 1395
1602 902
1591 1716
2590 202
2564 1687
2247 387
2729 1484
2692 1315
1841 2785
1719 1171
94 2368
2550 722
2902 700
2833 204
974 2915
1740 1251
1518 333
2748 772
865 596
283 60
1244 1086
1961 1760
2008 2895
549 1975
1839 2639
1391 2568
506 605
2398 1920
1656 990
2656 2097
932 2803
2008 957
1093 2383
2465 2572
2639 2663
411 1218
1250 1621
822 940
77 566
176 1573
2711 2386
2194 2022
1488 246
808 2436
1357 1001
1553 2705
944 983
705 1917
1162 831
2585 797
2717 2354
1288 1851
2336 2901
2655 257
662 2331
