2997 6782 0
419 2629
1384 618
419 468
832 42
243 2540
1609 2143
432 675
2629 2352
1757 1089
370 609
1689 2581
419 2877
2901 720
973 483
557 2629
778 890
2676 518
419 2128
1677 2248
562 205
419 1479
2376 2837
1520 540
2629 1660
645 2054
2111 2629
1536 650
419 2726
838 2860
614 2286
384 1418
2629 190
419 1954
419 566
419 1755
1161 2629
2353 419
1845 2629
2292 2904
293 2629
2419 419
317 222
54 256
2853 2187
1459 2897
1295 772
1190 986
539 488
2969 119
2783 432
2043 419
1942 419
2629 1458
2629 2604
1330 1090
2316 1450
2629 2639
1661 2629
419 2300
1442 2629
1325 2629
159 2629
2629 302
2078 419
2066 2629
2967 196
1522 1778
681 1084
904 1736
419 299
419 169
2407 14
1860 797
891 1714
419 1046
1583 519
419 2179
2629 1916
1328 2983
2578 943
1485 1572
1080 2782
419 2213
2696 1750
2629 270
419 1975
1142 2039
2442 2269
649 419
2629 52
2601 1370
419 2333
893 210
2453 1600
708 419
529 1654
1982 2055
2674 2629
432 177
1720 2629
401 1000
2696 2556
1297 500
1170 2629
1186 1660
2446 1894
2898 2635
419 1751
1570 403
915 2037
2629 575
2378 2629
589 1422
419 2165
1928 2629
267 2617
1508 1368
2629 360
2833 419
2810 2629
2629 2137
365 2170
881 419
2629 2867
1795 419
1297 2582
2307 2936
1775 419
2902 419
713 2313
437 1
419 1015
297 2629
44 291
1739 2858
419 1699
1621 2629
1054 165
1295 1474
994 212
419 1017
366 2344
1906 2629
1599 1044
699 437
2629 810
2854 419
1989 2616
524 865
2767 1558
2629 103
271 419
393 568
2629 575
764 419
1805 2964
2629 502
2875 1640
507 2629
2629 1759
2566 1384
2629 958
2629 92
1871 334
2680 101
1658 2629
2702 1024
2629 190
1020 2069
413 2629
60 2165
791 419
419 657
2838 419
253 2629
600 1653
419 1629
2629 2198
419 515
428 2947
395 2377
190 2889
2629 2394
1397 2878
2112 419
2629 972
2651 2629
358 1191
2629 2195
2441 419
2719 419
2629 1156
674 2665
522 2075
1482 2792
535 2629
966 2629
2647 2563
2629 2820
2629 232
203 46
1952 70
2274 1810
2558 419
2604 168
2629 1533
2913 419
2673 2629
2531 419
216 2405
419 304
1691 2629
1167 2629
419 2418
2629 300
799 1604
1533 1506
645 2329
847 1319
419 1290
419 1191
2871 2629
419 1378
1362 419
1767 2629
2843 243
1338 1976
2629 2656
2629 1906
1998 2321
2723 2357
907 2415
1707 2791
419 2666
876 2629
1385 2059
2731 1592
2629 282
2629 1679
1722 419
2674 2629
419 2375
1276 863
2584 2935
1487 2629
419 788
2820 2629
2783 419
904 334
885 2462
2434 419
2629 2109
2869 597
1715 419
2403 419
2509 2629
1757 999
2629 473
725 396
1550 2629
1574 2176
419 2328
2366 2629
1615 1111
2578 1690
1017 853
2068 726
2924 2629
2834 219
2629 2727
1240 1047
2629 1209
2629 612
1058 1792
914 2328
2629 1241
1642 178
714 2342
2647 723
258 419
419 2948
2129 2905
941 2815
2054 1502
1410 2629
1453 1829
2629 274
2629 330
2299 419
429 1626
2629 883
2070 2922
645 251
1719 419
419 422
2158 777
419 1014
1041 509
1855 834
1010 2313
2590 419
404 2647
199 483
569 1440
171 419
2629 231
2629 1168
2912 2629
1249 419
993 1234
2382 819
2499 419
419 947
2945 1316
2629 2147
1406 1073
2727 599
419 2039
175 2629
1143 2042
2043 1677
2869 2417
1306 2629
1461 419
2761 419
2971 2629
1848 1854
2467 1799
2629 1209
2493 2629
155 1417
912 1970
419 1886
253 414
625 2629
2085 419
2925 2629
419 1084
2461 2197
419 17
1728 1146
200 2708
419 2080
419 2039
2658 1315
1682 419
2100 2868
588 419
781 203
419 2976
2971 2629
251 2629
775 419
2487 679
2629 1885
1512 419
2708 551
419 2146
1653 2629
2062 419
1442 2629
2629 1735
2206 376
188 1516
356 1559
419 259
824 138
327 1297
419 893
2290 2482
1588 394
2629 520
708 419
842 2629
286 1051
2649 2596
1066 2629
1781 2806
419 795
2423 209
2724 1171
894 1310
2560 969
635 1050
419 2528
2413 419
172 2542
1800 419
832 419
503 198
419 185
2629 2372
2700 336
949 850
113 1772
1130 419
339 2629
648 419
596 1636
1952 2991
216 1273
1099 1309
419 960
2629 1150
523 1769
2960 2629
419 738
419 2892
2627 2567
419 1336
1105 1028
513 2629
61 1095
2338 2870
751 149
2170 569
1969 419
419 2948
2362 685
486 431
2793 419
2570 2615
1933 1806
2629 912
693 1791
2629 133
1147 616
386 419
449 234
971 419
419 2543
2117 1297
53 2629
2502 47
2629 2730
1724 419
419 960
2360 419
706 333
2629 2252
606 1417
1013 1799
41 1359
2629 1676
2674 2629
419 2585
1398 2081
609 2526
2518 419
2186 34
1652 1043
2136 419
2827 419
1512 392
2856 1578
655 1698
2629 456
2629 2099
170 1009
1138 1981
636 138
1687 419
117 2092
919 466
419 2176
126 2629
2405 2629
575 2629
791 469
1202 2220
1736 2629
312 2629
866 2629
1315 493
1800 419
1024 1877
2252 2629
796 2629
2781 1019
1258 2997
756 854
1 2629
2629 2900
1769 732
817 2629
419 180
2946 2619
1272 419
1176 2802
155 1155
419 1951
2629 686
1305 2261
2368 2629
2629 941
2629 2900
138 1894
2629 1274
104 578
688 1974
2629 2614
1733 1045
1949 2371
419 886
2137 2629
419 1298
2629 369
419 685
701 2629
2547 149
2794 2221
419 2046
1011 794
306 2034
1472 2629
806 1316
2132 1588
419 2320
2826 2420
2629 2102
2629 841
2045 2629
1076 1887
1834 2437
2656 1289
336 718
419 1546
1162 419
419 1084
1934 1214
727 607
419 1061
419 2506
2629 1180
535 2629
419 1568
1633 2909
2390 2605
419 361
178 2836
1406 1291
419 2281
2860 2733
2629 2180
1135 419
12 751
419 271
1741 419
2629 2563
1432 2886
2629 2740
370 2629
2209 1454
1589 419
2750 2923
2866 2629
2981 2953
1505 1467
419 615
889 1042
42 468
2841 2141
302 2629
2870 1129
503 2836
589 27
419 2278
1130 419
2492 419
512 2629
1833 419
61 2067
325 2629
2188 2809
1181 1102
712 873
419 1178
978 2423
2349 2789
398 419
875 1878
1817 2979
890 419
453 2505
2611 2629
2629 1964
589 2286
2701 1674
2888 2769
2682 722
1266 2502
2556 214
2018 8
1464 2574
419 1907
2629 830
711 419
2692 1463
2833 419
2629 2015
1181 953
951 625
11 2511
670 2708
2629 887
1475 419
779 2525
419 792
419 716
1074 2629
755 974
1855 1997
1731 1404
2420 770
419 2838
2855 419
2015 397
419 2543
2799 1343
360 2629
419 2626
980 406
2282 2262
2629 1074
419 1014
1846 704
2993 2160
675 598
1133 419
419 173
1854 419
1186 1591
2828 1881
924 419
534 419
1747 2629
1798 2629
2629 1168
1540 2541
2629 1915
2369 605
2763 2629
551 947
419 996
2629 699
2629 516
341 2629
419 1411
419 2134
1039 517
2009 2958
1866 1221
1617 2140
2629 1980
419 1136
45 966
2542 419
2629 471
557 1793
1994 1150
557 891
2629 641
1682 2983
419 1407
1624 1341
419 821
2137 2629
2629 2671
1069 2629
1032 419
641 2629
419 1949
419 2741
2629 2255
884 419
2156 1631
419 2862
2251 419
1096 846
1068 169
1908 2129
2784 2477
944 1275
419 2499
1512 2063
2629 1839
2530 2629
2728 427
1447 1681
2629 1047
2130 2700
275 481
1065 189
2629 2455
2629 1274
1365 419
2718 2899
1476 2629
1169 1345
1751 419
314 767
419 96
1551 359
1645 2473
442 2629
950 449
1569 1134
2629 2995
1667 419
419 983
2926 2022
2734 419
2629 2890
194 1856
419 114
1873 2629
567 419
2303 307
2629 1849
419 2564
2629 231
1739 929
277 1034
1076 400
1842 31
789 1437
2308 2008
419 1254
2629 136
1362 419
1080 1279
2629 1767
2557 885
2614 2629
2466 2629
419 350
2629 889
1651 2988
2667 2629
2321 2629
1711 1678
419 581
109 2431
2041 588
1001 1583
2629 1964
44 2188
2711 419
419 693
1427 424
2341 1159
419 1671
2629 2640
2340 1331
419 1597
419 1917
617 462
2629 1761
1022 499
2629 2
455 496
1305 1151
1888 2846
1007 2714
563 920
969 1585
127 419
1632 2629
1741 2982
1116 2629
1680 420
1593 2347
741 77
419 2057
303 419
127 642
2519 419
2503 1617
419 888
2629 783
1125 2499
52 345
2629 175
2402 1926
156 1058
717 911
2629 284
2933 2629
419 321
2587 966
2701 2629
2629 2104
2629 1897
443 2839
419 2910
2497 2242
503 188
2629 94
2071 2629
2715 2415
419 1029
2693 2407
1503 2629
2613 2629
425 1610
1911 2414
772 2102
1702 433
61 2629
419 534
1768 1517
1923 990
419 1951
539 1648
1211 419
2028 419
2558 419
1986 2535
419 1805
153 1575
2002 2629
777 2629
674 293
419 1220
1425 2629
419 2519
419 486
2629 704
2859 1623
368 530
1452 419
341 2629
1335 1379
975 13
2607 2629
1535 1014
698 2910
1387 628
2005 2475
2903 419
419 2058
1822 438
2355 2798
2629 1288
554 2629
2629 1676
419 1877
419 1256
2089 1972
2473 131
419 1877
1055 1778
1414 2629
419 791
1731 2111
1539 2953
2563 1998
419 801
1540 1277
2032 419
384 2521
1837 301
2002 2494
2629 2942
419 2590
2629 2012
419 1107
1894 2475
2629 2388
1370 2385
751 2629
724 2344
1127 2201
2629 2895
205 419
2055 419
1439 1692
419 290
202 2859
1075 2629
419 2685
419 791
2919 419
2185 2523
899 2171
419 2338
1849 1238
2301 419
362 2629
2629 2971
92 2629
2537 286
167 285
419 1123
1385 1397
683 419
2339 482
2008 2673
2629 1653
419 991
1497 2629
2534 2398
1374 2748
2629 1988
1896 985
419 256
183 2629
2921 1404
2484 2629
1791 2968
2629 2900
2032 419
603 2433
2409 2172
2795 2273
2629 2250
2629 2009
111 226
56 138
39 2629
1792 2988
419 171
2629 2384
1452 1618
2629 2368
2629 2705
505 1761
419 196
479 419
2629 24
979 419
463 1033
1416 419
938 419
1794 419
2629 378
1721 245
2629 2205
656 2163
2629 1522
2606 419
1363 119
419 2854
959 1273
292 2521
1402 302
2632 1067
1609 430
2629 1549
2058 959
606 419
498 2669
1669 2629
2629 2388
581 1134
2629 2077
2981 419
1332 1602
1407 763
1344 595
738 286
2629 1710
1075 2629
419 169
1310 2419
419 2902
1037 2411
2397 2344
431 2254
75 2439
294 1720
1223 419
2894 2629
1427 1469
2624 1175
921 2874
419 291
2553 736
966 2629
1955 541
2389 409
2416 2629
1211 280
848 2337
419 1064
1228 2629
1496 1037
2362 1990
2091 2220
1620 1114
2936 2814
710 419
1587 419
1057 28
729 1604
1658 2739
1784 2045
1789 1571
1457 2086
741 2333
1486 2653
2596 2256
2903 1910
1607 956
185 1231
1290 440
2461 2629
1002 2629
2217 2279
2226 2629
1123 441
162 2629
35 419
620 1342
2629 293
1712 196
1722 419
358 1463
1171 419
2844 2825
2287 2629
287 2629
2268 1541
419 1092
304 419
2306 1054
1044 419
2594 1033
2427 2953
1861 1361
141 419
494 419
1381 382
1828 2629
2629 2507
419 391
1981 2629
777 2815
2122 770
2629 1980
676 1119
1178 419
2964 710
2629 1736
1020 2629
799 2629
2629 497
2830 419
2524 1967
2813 2629
2388 2629
2248 419
584 2629
2611 1799
1384 2845
97 419
419 2333
419 2284
1509 1724
2890 2629
1423 2629
821 419
2948 2249
2184 2873
597 1286
2378 2629
174 1093
1036 1219
2666 1615
2629 1170
837 1855
2629 2496
859 2744
1860 313
419 2628
2855 419
351 2407
419 961
2228 1387
2652 24
419 1365
962 761
419 1811
2442 1932
2280 1662
419 2994
435 102
2065 2629
998 2587
2282 1652
2792 419
696 847
2278 419
2648 846
789 2629
2629 2639
419 2450
2078 2655
419 2615
2154 395
2329 1502
1374 2629
631 2733
419 1394
1897 2629
2098 419
760 1886
913 2993
537 2629
419 299
1933 1602
939 2629
1067 2868
1828 2629
1585 1445
1750 1897
2356 333
1252 2629
2336 8
4 2629
2629 662
2629 1909
419 1049
419 1159
1506 2989
1371 2121
1237 1596
2629 2867
1166 70
587 1302
2629 537
736 336
2517 2629
1047 2629
419 800
166 2957
1007 2856
1059 242
1681 2829
2783 2100
419 405
258 419
1597 419
1609 419
2669 1399
2464 1071
366 419
1248 967
2629 208
2035 419
419 566
2629 2591
1754 419
1637 2610
700 1735
2213 1321
297 2629
1267 439
2240 1865
2068 815
1105 1110
1595 1711
1935 2629
2646 1674
2801 592
419 610
436 2629
1859 1574
2629 1443
151 419
2749 419
1662 1045
1281 780
2629 2582
1162 419
981 1476
1080 2083
419 445
260 2599
2871 2629
290 419
419 1057
746 419
861 1109
296 419
2629 2225
2027 1551
419 1829
768 419
1461 2690
1275 2553
1360 2570
446 2055
1263 1501
1198 419
275 350
2629 1209
2885 2629
2342 603
2629 1533
2698 186
2629 382
1354 1840
419 206
2475 56
419 839
126 2629
2629 2810
1475 131
2629 59
1994 72
1890 419
2530 1468
419 2475
2629 2367
1232 2702
2766 2773
2629 878
2629 2010
2149 2629
1083 2825
419 2119
1306 2629
419 393
1246 419
1198 419
1002 2629
2505 1260
2671 1091
1557 1393
1985 2629
2629 2109
2779 113
324 2629
1724 956
1609 419
1549 2629
269 1723
548 419
2056 2629
2457 1939
2629 2335
675 82
2646 197
2629 1977
419 374
2629 2020
419 154
2079 34
2629 2897
2629 2332
2374 1920
89 2838
1932 310
2867 458
419 2320
156 1702
2629 2211
1081 1541
2629 1145
2458 1364
1057 419
10 1639
2472 2121
495 1767
1014 1706
386 1821
752 1758
2795 2705
1144 120
2845 2629
2629 1930
2229 2243
419 1183
1917 419
2629 485
2777 1063
2047 689
2283 637
2614 2958
1699 419
2629 817
419 1643
1093 1210
2227 419
2979 172
419 713
419 973
2768 85
418 419
419 2419
152 419
2569 127
419 2397
2710 2629
1587 419
413 646
364 1429
2097 2629
1056 48
545 2282
1407 431
419 350
2236 419
782 1585
2288 430
1034 548
573 1589
842 1319
1577 2629
2837 687
1216 2595
419 2918
209 524
2574 748
191 419
1589 419
1360 419
1691 747
2140 419
2629 1744
2526 681
2003 419
2136 419
1729 1575
2629 558
1206 1752
2607 134
2629 1523
1364 308
1627 2634
1345 700
2196 2629
419 2980
419 1797
692 664
2629 629
419 1264
419 1929
419 1220
2629 2122
419 1921
2922 2629
2823 419
1369 2629
2629 742
2361 704
1952 419
1072 419
2665 71
2629 40
2946 907
490 419
1247 1698
2785 619
232 2629
2181 2629
2967 96
765 160
1441 1944
2696 2435
2333 419
1779 469
2307 1337
1758 1186
363 1226
2370 2629
740 1693
735 419
2978 984
782 411
857 1645
499 2489
1598 993
419 2636
338 1190
1516 1280
1202 2891
2539 2762
1113 854
1880 1080
2629 59
419 2654
419 2325
931 1462
2629 2751
419 2794
1416 419
419 527
2629 2448
2846 1413
419 141
1240 2961
2140 419
2629 2181
417 1683
1300 830
2633 214
419 1211
482 407
419 1780
1811 419
2806 911
1246 419
1990 351
231 2629
538 2629
1542 2160
419 1505
664 2425
509 2629
910 2114
419 2783
419 790
2867 2629
120 1210
2090 1582
2533 419
471 1760
481 419
2680 2761
2629 522
2629 473
2285 233
2622 1056
2050 1992
383 2805
771 2623
148 546
2629 1916
256 419
2629 1193
2192 859
689 2978
1664 419
801 1096
1927 2133
419 935
1649 1317
1313 2629
419 152
305 2880
2059 2629
2629 1661
2629 1759
69 2629
724 2570
419 676
39 2629
920 1659
1627 426
2208 1752
1248 2629
419 2314
2266 2629
1216 2621
371 1675
2909 419
2967 687
2274 2105
2663 285
419 1014
664 42
577 1288
2804 1222
2629 1572
1234 2498
419 735
626 419
719 439
2220 18
2629 1442
357 419
696 1124
701 2712
419 2790
419 515
441 2006
938 419
2629 2865
419 1950
1773 1903
1592 2629
916 419
2503 2723
419 2628
419 1335
1520 2967
503 2718
489 2629
2549 1588
658 2488
2629 1008
419 2533
2357 864
419 1124
1431 419
2629 325
33 1961
419 1434
463 810
2629 2384
419 374
2676 2195
697 1726
419 935
419 1255
419 2219
419 2959
2846 1804
2000 1534
423 2850
2629 1622
588 419
2154 419
1583 21
245 1613
419 2919
2629 510
2233 2042
123 2902
1975 1239
2629 1620
419 1951
2249 2203
1603 419
2205 2629
35 419
419 2288
131 1687
1803 128
457 330
1524 2629
1749 731
1580 2291
2338 1235
2694 2629
419 1218
652 849
2604 2629
139 2894
1104 2260
2524 474
2464 367
443 908
911 419
1213 1409
855 419
1480 838
2353 1748
1242 1866
997 1543
1547 1056
2631 19
1854 419
1634 2174
2904 1742
268 2738
2909 1817
1239 83
1832 419
569 622
1397 2629
419 657
535 2629
1287 2483
169 2690
2737 2236
1598 419
1046 419
2747 2629
2362 1715
266 1528
1578 2117
1505 419
419 2703
823 2963
419 591
1392 19
2233 2629
1548 1375
2629 1470
419 1589
576 2311
1130 1204
957 2629
2895 2629
2238 1814
893 419
1980 2629
986 2513
2629 1914
2629 1772
1569 419
2273 2559
616 2629
2629 2239
2358 12
2629 731
1121 1039
419 1917
2629 1839
2309 419
1515 2629
2629 1985
416 2629
1925 812
419 448
571 2196
247 2629
1610 863
2858 1611
1909 2860
419 2325
419 2805
99 1947
2055 419
416 757
2367 2629
547 419
2861 1960
1344 140
1411 717
2469 586
1053 419
2802 2266
219 2629
2798 1541
2629 1087
1747 2629
604 505
2454 1104
2629 2672
2629 2895
2954 2778
1532 2629
616 2629
2629 878
2927 2265
2629 36
1025 419
2909 419
419 1889
1432 2803
519 177
419 1407
261 1121
544 833
419 484
2532 633
9 2563
1338 2962
789 999
419 1646
452 419
1639 1844
2902 419
419 2236
839 1294
1270 2096
419 1794
2842 2811
1738 2744
1117 419
419 2203
1930 2629
2629 1456
2894 2629
419 2827
2629 872
419 804
2629 509
2615 419
1523 2629
419 299
1789 1663
204 419
2399 874
1016 326
1695 2971
168 1026
2115 823
2229 2379
2598 2629
2126 419
2040 2629
2629 2530
1515 2970
471 2629
2591 1614
1656 2608
1808 2172
1189 2629
1085 2602
1470 1939
1901 2202
714 1575
962 8
2629 2212
419 2823
2629 335
1 2629
1541 175
692 1013
2888 419
1300 1958
1971 2052
615 358
759 2135
279 419
1100 419
2629 841
717 2295
2976 419
983 164
2017 2158
419 480
2614 1925
1652 190
1019 1524
843 2470
2116 514
2629 2378
2553 2700
1632 1259
2839 2629
2258 2218
1939 1849
2578 1156
1425 2629
2307 2141
50 419
817 2629
2493 2629
419 29
2616 419
1950 1871
151 419
2344 1440
1713 940
394 560
2427 1280
2629 579
300 2629
786 2629
1366 419
40 2629
2629 2992
652 419
419 626
2624 678
1206 532
196 419
2099 2629
425 8
1387 192
270 2629
2629 86
2629 2484
362 2576
1682 419
419 1569
38 1874
2134 419
419 1440
419 1213
2591 2629
372 2816
1018 2629
946 613
2822 1778
2262 1043
1085 2840
1275 2203
1402 958
2629 2104
1444 2006
49 914
1135 419
2024 2754
1554 3
1031 965
1634 332
2629 1284
219 2629
2629 456
1314 1483
2697 1919
2087 211
584 2629
419 2670
2658 419
771 541
2459 2629
930 61
552 2629
2798 2354
1366 419
458 1841
1231 2095
80 419
689 2581
1333 2629
2093 2629
2629 251
2629 1426
2429 2934
2335 2026
2769 1902
482 676
2629 2321
2338 2893
2943 419
419 1223
2438 1802
419 1449
419 561
2629 1193
419 2360
419 1005
2225 1202
2215 419
1450 2629
2660 1889
2629 2866
419 180
2353 1477
195 769
419 2421
1041 1058
1212 2975
1414 2629
287 2629
1610 2336
1050 2543
507 2629
2599 1193
151 2343
1670 637
2629 1785
419 2113
419 1579
2243 2385
419 1987
1107 419
1478 2629
419 412
2629 66
1478 2629
1021 231
2084 781
2629 2845
1125 1391
2570 2397
1641 2629
1514 2716
2177 2396
2245 419
2629 1349
2629 1081
583 2555
2629 1515
1935 2629
2629 1145
1694 1921
1109 1498
1247 419
2164 1779
2184 1404
1725 2629
2779 2024
1414 2629
2989 235
2960 2629
376 900
1155 639
419 2670
1910 2567
1061 419
972 1666
1160 776
115 419
1042 1553
2886 2629
94 2629
714 1148
1466 2686
419 591
230 589
419 153
1101 2331
612 2148
371 537
1974 2628
1222 2577
2629 2130
2285 2467
2629 2694
2629 282
618 1688
701 75
851 2161
2629 1013
1429 419
2840 26
579 1341
509 2728
419 2324
2629 184
1495 1157
2629 556
556 2629
2629 889
2170 1215
2393 865
1126 1490
419 2792
767 1077
271 1840
2629 941
2511 419
292 2508
1165 809
2629 2509
560 230
1321 177
1031 1111
348 2834
427 2124
582 2629
736 961
2081 1993
2217 2199
380 1420
2629 356
807 419
1958 2629
733 2629
458 2188
419 445
2565 419
419 1282
1265 2826
2629 684
419 269
419 2603
2035 2476
2503 419
1713 820
2925 1927
419 591
419 2805
2060 1226
2629 2714
2716 2182
1079 542
1430 419
2154 2417
2722 419
419 2136
241 1202
2200 1937
338 2629
2629 703
413 2629
2954 1689
1743 2575
1208 1623
1266 3
2773 263
2629 2507
1472 2629
2629 533
1336 419
2629 1963
2550 2629
2284 419
1272 419
1177 244
1218 419
357 419
2629 677
419 2392
2629 942
2064 2851
2629 1137
2799 414
2958 2592
1428 419
820 478
1215 558
2001 419
985 2629
1929 419
1283 2744
444 316
2651 2629
543 1731
688 419
2586 606
883 2629
512 2629
1655 419
1470 2629
1361 2125
943 1406
2629 2013
2629 2952
357 419
2629 230
2629 516
2394 2629
2629 1887
853 2018
1410 2629
2221 1424
688 188
1814 2755
479 419
2629 2117
2298 209
419 2159
2629 348
2365 2629
1126 48
179 121
1620 2629
1847 419
835 220
1737 2629
2105 419
1806 2523
195 2991
2812 2629
769 817
2380 2140
1600 2004
1553 776
2314 419
2568 2639
1441 115
419 549
2748 2106
2267 2561
2826 710
419 84
580 1173
750 499
2316 2975
2255 2629
2629 749
50 419
1368 2567
74 2847
142 2951
931 419
657 419
419 2230
2037 1586
786 2629
2629 2952
419 693
724 2619
2453 1256
419 947
2629 2707
1699 2456
520 2629
2685 2163
2629 1150
419 2950
419 366
2488 2346
678 147
106 419
2629 2065
2621 2629
1904 419
419 1102
2629 86
2582 2629
608 419
2629 1953
287 2629
302 2629
2809 738
1921 419
419 2353
2629 2049
265 123
419 2397
53 2390
311 2932
2894 2629
2297 2752
419 1166
2753 1488
2891 2629
2202 419
2375 419
2629 2835
656 419
2535 649
2772 419
2629 552
738 26
1984 542
370 2629
419 655
2328 419
1821 2146
419 2749
1945 329
606 419
2419 1561
1450 2629
30 2442
1967 2629
419 1754
1985 2629
1015 419
1503 2652
655 2724
419 2144
217 711
2618 2118
2330 339
419 178
2412 285
543 2184
2192 1134
419 1032
1392 2751
2234 2629
1748 2670
419 218
2042 1918
2629 1973
2867 767
1659 525
419 2537
419 2959
37 1998
23 88
192 419
2408 419
49 2479
1666 1389
1320 712
1140 419
2064 419
1446 2318
2629 335
2206 2465
634 2285
332 419
972 2629
662 2629
2754 2662
2081 164
2303 419
118 2544
1205 90
2629 2671
419 114
419 890
284 2629
2433 2887
70 2398
1457 2629
474 1309
2671 1105
2300 1334
605 1692
2629 2054
2629 667
1362 419
2409 2072
187 1804
419 2434
2009 2629
419 524
2222 1224
2629 1172
2531 419
524 419
2664 816
2133 1285
2327 1554
1571 575
1476 2629
2709 2046
1279 2217
2372 2629
973 419
419 2808
2159 2354
2449 2284
419 1565
2877 419
2125 1683
1515 1432
419 1455
1479 89
2624 2357
2629 2853
2475 419
2629 2954
81 419
1278 1762
2783 419
2629 1684
2629 1228
2629 1196
419 143
2002 2629
527 2836
2629 972
2689 2629
2785 1059
1052 234
2492 419
1230 2648
474 741
2629 2546
677 2355
127 419
419 900
814 2996
2666 1398
419 2793
419 81
472 419
419 1166
2629 554
2174 2883
2629 2066
2112 1309
2936 2629
1330 1650
1963 2996
1172 1384
2274 1043
472 419
2629 526
419 940
1737 2629
487 419
419 1428
419 2862
2629 1843
998 2629
2629 1573
2751 1232
2230 419
2095 419
1475 419
2300 419
382 2240
308 384
84 1742
2629 2283
132 419
1250 426
2612 369
2865 200
2977 2629
2629 325
419 1687
2629 1816
2049 2629
1732 2629
2865 670
2814 2738
1712 1520
2279 2340
2642 2629
2685 419
419 549
1862 805
2629 2432
2629 1325
1018 530
1478 2629
1540 47
1914 2110
1060 1201
1296 826
2629 517
2629 339
2629 2302
419 1907
812 2629
789 2629
419 672
419 1771
419 2904
2223 1943
2640 2629
2627 1307
244 449
419 2421
1924 459
1703 365
2602 26
2851 781
2629 1660
2629 654
2035 419
1466 1311
2596 497
1963 2629
1503 1709
146 1588
1709 969
1430 419
1672 761
419 1335
1679 1399
2503 419
2629 2107
300 1147
2629 2598
2591 2629
59 2629
2742 2545
599 578
1393 2862
2599 2613
1479 1991
2883 400
711 419
710 419
1355 419
1696 2382
167 2629
832 419
2288 419
2629 2713
2109 2629
2103 2496
2629 2613
2629 488
2629 592
897 2605
1028 1864
802 2629
2629 765
79 2951
2610 424
863 2629
2758 2422
1452 419
2261 2104
2287 2629
638 2608
2002 2629
2417 1605
419 2963
2857 2497
565 2008
1641 2629
1885 2629
1725 1957
1379 2798
767 1550
1433 743
653 812
2549 2629
490 419
235 298
419 452
9 2879
1785 2629
2085 419
1443 2629
2629 1284
2572 1020
2072 888
419 2079
1417 884
86 930
269 170
2526 130
1881 1271
567 419
1774 2281
257 1645
2516 719
2092 158
163 419
917 690
794 1807
2629 2912
1564 419
2629 684
2481 2595
2629 274
2629 997
2316 2932
419 1844
695 2238
181 2137
419 1185
2457 2987
708 867
863 2629
1082 419
2790 1888
2629 1785
607 774
1733 2019
2629 2656
2814 270
67 2629
2629 2439
2017 2629
2741 419
2564 419
2054 2629
874 2691
419 340
1207 1266
1010 1566
1948 1
2663 1838
1168 2317
2625 1647
2629 159
175 2629
1666 52
2629 389
1468 1241
528 419
419 1877
1671 419
1697 54
260 364
229 1643
1272 1382
2752 843
419 2755
1230 2379
2128 1713
2629 1873
1475 419
1399 2428
2629 2784
2450 419
2629 633
1350 2399
419 142
5 2925
2629 1679
63 2185
1567 419
419 1486
419 204
2533 419
419 2028
1251 367
504 491
2431 2504
576 2565
2424 2629
419 2503
2629 1323
2699 2469
2851 2418
742 2629
2366 2629
2629 52
548 217
2629 57
1803 2717
2443 272
2629 1438
2186 2472
403 949
419 869
2889 1043
2520 2629
545 1850
1415 2505
2253 2719
419 2497
70 591
1532 2091
419 161
770 512
1324 1732
1572 2629
2096 1940
2475 419
547 419
51 1832
2629 2415
2706 1585
907 724
2629 2550
452 1439
2544 419
1705 2143
1157 2712
696 983
66 2629
553 855
419 2518
2629 184
2056 2629
1915 2629
419 2227
2561 2552
1261 700
1596 2828
2195 2629
1492 938
2617 1040
2062 419
419 2544
2185 1362
419 1844
1023 2493
2666 419
967 2764
476 800
1301 1091
2629 375
2629 555
1789 1639
1071 895
479 705
800 995
1942 419
888 419
2629 2459
279 419
451 419
2629 1252
1135 419
2402 1799
2796 2088
1684 2629
2933 221
324 2629
2393 587
728 295
1483 233
2629 339
2513 471
1175 2629
1225 2740
2786 236
2888 2276
2843 2629
419 1361
419 1780
1038 973
115 419
643 2161
1167 1163
581 419
2629 1033
2721 1357
419 2949
1794 419
616 2092
1156 2629
2156 1370
2894 1647
2339 1846
25 2428
72 2629
419 2827
1832 419
2687 419
1754 419
2438 419
1161 139
1958 2629
1519 2038
346 419
419 869
2629 2117
2629 2546
419 764
793 283
2746 419
475 2629
628 123
291 419
877 2629
2807 1898
1500 2629
419 2681
2572 2644
419 593
2629 1167
103 695
2713 2773
856 2437
2528 419
419 2855
419 862
2187 2207
1140 1856
2629 2843
1333 2629
1773 18
308 513
2671 2969
2707 2599
2793 2870
419 2931
830 2629
1946 15
2263 2629
2629 2549
2774 2629
2918 2460
2206 550
1834 112
154 419
2629 2707
2092 966
1593 292
1667 419
306 1029
2629 1161
2530 824
2016 2629
2629 1248
2076 2361
112 884
2629 1849
1938 293
224 2629
419 2500
1922 602
205 419
2629 1909
783 2629
1994 2111
2939 1947
1112 790
2921 2807
2716 419
2287 1381
1113 615
419 961
6 1773
2381 11
2315 2589
1788 1243
1181 1242
276 598
1360 419
419 2539
2629 1008
2629 1953
1658 1506
2629 1454
2445 419
354 512
2143 2589
2629 61
1078 1316
1343 2021
877 2629
2291 581
2631 2702
120 1551
2629 1796
701 2629
321 2660
459 1677
32 2483
1028 1377
2629 2405
419 1130
1999 247
1535 2032
1632 2629
1096 2892
2301 419
419 269
419 1136
651 2629
1845 2629
2492 419
419 2058
583 705
165 392
2468 797
419 487
2629 2865
567 906
80 2371
352 419
419 2375
419 481
1991 1594
419 487
1410 2629
2629 2512
1226 1184
1978 995
419 1258
1214 1522
419 2438
2629 72
1053 2736
1896 2021
1086 2629
1876 2713
419 2910
2629 55
419 1361
2677 2629
419 2768
1518 419
1760 2238
1594 1514
419 135
1382 1949
2633 336
2597 419
419 58
2257 2557
2627 2034
2629 883
419 2585
2629 1928
779 1403
2774 1956
1724 419
920 1162
305 419
2629 1746
283 144
1378 787
1181 2540
654 1141
914 135
2629 1915
1116 2629
576 1714
419 1010
1874 419
1752 1478
2903 419
877 2629
1237 419
419 924
497 2832
2629 706
2383 750
2825 1614
1857 682
2629 2180
1929 1474
1445 419
419 2734
419 63
1892 419
419 1655
2629 2394
747 603
53 2984
1320 2635
138 2276
957 1638
2629 557
544 776
96 419
2629 2308
340 2990
1101 2610
419 291
2910 419
1577 2629
1730 76
1152 419
619 2698
2522 1212
1413 464
2629 982
552 2629
2011 1508
419 881
1032 419
924 1851
419 1445
2629 2604
419 2043
419 1594
2629 2656
653 543
419 80
2934 1934
1991 2716
1712 115
2241 2629
2226 2629
2385 2629
2500 419
355 419
2629 1252
1795 419
2883 332
2565 419
1154 419
2977 2629
551 1179
419 1405
2629 733
1721 650
60 1568
2629 1422
850 1999
1563 2535
2629 912
419 398
55 2307
2629 1438
2995 2629
419 2244
2629 1
2730 2629
2108 1357
269 419
2151 519
329 2629
1494 438
2497 419
994 1220
1020 2629
2275 419
2645 610
1769 100
2629 1621
526 2629
828 136
419 2128
2629 507
2632 2629
989 854
2120 419
2604 984
1790 787
172 2909
1662 1686
319 1957
1235 1262
501 419
2629 145
305 419
75 2265
1824 680
2250 2629
194 419
184 851
368 607
419 2403
2064 419
419 1394
2187 1908
419 2073
1812 2057
2629 232
7 878
1362 1602
2167 355
1555 1758
419 2445
1693 980
2629 1156
472 419
707 419
2810 2629
2629 2061
868 2922
1180 2629
935 2680
98 2629
2229 2629
1628 2898
419 860
2741 419
419 938
785 577
2877 11
1323 2629
1910 1508
2981 226
2256 8
13 1858
2093 2629
2993 1286
2629 677
324 2629
1523 2629
2933 2629
502 2629
2629 1426
419 1740
549 419
1146 419
322 1388
2629 224
1691 2629
956 1154
528 1382
1531 2629
804 419
2629 509
617 1757
2588 1130
2047 419
2113 2723
1144 2629
2571 2801
2629 1074
1449 419
1694 2464
2629 1900
301 145
2908 1826
419 1565
2629 699
1431 419
2704 1030
1461 454
1817 1779
1687 419
2318 419
2707 2629
1501 2663
2629 2061
419 608
246 1136
457 298
673 1318
2720 663
419 1015
1170 2629
1805 419
419 2324
2301 682
1427 1386
1986 1996
1861 1090
1108 119
1166 2991
2629 2884
181 2641
320 419
1615 2350
2626 1617
1260 261
985 2629
1046 508
1867 2629
2144 690
155 722
860 419
419 256
947 1239
2629 976
419 391
2534 195
912 2355
1481 2495
2629 1576
419 2436
768 419
629 2834
2629 2264
2231 1552
2772 419
419 1625
1775 419
1629 2964
2314 1582
2629 1454
2962 342
419 1692
66 1716
524 419
1487 423
566 419
1497 2257
1050 2862
2629 238
419 971
2897 2629
1815 2629
2629 2928
2061 2629
2792 419
2629 1476
737 1589
785 2086
2629 2607
652 419
2629 1013
2523 1879
829 2849
2941 1685
2733 2163
2237 2369
183 2629
1067 1487
1103 2512
356 2629
244 419
2151 1001
2629 2195
2931 553
2629 2942
2664 35
1823 1292
657 715
2078 419
132 1109
844 908
710 2750
419 1262
2020 2629
1811 419
1891 2870
2629 323
419 144
1419 2479
2115 1666
2801 1962
1120 1583
2241 2629
1236 1075
2629 2332
1127 578
1722 419
133 1610
409 419
2121 2629
2225 2091
419 1053
2126 419
2629 55
2629 831
2434 419
2681 419
2209 998
419 649
2629 2886
419 2227
1718 2107
419 1461
1140 419
419 265
419 2808
1894 1705
803 2315
2557 2629
2446 2143
1203 2691
727 288
687 1021
1796 2629
1113 50
2629 2912
1950 419
1162 1893
419 2463
2629 2853
2491 419
1436 2014
1889 419
820 333
823 2518
520 1678
2629 799
1562 2800
380 324
1004 2464
1969 419
1405 28
536 1852
2308 2629
2276 361
1139 2532
2629 2321
2222 1880
1423 2629
2471 2727
605 1073
1425 1437
419 2244
476 1424
1542 2383
667 2629
2629 901
2245 419
2001 419
1120 2155
419 2606
1649 2173
694 1931
1276 2336
2029 2210
2669 2629
2397 2619
2901 2629
2679 644
1087 2629
2766 627
1182 2372
2751 2629
408 507
36 2629
1131 2249
318 2629
1916 930
1746 2629
2629 276
2299 419
2629 2266
2250 2593
412 419
2629 2507
2629 330
1561 1133
344 1895
2884 2629
708 419
419 2643
2913 419
1634 1178
1027 2629
1629 419
2790 419
2993 1456
990 719
419 194
2629 2891
2629 24
419 2518
806 679
419 561
2940 407
2666 419
2706 343
419 1237
120 318
2629 341
2275 419
2629 213
419 2176
2772 419
2629 1369
1248 2629
1699 1200
962 419
2629 2601
1631 114
2746 2935
2178 2629
1370 1498
2797 1527
419 1580
1782 364
1108 2651
2629 1576
1035 419
1262 419
419 2626
2629 2550
419 303
2629 2266
2629 1470
488 2629
2120 419
2072 154
1505 532
143 2770
2253 1301
2133 1838
814 1097
2400 1491
2509 2629
419 228
1131 1132
32 2629
2629 318
116 2219
2629 257
1604 592
2913 419
2629 2780
589 2742
2629 1878
419 1140
436 2629
2629 2705
419 252
2297 1821
2565 1342
1724 419
774 419
886 419
196 540
2444 273
911 419
2629 1081
393 419
419 451
1081 1340
2556 1171
1355 419
419 2202
409 419
77 1983
2629 2093
419 2202
2448 2629
419 1005
387 762
2239 354
1330 477
2629 723
2016 2679
1628 1161
2874 2408
2697 2629
518 2629
2629 2263
1705 419
1052 244
1509 117
2538 145
1085 339
1129 669
1329 2278
419 448
916 419
699 1236
2629 2671
282 2629
2629 145
2629 1852
2629 706
419 2968
1456 2629
2524 362
1688 942
2911 488
2629 2952
419 2531
1468 2589
1190 121
2629 1819
1671 1544
278 2425
68 2629
419 2176
208 2629
419 1857
384 829
2484 2629
2629 748
2422 1365
2234 74
1441 2376
1560 613
2629 2689
419 2519
419 422
1501 1213
568 2499
579 2204
1036 2629
27 2629
2588 166
1495 2265
611 1174
1982 873
163 363
716 1644
2992 2629
1643 419
419 84
419 271
355 419
1940 2629
1884 264
600 2567
287 599
419 2959
202 1807
1106 1219
1211 419
407 647
795 419
2629 1675
2629 2896
804 2486
419 1218
2629 2771
419 1587
419 1166
1997 554
1887 2629
612 2629
520 875
2720 2629
152 1149
962 419
73 1305
2298 1756
414 1189
624 1233
601 438
978 1690
1663 10
487 359
2889 1759
157 419
419 2413
749 2776
2501 281
1366 209
1402 1787
1431 568
2459 2629
2629 442
419 2994
1787 1535
1670 2629
2648 2229
2629 2017
2629 1815
2629 284
1051 419
2758 168
419 2788
1012 768
2629 557
2412 2629
419 2950
697 1742
1558 1693
2895 2684
2817 2629
419 1479
2629 1369
250 2787
2645 2753
916 419
2629 1000
2555 2757
810 2629
419 2095
2429 2629
510 989
2501 419
472 2088
2618 984
2629 2845
1126 419
419 2726
2629 2928
419 716
1082 1536
1568 419
2629 2822
1577 2629
1749 694
2996 1228
1047 2629
2629 1830
1324 1661
139 1292
720 2817
979 419
99 2629
321 419
2668 1619
2092 300
419 2478
1904 419
1853 2897
1328 2987
122 1453
2175 419
2166 2629
419 1847
222 1776
1157 1924
2629 1507
2228 34
1691 2629
2327 2629
794 970
2846 994
1868 1673
1339 1538
2629 1420
2629 2181
2629 1761
419 177
419 262
2424 147
2796 1998
2703 419
2629 802
2629 2365
419 2506
419 2963
2691 45
2375 787
1336 1821
419 1755
1960 419
2629 2053
419 1415
1810 419
2629 1456
2047 1304
2113 419
2 2124
2629 641
419 768
2808 419
419 2058
2629 2961
1537 1849
576 2531
713 419
505 1790
133 2629
372 419
419 2791
419 1415
1222 443
1692 419
419 1082
419 2144
2629 2598
2160 1868
419 1580
1667 2683
2515 2544
2629 1928
2629 1815
2906 2305
1237 419
2629 2162
2629 2774
1088 2629
663 2420
419 899
419 1361
2629 2089
559 2277
1843 2629
731 2629
419 2794
2629 1576
416 2629
2053 2629
1956 2562
311 2975
2466 2629
2966 2728
2629 866
592 2474
2216 1535
1809 419
1798 2629
2629 1033
1938 16
1945 2548
2916 1232
2629 703
2629 612
617 2772
369 1956
2893 2428
2469 419
4 2629
17 419
378 2629
2141 2690
230 2629
218 419
86 2629
2629 247
104 2734
2629 1333
419 790
387 1256
2629 2740
2656 2985
1165 2139
1566 106
683 419
2629 475
1325 2629
1035 419
419 2251
1597 419
532 1290
4 2629
1074 718
2077 2629
525 1442
419 142
419 869
419 2788
2940 400
2591 2474
2480 2821
1377 1301
573 2785
419 2654
2629 2701
2629 382
419 1499
2644 1748
2385 2629
2629 2549
680 2097
1229 1040
593 419
2068 2077
2773 516
1120 2151
2551 2568
2629 278
2629 651
352 2545
803 2962
2255 2629
2052 1741
2515 2681
739 708
1739 2629
2629 1899
419 1407
1569 419
2066 1155
2888 419
1459 2735
68 2629
2463 419
2766 410
557 2532
688 419
1036 2629
600 901
2628 419
2629 1936
2189 2758
350 419
727 419
558 2629
2629 2669
2629 1977
167 2629
2049 2574
1050 1192
2629 510
732 2854
2689 2026
2547 1493
2629 2013
2460 988
2924 2629
2941 2629
2629 2045
2281 2635
1450 2629
419 129
159 2629
1281 717
1606 419
31 2255
632 1321
533 2629
758 1057
2459 1280
2629 2822
714 747
2629 1988
1448 749
352 419
2020 1459
1630 1919
1858 419
1316 1141
419 1051
419 1434
1960 419
470 451
2629 2784
2646 1372
398 1542
1954 419
822 1560
2605 1866
2782 1954
1675 2629
419 402
2727 2629
1293 2822
158 1147
1813 791
2248 419
419 1810
2814 1337
1457 2629
676 2709
419 665
947 419
419 2501
419 1528
1577 1383
2629 723
345 39
611 2529
114 246
419 1528
2006 1372
141 419
202 2629
2387 1502
124 1071
419 2949
991 419
419 2830
166 419
2548 2322
2629 955
1351 2629
2782 1247
774 419
254 2665
82 2056
854 1638
2629 749
1741 419
419 1699
2013 2629
419 142
246 132
2901 2189
2111 2629
1734 29
1420 2629
2850 2291
1541 677
2629 1735
419 1672
1039 2811
610 1488
2629 2352
701 2629
1336 419
2575 1766
2293 1753
818 1092
2482 134
399 1626
235 515
419 2603
795 1059
419 2174
1602 881
530 2305
2629 2609
419 1185
1382 2930
419 1123
2013 2290
2629 1066
419 1797
1057 419
207 1933
2554 2147
1438 2629
419 1857
2710 2629
2159 419
2291 2270
1418 1648
2629 27
2284 419
1383 2589
419 1429
1755 419
1213 419
2629 748
213 2629
1255 419
862 419
2629 2225
1486 419
252 419
2629 1830
1603 419
2790 419
2848 2479
353 2655
419 2746
2537 419
129 2359
2629 2250
1820 419
1914 2629
2392 2555
242 419
795 419
676 419
419 445
419 242
2201 2629
419 2113
941 680
2502 419
2629 162
1638 274
272 2277
419 486
1878 1023
2629 1087
2629 323
1546 419
2580 577
715 1121
1373 1578
566 671
2629 2384
979 627
663 2507
419 800
2629 2283
101 419
2122 2004
1479 1932
962 419
2629 1349
840 2095
788 419
419 548
1968 2629
419 1025
294 2090
2619 918
315 2629
908 396
2880 336
1465 2629
2629 61
945 2803
2629 2385
2073 419
2629 2239
2535 902
2778 1423
2219 419
129 1882
2384 1937
419 1598
2646 2555
2629 1356
127 840
2629 2097
685 419
1759 2911
2564 419
2966 1989
662 2629
2629 554
1885 1141
421 2043
253 2135
1503 2629
2053 2688
419 2823
419 2968
2629 1841
2166 550
2629 1522
2629 1739
1389 65
811 2365
228 419
2629 1841
2629 2613
981 2672
1901 2217
1233 1981
2818 1950
639 2586
1196 2629
1104 934
2629 489
419 2098
2777 229
1464 2629
419 707
413 2629
1132 578
1531 2693
531 1026
1974 1539
1084 419
419 96
2629 629
238 2629
419 1921
419 2203
419 1805
326 419
1041 272
419 1890
793 1141
1794 2114
52 1432
2790 2737
2629 1150
404 1851
419 1044
419 1701
2629 1351
419 2539
734 2109
2629 2977
1031 2512
419 191
45 436
419 2722
2629 2196
2756 419
1446 2176
683 419
1968 2479
171 419
2391 447
1985 1214
849 2310
218 419
2670 419
2576 1967
110 2772
2221 800
652 2433
2117 2629
2107 2629
1505 419
2147 2629
857 1901
837 1740
786 2629
2629 2166
2260 72
903 2629
2629 1988
2746 419
1777 1726
2629 2496
744 1882
565 107
419 685
2679 1779
2629 2020
2629 2097
35 419
2629 2040
749 2629
419 1664
419 81
419 2542
1050 379
2661 2629
32 2629
2093 1243
419 1213
52 2629
2467 1708
1226 26
419 2685
1898 2756
2629 338
1229 419
1033 2629
1805 38
419 2436
1777 1011
2629 2015
1245 1385
556 2629
1966 1355
419 2324
2629 2667
1142 1955
2062 419
1295 818
901 2629
996 419
1478 5
2365 2629
1570 2995
419 1159
419 2403
419 2215
641 2068
2629 2651
2388 521
2389 29
1605 951
690 1775
313 1362
2047 531
830 95
1380 125
2629 1592
1924 701
2062 2129
2269 2407
1973 2629
345 1030
419 63
208 525
658 394
2629 1172
143 419
2629 362
1246 419
2966 2277
1820 419
419 548
2629 1168
2477 140
2767 2939
2629 2211
419 1874
2146 419
2629 2901
307 2975
419 2862
1474 1092
37 2088
879 2057
2534 977
387 1600
786 2514
419 115
1405 2169
2941 2629
2936 2629
1017 419
2515 1563
2632 2629
2177 1659
355 419
252 419
2629 1816
1132 2687
2085 419
419 1857
2925 2629
419 1183
1787 1644
2310 419
1173 220
419 1290
198 1516
419 1179
1088 2629
1654 883
1467 1206
1178 419
419 801
2892 1635
2098 118
2807 419
1091 742
1707 1601
1781 780
2456 1700
968 659
537 2629
1377 1890
1312 2505
1700 419
32 2629
1751 419
297 550
417 2884
2574 2765
2486 963
2465 1682
1926 608
667 951
2629 2607
2629 1196
2413 419
343 2938
2629 1621
419 2119
2265 2974
734 138
2629 2781
593 419
1024 1481
1701 419
2114 773
841 2629
419 2888
1496 1039
703 2629
49 2648
2629 726
419 239
2557 2629
849 714
419 1949
2953 1135
419 2064
1858 1982
2629 2201
2219 1694
419 1049
68 598
95 187
419 1606
1717 312
193 2629
2630 103
2629 2130
655 419
2233 2629
419 1005
1480 2946
835 1897
810 2629
2397 419
434 2560
2664 960
2629 872
2629 1772
963 419
419 206
1373 1812
419 494
527 419
857 2199
297 2629
419 2411
2893 2793
1556 1178
2098 419
1626 777
706 2629
468 419
460 1413
2076 2883
2831 2629
559 2030
2629 323
2945 252
419 615
1393 81
968 2801
2629 2672
882 1927
2811 1037
419 1987
1873 2044
2123 1481
419 2805
2629 2954
2953 2628
2629 57
171 2280
1620 2629
2629 896
2716 419
2629 570
1742 1623
2023 1606
2629 1909
2629 2786
1706 2216
1005 1380
1772 1685
419 561
246 2156
2610 553
2106 2629
1710 2629
1271 1317
2629 53
2629 98
1184 2847
239 419
1873 1344
1479 419
943 2629
570 2629
2823 2131
2372 2629
2284 1329
419 1405
2917 2629
419 108
1495 2043
1322 421
2102 2629
1510 170
940 2692
2918 419
130 211
419 2573
1000 2629
2232 419
419 2873
2056 1001
419 1126
1432 2115
2373 1209
249 55
281 2963
2629 2817
2105 419
1227 477
2990 2765
573 2698
1154 419
419 1594
2581 373
2629 1899
419 455
2629 201
2629 2302
1534 1566
1499 2007
1870 2514
1741 419
2629 2563
419 340
501 419
1242 2041
1979 1510
300 2629
1366 587
1875 2629
419 2154
1499 419
419 652
571 2387
2491 419
2780 1039
419 1455
2259 1676
2995 1922
1164 2454
2859 2374
326 419
419 451
348 2629
419 2419
867 773
2629 2335
1637 1427
545 1043
419 648
2641 1329
2203 419
2799 2343
419 2615
2933 2629
2075 2907
105 1379
1443 2629
2629 976
419 606
65 1030
2871 2069
870 1854
36 2629
1635 1419
2629 2461
419 1408
419 1740
2629 1426
2147 2629
1578 2714
1288 2629
1445 1599
419 1090
2179 419
2629 1503
2834 64
419 1358
419 1346
1753 419
1645 903
2629 2740
2629 558
53 987
2213 419
1375 429
419 2794
352 419
360 2629
1227 2812
1549 2678
2557 2629
2629 2033
518 2629
1246 2926
1097 2268
1598 419
2629 224
1660 2629
1197 307
2837 1737
419 296
2290 2710
342 1976
684 2629
999 1665
824 1244
2629 686
22 2236
1817 2542
419 244
1662 844
922 785
2629 1875
2629 162
2629 329
2826 1526
1494 2697
742 2629
2320 419
419 626
1878 2629
1627 546
723 1347
377 345
2643 419
614 27
961 2435
1358 1451
419 596
699 2629
2178 2629
816 875
1167 2829
1565 419
2717 419
2251 867
2559 2168
2501 419
419 1452
2232 419
624 540
2190 2629
2629 1422
192 419
2406 2629
2629 72
2629 1522
2165 419
2040 236
2629 704
136 2629
2629 2512
2760 825
1500 2629
419 1833
419 2637
1644 2216
2056 828
2629 1737
429 1818
1425 2629
465 238
1360 419
56 1244
330 2629
146 2629
419 2542
292 1856
419 361
419 346
2629 2424
1153 1504
702 1210
2755 419
926 2650
1665 2629
419 1625
419 2392
122 1108
2906 774
191 419
2869 221
2629 2720
6 2225
570 1289
111 1243
1355 2349
419 608
2648 2848
1554 2190
419 1929
790 419
2576 1586
419 1394
1583 828
1331 2254
1212 2591
2629 1746
419 1146
1430 2131
1729 2209
2334 2800
2629 2461
2295 1371
1771 419
2576 474
1778 2367
733 1883
419 2353
1543 1779
2490 2721
419 2873
419 1775
202 2629
959 2919
1776 903
671 2526
419 2585
607 2305
2148 1121
856 2629
2606 419
851 2409
2638 505
419 2590
337 1785
520 2629
1290 179
745 119
419 1874
1892 419
25 2010
2629 2714
2950 818
479 419
2629 276
2059 2629
2269 1990
637 128
1349 752
1771 419
337 2735
1055 34
528 1791
1595 1424
1528 419
2768 419
2609 2608
1486 419
1940 1883
2629 2263
499 645
1233 1520
34 192
219 2183
419 821
2629 955
2280 1733
2629 1027
2629 208
2372 614
2597 419
671 1176
2860 66
1447 320
454 1625
419 1664
1903 1532
2629 2121
2629 2848
1752 1670
80 419
2973 232
2504 721
1445 419
1723 971
1071 193
1639 2215
1764 2267
2629 1487
1988 936
971 419
2887 747
585 1058
2226 2629
1107 419
312 2629
796 2629
2328 419
419 2502
2086 1288
2562 2194
2629 555
88 2414
2871 2629
1348 2632
2629 510
2881 2629
2178 2629
2629 2252
2629 2198
2441 419
2629 2066
2629 427
419 492
2003 419
419 924
1253 766
390 2606
1813 2297
1279 2473
2282 14
2166 2629
1465 2715
419 1408
868 861
419 161
630 2991
2514 976
453 1329
230 614
412 419
1313 1726
2984 2605
624 137
419 492
1102 419
265 419
1573 2629
761 928
1019 1027
419 1960
2311 2532
940 419
1263 1471
892 419
2629 740
468 419
1400 2629
2875 249
1504 1665
1843 2629
2016 2629
1133 419
654 2629
1873 2629
1723 1486
496 1061
419 855
419 326
489 2629
2493 1595
1365 419
1897 2629
899 367
2629 740
2616 419
1229 419
419 2303
2368 2629
1489 2418
1653 2351
1400 2629
576 2573
290 1893
517 2629
419 1378
1616 706
419 452
1092 419
1405 419
185 419
442 2629
419 2057
2259 2847
1786 2629
1195 1788
1152 419
2750 2001
1261 2690
2629 985
419 1580
2629 2234
2629 1088
1141 2917
2833 419
2735 1317
2550 1695
419 366
1064 2836
1622 2629
2948 1275
2603 2525
1906 756
2629 2849
2629 315
2629 2410
922 2273
886 1132
804 1204
419 62
500 879
419 2658
1175 2629
2629 1735
2522 1614
356 2629
419 1655
2955 740
1612 92
1675 2629
248 2363
2002 1201
419 1183
2335 2629
2629 751
1010 419
419 2703
698 228
1660 20
2629 167
2164 746
25 1836
2629 582
419 1191
2629 1172
1570 2617
419 320
2920 2033
419 1046
473 2430
1858 419
1305 1716
542 1745
322 2629
1185 419
2711 419
2629 55
419 2281
2311 1342
875 2493
182 2819
1962 2629
1803 299
948 2540
1889 419
2270 1348
1972 1789
1665 2629
2629 2196
2373 1326
419 426
306 2297
1397 2629
419 1892
419 1975
372 419
101 419
2788 419
2629 2089
419 801
2629 1658
2440 2629
2050 1268
2629 1306
2629 2153
2308 2629
1554 1540
422 865
2629 2106
1029 1910
1697 2776
2629 2884
815 2142
1545 1109
900 419
2346 394
419 1090
2331 1604
369 2629
1516 2103
2073 2131
2629 2122
1188 314
2416 2629
419 448
1017 419
419 2179
2629 1507
884 419
2299 1200
2629 2677
2629 522
33 356
1943 942
468 1708
2961 1352
2494 456
1302 2659
713 2417
1200 64
2300 419
609 2266
370 2629
145 2629
419 711
1277 549
1632 2577
2692 820
2807 419
419 1682
1492 529
2629 998
419 1646
2629 2552
419 1969
2929 2629
302 309
2704 39
2629 2780
2629 863
2493 2629
2629 2667
2323 1502
419 1247
631 1517
1291 2629
2273 2816
2629 1930
1422 2629
2629 2239
532 2717
2482 818
1431 419
2752 2971
419 2791
342 822
419 97
2629 831
642 2095
419 2943
1077 2063
727 419
2616 419
2629 1075
807 419
182 2644
2629 1935
419 2687
2774 2629
2278 2449
2629 903
773 1938
2629 1725
2835 2629
419 1942
1804 464
2211 2629
419 2499
1936 2629
419 2046
2629 1549
184 2629
991 2721
419 2745
292 539
419 2310
446 873
1978 428
419 1564
733 722
2629 2520
210 1969
669 1836
68 2629
2558 419
856 2629
1409 2133
419 2018
1508 600
2969 2651
812 2629
2094 1875
2410 2629
1958 2629
748 2629
2629 1839
419 632
2629 1962
2629 2440
755 1760
281 1389
1327 1908
2404 2929
1378 419
2560 332
2632 423
1430 1097
419 2079
1348 68
379 1393
2367 2629
1244 2005
419 672
1111 1103
839 419
419 1701
2539 419
419 132
2038 1376
419 166
1890 1489
419 693
866 2629
418 419
1732 2629
180 419
1700 419
856 2629
22 2749
2629 2045
419 1904
754 2629
1501 1185
2101 2500
958 2629
580 2724
419 1152
419 2095
419 2949
419 2408
1881 1196
2065 2629
2629 2839
419 634
2629 2661
2849 2508
1585 1044
160 2332
170 2539
997 2679
838 1768
988 2657
2421 48
1772 2240
2764 1784
2629 2727
419 746
2231 100
193 2629
2629 1767
1900 2629
419 2450
2220 1561
419 634
464 2737
2335 1194
419 258
2790 1804
2907 172
1282 2087
419 2046
328 1582
915 2629
2822 2629
2629 219
1165 614
76 2670
419 290
2736 1874
1430 419
288 2994
2629 485
1765 1139
1153 1089
2629 1189
2738 249
1138 1520
1519 513
2632 2629
2439 2629
419 1564
1661 2629
1530 2609
1984 1390
212 1236
419 2213
2426 354
2629 753
943 2237
848 760
775 419
312 2629
1392 2059
2722 419
2175 2193
816 476
419 2950
419 106
913 1937
2000 667
2125 1124
2771 2629
2817 1042
2629 915
822 2952
2058 2052
967 99
646 1850
2629 1967
2829 2607
2629 2916
2629 2751
1216 2642
2629 201
1326 2629
2134 419
2629 2223
419 961
960 476
1382 1611
2472 1675
1559 2552
604 787
1841 2629
419 332
1639 2231
2314 419
201 2630
2650 1095
247 2629
1793 2198
2412 2629
1245 1327
2343 296
2054 2629
887 2629
2150 2040
419 900
2684 389
528 419
1266 2519
1099 2524
1260 715
419 2421
927 2630
1191 419
2107 2629
1071 1251
644 172
702 174
887 2629
816 1678
1780 419
1517 2860
2010 2629
2116 762
862 419
1128 104
2004 1526
2344 2170
741 2119
1517 2261
470 977
419 775
2629 2763
2180 308
1323 2629
1364 495
419 17
419 484
1157 1677
2629 625
225 683
1703 2985
419 672
848 433
1989 111
882 1838
419 1440
2629 329
2644 2069
419 1339
321 845
419 979
2327 2629
419 1010
2629 1175
2743 1292
492 419
419 1603
625 2629
419 935
898 2093
912 1201
2629 777
1217 1770
419 1255
2710 2629
2756 419
2788 267
931 419
811 846
1906 2629
474 2037
751 250
2629 2287
374 419
218 745
2456 1722
1207 2956
1708 664
1880 1796
2932 2629
2941 2629
2629 1816
409 419
257 2629
2695 235
939 722
419 1886
2159 1379
1959 574
2675 2296
1704 419
502 2629
925 796
1954 419
2184 774
1260 1957
419 1229
2520 2629
689 173
1933 313
2702 2123
1919 703
1818 890
2449 2666
645 2384
2672 2629
2978 531
2449 2641
266 2584
719 2450
874 1587
419 2360
1301 1363
1180 1001
2629 733
386 419
2629 538
2858 231
720 544
2441 419
2629 2229
1762 2723
1195 2668
163 419
2478 419
2629 2881
2241 2629
1085 2188
1192 1765
1643 419
2990 850
2686 1004
711 1992
1390 1896
2386 2511
1328 1939
2528 419
2444 1330
650 419
1786 2629
1255 586
2796 2145
997 2075
713 419
555 2629
2341 2634
419 884
2922 2629
2813 2629
1949 419
2225 2629
623 1406
146 2629
855 419
1862 63
1735 2841
2629 1081
567 419
419 764
419 2438
2629 777
199 419
2238 2630
303 419
580 835
997 2629
582 2629
2942 2629
2423 1756
1086 2629
2495 2847
892 419
470 1032
419 1298
2180 495
324 1118
1428 2082
419 2418
2629 2714
2742 560
2629 146
2689 2629
239 419
966 2629
419 2734
1437 1665
419 2497
2981 419
2629 369
2432 1678
2629 2283
2946 1768
60 1824
190 2629
2629 1830
419 1366
419 2491
338 2513
2629 133
2326 1550
18 1311
1842 249
1647 1320
1327 2448
750 1809
590 2296
419 953
227 2234
689 1026
1163 2013
1874 2826
419 2338
419 688
2544 419
1657 447
2819 885
2197 2302
45 2399
2926 1697
419 1282
2043 419
2040 2629
419 1082
2618 2629
886 419
1163 1174
2629 1953
117 1149
533 1076
2012 2629
2331 508
2986 2629
2162 2629
2861 2155
419 1133
1282 419
1802 484
1816 619
419 1579
1780 1774
419 2726
2629 1761
1718 699
135 419
2122 354
419 1072
668 1979
1899 1764
523 2393
2104 2629
2629 958
2281 419
2723 1777
2629 726
744 419
2629 512
1308 847
2629 2153
2940 704
419 744
1952 419
71 773
1808 2072
1697 1112
909 419
1025 1329
257 2629
419 744
2629 1849
2997 17
419 1179
1460 1671
2629 103
419 1705
2629 1798
1032 2579
1220 419
2629 2009
2629 2406
455 419
2629 976
238 2629
1269 1248
2673 2629
2164 791
419 534
419 1692
1511 2758
1912 2402
788 419
1651 2484
316 1272
1847 419
1286 2629
819 1753
1619 2459
2848 2629
456 2629
2832 425
1251 225
584 1884
2629 1286
2778 331
2629 2835
2749 419
1515 2629
2659 2106
419 1715
2366 2629
2486 2251
1383 2530
2715 2946
2716 419
1154 419
1207 450
2629 942
1550 2629
419 1117
2824 1521
194 2521
512 663
2873 419
419 114
154 2645
419 839
919 678
2629 526
2443 1069
1067 2192
1806 2520
419 1844
1283 2398
419 1672
1249 419
584 2629
2074 598
2067 1193
1578 500
1531 2629
1466 2309
1162 419
2288 419
196 419
2545 1597
1823 2281
2536 1438
1359 668
491 419
166 419
2136 776
547 934
391 1386
498 2155
460 1300
1812 1296
419 1358
322 2629
1103 2641
939 2629
2922 2629
1434 419
419 305
2842 517
974 927
1257 2843
2359 1714
1628 1320
2629 941
2629 213
2629 1739
2033 2629
2629 2370
2234 2629
1199 1041
2629 2205
249 270
1406 1601
1707 1073
2000 2400
419 1339
2629 2601
528 419
443 2820
2463 419
2348 1350
2736 2426
2080 844
44 2943
2687 482
2025 2170
419 2711
2552 2629
2645 618
419 405
2629 1497
2629 2121
2049 240
1270 2588
28 500
570 1215
2629 1964
419 398
419 178
693 504
419 746
719 1797
1467 128
419 242
419 418
58 419
494 419
419 963
2629 2327
2426 38
2034 2404
2629 538
51 1521
1176 2678
804 419
1524 2629
1518 419
2629 2053
2577 2649
419 2968
1159 419
910 43
1187 1947
926 2306
2629 2932
2629 69
217 2918
1072 419
163 419
419 1217
419 1428
1982 84
2629 754
321 419
376 1682
1051 44
2629 126
2649 761
1736 2629
124 2629
2761 419
2219 419
2629 2611
2146 2627
2926 2749
1346 419
2789 1996
419 650
2181 670
1128 1127
1846 556
2490 666
419 983
891 633
2372 2139
1717 1357
2919 419
2629 1036
2863 2232
334 2818
469 2246
419 262
1100 419
210 2358
2629 765
200 2356
124 2944
2629 667
2330 2188
2162 2629
592 2629
2629 1622
2473 2199
419 2745
1232 19
173 419
419 2807
2731 2381
2170 1289
2618 2629
594 448
2629 375
1427 2934
204 419
1865 2024
1940 2629
2453 762
1933 415
419 279
1758 1016
2107 1413
1029 419
1278 2113
2629 1472
2326 2368
475 2629
2629 2201
1127 2394
2640 458
419 62
2754 1435
2123 2751
2035 419
1387 2902
419 1258
1411 419
419 1314
419 1254
2675 2365
419 1809
2629 335
419 1124
450 593
176 1074
516 505
796 2629
2629 1400
421 2501
31 902
983 419
349 1378
1464 2629
191 288
99 2629
2629 53
2162 1216
2276 1902
736 807
2629 1710
2629 878
2412 2629
152 419
2629 2016
2620 2317
583 197
2629 1274
710 419
1280 1356
1007 2117
1453 394
2943 419
2629 1725
2629 2697
1633 850
2651 1363
1555 2392
2629 2897
2137 2688
2882 784
1762 255
677 2629
2887 849
1108 2132
1376 2522
2411 419
419 1314
2629 2410
2629 2429
419 2573
633 2629
1457 2629
1293 1055
2891 2629
2629 2865
2781 2629
2629 957
129 419
2876 1649
2142 2865
2579 3
419 2543
2606 2876
760 2830
419 547
419 2755
95 1075
2992 666
1651 796
419 1625
2640 2629
1746 2014
1464 2629
1197 1519
2275 419
533 1395
1100 419
2430 1819
2848 2629
19 1125
2629 2986
419 2028
419 2080
2854 1482
1083 2522
2629 913
1565 2380
2184 2305
63 1879
419 960
651 2629
419 304
2000 2377
2935 1185
419 1854
206 419
426 419
419 940
2267 467
2629 1963
2429 2629
2835 2824
419 1408
419 259
818 1174
2629 1018
98 1938
2629 1167
1829 419
1786 2629
2959 1984
943 2629
822 1669
1374 2629
241 2629
419 135
2185 1933
2763 2629
771 564
2214 1683
419 2408
2903 419
419 1740
2470 2034
2125 1090
1647 1523
419 1518
914 1230
1646 2285
1384 302
2881 2118
2812 2629
2997 2154
2975 1376
990 78
2629 1573
644 469
2629 2917
2563 2629
419 774
1312 419
2379 2385
106 419
368 288
2324 2818
1691 2342
1035 419
1160 720
1646 2108
419 199
154 419
575 100
419 1064
419 2080
2629 1867
868 1545
910 763
2629 2415
1113 1525
419 1671
419 1223
457 2695
2478 419
2609 2629
39 2364
419 892
1406 1786
2629 1653
1430 1142
679 1848
272 585
1334 1560
2629 2089
1179 419
108 419
1684 2629
419 1833
1851 1800
2629 1899
937 700
2629 2780
419 2299
579 2629
391 419
419 1609
726 2629
800 419
984 1026
419 1258
1335 2354
1337 454
1801 371
2629 2152
147 1928
419 1704
2629 1326
2471 2339
882 1409
1071 1333
2655 1832
2762 1009
909 419
450 438
419 632
2762 668
1764 40
1845 2629
2018 419
1544 1539
2446 2005
419 491
2573 2359
613 2300
2546 2629
1567 1708
419 1217
2621 2481
419 2047
419 2165
1893 1659
2447 419
2629 67
2235 437
1343 151
1988 2578
296 419
980 2982
2465 2403
1586 741
419 1061
2157 1246
2629 753
2629 2885
2383 2993
419 2502
419 1795
2744 70
1144 2629
405 419
559 2728
419 656
161 419
1335 419
2310 419
2629 939
2517 2629
1843 2127
436 2629
2669 2629
985 414
893 419
1852 2629
2629 2352
756 485
2363 460
419 2119
1454 2629
2033 2629
241 2629
419 2230
419 2154
532 121
2405 2629
199 419
1700 419
1669 2629
419 2303
2629 513
419 860
2246 2679
515 419
389 2629
2635 975
506 2967
2753 2072
2616 1195
1198 419
501 419
1763 1840
2079 2857
1249 1063
419 1272
386 419
1616 1463
2629 1531
2309 419
2629 2152
1967 2037
419 2120
2010 2629
2684 245
162 2060
2094 328
2296 160
1513 1261
2629 124
2629 1772
1602 1860
397 2323
1125 2207
2077 2629
419 490
2677 1444
946 2456
419 2980
1286 2629
2629 579
2411 261
789 2629
1940 2629
460 2737
419 2637
1698 2222
1424 2664
2629 183
1648 495
2046 482
1913 86
2885 2629
2629 2466
419 169
2597 419
1872 1862
2629 2843
2629 1819
648 419
926 412
2629 2332
1910 1307
419 1264
2799 2483
1312 419
1415 419
1583 2861
2839 2629
2741 531
1512 419
144 2914
1916 2629
1187 1514
596 1490
2427 1619
2629 2223
419 1256
842 2629
2242 2079
419 97
1920 1744
2629 99
1603 2521
2629 2639
419 2643
419 1579
1498 868
876 2629
2899 2103
1858 419
419 832
2048 2428
1322 2364
546 1182
2223 2629
702 64
2629 2149
2247 2913
1441 2968
653 1018
632 419
419 2963
380 2760
655 419
26 2537
2831 2629
2629 1397
2873 2921
792 419
2629 2455
1138 1325
1886 419
1915 6
2629 94
1727 2869
1211 2129
2396 48
1831 2368
419 953
916 1898
1689 2618
1440 2025
1816 2842
82 2151
1296 1007
2536 988
2629 1356
2629 1550
2244 1462
2343 1287
2629 2149
2739 2989
1403 41
227 1226
2254 1216
954 2430
419 1646
419 422
419 2511
137 954
419 1829
419 1950
1264 572
419 2144
754 2629
1363 2771
1343 2959
909 419
2629 802
228 419
419 1629
1928 109
419 2018
2629 2677
2636 419
2609 2629
419 707
2629 1828
2629 2916
1222 483
501 1727
967 1187
2994 419
992 1713
616 2629
2715 918
415 2520
1720 2629
1040 2746
2629 2
2629 799
1981 2629
419 132
1008 2629
2629 1144
867 1006
2944 2029
833 1160
182 2301
293 2629
1878 2629
2901 2629
2629 2961
2629 723
2400 1566
2629 831
2469 419
1796 2629
1942 1575
1624 2973
230 2629
419 738
2810 2940
419 963
1208 2352
2629 2992
2480 108
673 2490
1158 648
1905 1563
564 2713
753 2629
830 2629
2212 2629
450 346
2629 2661
2813 2629
2629 1313
2629 943
1912 1326
913 2629
2308 216
2003 419
1716 2077
1610 1789
526 1993
2185 1872
1137 2629
1394 545
395 1605
2892 419
419 173
2629 2015
2606 1596
2367 1293
1361 2214
262 419
522 2629
619 1284
1347 2879
1145 2629
419 1249
1289 622
392 412
656 419
419 2892
1525 1052
1907 419
1401 2463
2982 792
2629 1676
2212 2629
1217 419
419 2112
109 721
965 1308
2629 1900
416 2629
1395 400
2890 2629
2918 419
2629 1759
2909 419
2233 2629
1594 419
419 2078
2629 1981
1959 475
2322 329
2376 1021
2301 76
1354 280
419 735
419 178
1663 2018
419 2159
2071 2629
2629 1720
2629 2673
419 2717
1291 2629
1567 419
2629 2866
2637 2762
260 2258
2334 883
419 1314
1839 2612
1819 2629
2961 2629
419 2175
927 1760
2039 419
157 2276
1371 2900
2806 1281
1339 419
1766 41
1763 923
2676 1986
419 265
2629 24
1056 536
485 2629
2629 955
2487 2980
1440 419
1256 419
1351 12
2831 2629
2496 2629
665 419
41 521
634 419
353 836
2629 1351
419 2245
2060 502
569 58
2954 2629
2629 67
2534 817
2717 419
1628 975
419 991
2264 2629
1876 2766
1228 2629
792 419
459 421
419 2318
2629 2
754 2390
1465 2629
419 143
2017 2629
973 419
1809 419
895 1352
2629 1018
1081 541
1009 2612
2629 2302
2629 2264
1435 2406
1988 1756
1941 2576
1190 2928
1613 362
1789 853
2747 2629
574 243
229 1529
2517 1259
2268 1970
2886 2629
1753 419
2629 2229
563 2622
471 2629
1568 419
419 596
1183 825
696 2081
1862 1704
2406 2629
2719 419
636 1244
2629 488
419 50
1448 248
2094 2714
2290 1174
831 1749
2348 2092
1589 959
2504 1565
2379 2848
1177 854
403 2574
2786 2629
862 2082
1611 1791
778 331
419 259
1719 419
2529 1447
765 2629
2781 2629
413 2693
1352 125
2173 2028
622 365
2877 419
1567 419
647 400
1240 125
2636 419
1523 2272
419 1171
2439 2629
2629 1532
205 419
2377 2417
2668 898
518 2629
1035 1838
2629 2621
2924 2629
2116 106
419 1797
497 2629
423 276
2986 2629
1220 1804
1575 603
419 84
1669 2629
550 661
346 419
998 2629
2629 2517
144 419
139 1661
2242 1055
2849 2629
2881 2629
1189 2629
2552 2629
473 2629
1983 915
2629 1013
1500 2629
2629 704
1429 945
682 2819
2642 2629
668 2612
401 1549
2687 419
193 2629
2629 896
419 899
157 419
419 1753
1536 1891
2251 419
1808 2645
1936 1039
419 393
435 2996
152 1350
1304 1365
2343 832
310 1991
1358 419
2629 1291
173 373
964 1755
2248 419
2629 1962
419 527
2248 421
2392 110
136 2629
757 817
153 419
1850 2362
2160 1727
1064 419
784 1270
7 1697
91 2405
2473 1224
2707 2970
419 890
2629 570
2629 2152
2629 2440
2893 1891
982 2561
480 419
930 2218
2884 273
185 419
2393 209
306 1336
419 2573
2351 325
2926 248
912 2629
1641 2629
2904 419
1825 968
2626 1278
2444 1861
2629 2601
156 2035
1333 1352
2655 2161
2629 1936
825 1061
2629 2720
807 419
915 2629
872 2629
860 156
441 2821
274 2629
1052 1191
1709 335
2741 689
919 1928
2713 2629
2629 1374
2629 1458
1250 352
480 419
1044 419
425 1972
1890 419
2956 2697
1118 915
1137 2629
2629 2771
2629 427
903 2629
1826 845
812 2629
2424 2629
1914 2629
2966 2030
2629 1744
419 491
2629 362
2217 1645
419 63
2069 1730
1158 1229
1349 2629
2469 419
2084 2903
1439 1690
1025 419
2370 868
2556 580
2629 1284
2026 621
1436 1063
30 1845
2729 289
419 931
1952 470
2191 273
2629 2896
419 2626
127 419
1968 2629
241 2629
731 2629
1136 419
2597 1879
1493 1117
646 2407
871 1601
2629 896
417 2667
511 2429
887 852
270 2629
1020 2629
2279 857
1140 1593
92 1433
130 924
2830 419
2418 1864
419 727
2629 1086
2629 1161
1449 419
2340 1776
9 2796
2278 419
2529 134
2611 2629
177 419
1963 1876
419 2793
419 177
1995 2887
2404 1307
2629 2621
2629 2853
2950 611
1066 2629
1412 2429
2629 201
2629 2153
2871 2572
419 2338
1830 82
334 2775
2629 997
419 716
2629 2960
684 1637
419 1512
419 455
899 419
1747 2629
1116 1253
610 419
1002 2629
633 2629
1648 829
2500 419
402 419
2435 214
1652 1850
1003 621
586 328
2800 1654
2545 1518
2629 2730
659 2331
2838 419
439 2569
2629 982
108 419
419 1810
1126 419
1915 1903
501 1542
419 2980
212 1802
2718 1867
419 996
2370 2629
911 419
2870 1262
2027 487
2434 2861
2745 419
419 2174
2445 419
2427 1974
2629 2936
1731 1150
419 1429
76 2462
347 231
92 2629
223 135
1356 2629
2275 2258
1497 1352
2198 2629
2629 348
157 419
1288 75
2174 419
2629 2932
1875 2629
1240 2462
1031 2350
129 419
2629 2056
1159 148
1072 2277
2817 2629
2629 2929
1715 419
687 504
1149 402
40 2629
2934 1985
419 29
2001 419
39 2629
2140 419
1272 289
2108 2402
2629 2784
860 2476
2614 2629
2932 1212
1461 419
718 214
1346 419
1049 419
2414 283
1471 882
2629 2099
407 2709
419 2511
2059 2629
1826 2158
2122 2629
2554 323
419 481
2530 2629
2629 124
2057 419
2629 497
2629 783
1509 158
2629 2432
374 1748
2629 1069
2629 1665
1241 2629
1253 802
419 2931
169 1513
808 428
2629 2432
419 2904
2471 1367
2938 837
223 2328
2565 419
419 2325
419 2105
2629 592
913 2629
1340 1955
741 1061
581 419
2111 2629
2915 2275
181 612
2802 805
419 340
419 2756
1658 2629
1966 1986
2124 1788
1757 1437
2629 942
1955 2131
2269 1531
2215 419
5 128
2503 1278
1255 1582
419 649
2128 419
419 332
605 1690
419 2047
1969 2863
2629 876
419 486
1184 1701
2965 1337
1935 1317
1587 1350
1090 419
654 2629
816 2683
2201 461
1852 2629
378 2629
2553 176
419 1672
2948 419
465 1842
2629 2071
2906 191
1497 2629
2007 2779
1913 165
1749 779
2629 1000
419 1667
419 402
1685 2779
419 738
2629 2416
2042 208
419 2175
679 1078
1847 2480
2186 1293
419 2411
430 803
2629 1885
419 372
1457 577
686 2629
2629 1524
2758 833
419 2681
57 74
1235 1129
14 480
419 151
419 610
2447 419
2697 2629
2511 1596
2719 419
209 452
2775 2321
319 2148
453 181
176 944
2854 419
253 2629
1458 2629
2506 419
1092 419
2611 692
2629 1465
419 2768
2629 1679
953 419
419 2146
2629 1670
2797 1751
864 2949
1627 1159
2174 647
2629 629
2718 584
1455 419
2874 894
2629 2849
391 1469
2629 1968
1027 2629
382 2629
2629 278
2629 2995
1460 2899
1495 459
2452 2191
1359 694
1478 637
1757 2101
2328 1635
1527 1380
2916 1392
2629 2455
2625 2272
2629 278
2857 1801
2629 1423
2392 419
143 420
1608 2584
2629 1507
1973 2629
2447 419
2073 419
419 58
2629 740
1998 1736
1 88
1605 221
511 1522
1658 457
1719 419
419 62
459 2712
2759 636
419 1124
881 419
594 2450
1573 1750
239 1893
419 194
419 101
1860 2247
1588 122
2629 2928
484 419
819 954
2512 2629
2629 842
725 844
1881 1935
2629 2786
516 2629
203 325
364 481
401 805
2629 533
419 1705
2674 1651
2629 2415
1439 2298
2399 1149
2562 1723
2267 1490
419 153
1224 1080
1783 897
2168 2863
781 1368
664 1225
1887 2629
751 2629
888 419
2629 1193
419 665
1632 2629
2629 2049
1102 419
1975 419
419 2981
179 2717
2551 12
419 2931
2153 1399
2183 1551
342 1334
1290 419
98 674
1069 2629
2629 1977
2987 1358
2901 833
419 1171
974 2238
2629 517
1532 2629
72 2775
419 676
1987 419
419 1312
2833 1861
318 2629
2187 2059
2629 2102
419 1416
419 2976
1670 2629
2747 2629
2309 419
2629 251
144 419
1591 1016
1423 1689
1967 2629
1626 2097
419 244
2629 2713
2232 419
643 1145
2761 419
2264 78
1023 2211
538 249
1618 623
387 1053
2448 2629
55 2814
2629 2820
889 2014
2629 513
2221 1978
934 334
1866 2661
2629 957
2267 1636
1548 2554
2629 202
1487 2629
419 2637
1203 1587
1313 2629
2418 419
2629 98
2951 1558
2629 2642
2629 2896
2949 970
1768 2615
2661 2984
183 1011
419 615
2694 2629
530 1438
32 1225
1608 2617
419 1411
2022 2776
434 1076
1264 419
2055 419
94 1756
2436 419
2812 2629
2629 889
2126 419
66 2629
2629 2012
2733 1716
2481 2866
419 2318
419 1117
2991 2398
784 2138
2972 2747
538 31
2629 1180
1180 21
1704 419
419 1146
1943 1145
1662 852
1093 2447
2629 2618
1355 419
2629 1572
792 2951
2186 2857
2236 419
103 2629
419 1053
2629 1732
938 2280
276 2629
932 759
59 564
419 1254
419 2244
1241 2629
315 2629
69 2629
426 419
1051 419
1791 1944
2620 2026
1006 2486
2629 375
419 2603
419 650
2582 2629
2984 1783
2629 1533
2559 2763
91 740
237 533
2965 1735
419 1247
2629 2916
319 181
1259 1222
2565 673
224 1324
2079 419
374 1477
1298 419
447 295
419 2301
937 1513
1852 2622
427 2629
1592 2629
109 2250
320 419
864 775
2696 2724
2590 2990
2629 2190
1820 419
1327 1397
419 596
2629 57
2112 419
104 1131
1952 419
2929 2629
1908 568
2190 2629
2701 2629
2629 901
1327 2853
2629 253
907 838
963 739
2032 419
419 1800
419 1262
419 2654
1162 1070
1326 2629
1894 1244
2629 1116
2537 419
2402 692
419 1832
1436 1042
2271 681
1270 2957
412 572
363 2537
321 2908
79 2052
1296 2094
2001 897
419 361
2629 27
2629 322
588 419
2636 229
277 2460
982 2629
1280 1539
2130 2629
2629 2180
2540 1257
2473 2782
2629 2705
2629 1288
419 2658
192 419
549 47
1499 419
368 2958
389 2629
1214 628
29 419
2629 2925
1420 2629
1744 2629
359 2447
1663 2215
323 680
815 1574
2629 2917
419 1029
1546 419
237 1965
1332 2247
563 525
2106 2629
1104 1898
2791 419
1606 419
1867 2629
1377 119
1123 419
338 2629
2006 294
1003 1763
298 2739
