2997 7582 1
1491 652
2115 1289
1472 2332
1491 387
1491 573
848 652
868 652
281 235
32 1755
2567 546
2858 652
2053 607
781 1084
2709 652
116 652
1054 652
977 179
568 1837
1524 1598
1287 652
1491 2648
1491 36
1491 1959
396 2156
137 1030
1491 1028
2658 2864
1730 600
626 847
1437 1299
2658 2720
1491 617
360 652
1561 2299
2451 708
1491 463
1263 891
2128 1025
554 1265
2202 652
1458 1857
1984 652
1938 652
2745 2776
1491 484
724 652
1491 1149
2112 513
2471 652
1783 2869
527 1003
1798 318
1770 121
1650 1540
1491 740
2599 1038
851 1175
1413 652
1491 529
1614 139
1491 2024
2046 652
1491 1308
1072 109
2556 303
1879 652
1736 1259
1527 652
2492 652
1491 2307
2492 652
682 652
2884 652
1491 2457
1491 2164
1907 2825
1265 652
1491 2284
1166 652
2971 1985
1491 663
1491 190
2429 1285
2487 652
1928 652
246 652
2532 1860
2645 2967
1835 652
1812 713
1728 719
906 652
1491 110
183 1105
1491 282
1662 652
922 1412
2201 652
2317 652
2711 1791
2596 2112
2138 2382
117 536
1491 209
1951 414
2987 1172
2118 259
2415 1113
750 1261
2217 2092
1491 443
1436 289
1491 333
407 652
1491 1651
1796 1585
1491 2904
1491 2739
1520 849
1491 642
539 652
1892 1860
1491 1157
1833 2321
954 652
887 2712
272 2882
2287 652
1491 2748
2949 1981
1491 2014
1491 1343
1491 735
1491 702
1103 652
1945 541
1120 652
1653 2095
1992 2801
1465 2701
1867 2869
646 534
1491 497
1491 757
1491 1790
1356 652
853 5
2655 1559
2900 307
1462 652
2988 652
2 1527
2323 946
2577 652
1491 501
1491 1702
368 960
2009 383
528 2481
1132 480
1711 652
731 1057
678 2928
1582 2893
614 652
1491 1608
1674 1906
1491 978
738 652
1491 2555
1599 652
2818 652
784 1099
2363 919
878 2065
2608 1649
2230 652
1586 652
1491 2550
1279 304
1491 582
2348 652
2461 457
2677 2782
973 2780
1491 1768
759 652
1410 652
931 652
2435 1891
2194 652
2754 104
1491 2169
748 1689
1491 2195
699 652
1984 652
92 696
391 2993
170 2888
1491 2984
10 621
2464 292
1770 2829
190 2110
2140 652
962 74
193 652
2413 946
2767 527
1491 1403
1491 1550
1491 1130
2120 652
2544 2363
2524 137
2442 652
876 652
1118 652
718 652
800 2161
1171 1686
1491 638
1491 456
2250 652
1491 163
2638 652
1491 145
2257 415
1830 652
200 2976
2162 1694
1285 652
2910 652
2346 355
1491 2086
570 1579
2286 652
2590 854
2908 652
1491 2781
2074 243
1910 1610
594 1180
1273 2269
1478 652
390 491
464 652
1567 652
1017 726
815 388
2675 652
884 1159
1491 1749
2049 455
1932 471
613 652
1790 900
1935 98
2113 124
2927 1750
2009 906
1190 1120
1265 652
854 652
987 18
2489 652
1491 1692
1834 422
2728 2685
1491 1805
78 652
81 644
2907 2931
2362 795
1888 2218
1491 1178
1986 1083
2984 1226
645 1289
2414 2461
1340 627
1491 2072
50 2304
2312 2899
1068 652
1883 1313
611 2013
54 652
1491 1291
2656 438
728 2227
1850 2018
2570 652
229 652
1528 539
1491 93
419 652
2551 60
1491 50
1491 611
924 914
21 2601
388 652
3 2837
1491 274
236 193
1235 1436
2005 1475
161 652
1491 1713
2251 2290
1491 2900
1067 838
1491 1612
1524 428
2947 324
1052 652
340 315
2577 652
1491 2177
143 426
1215 2924
1646 87
1491 2031
1649 2588
2302 2672
268 1605
1491 2189
2682 652
1915 2662
1491 1200
1789 473
1144 233
2714 1884
415 1493
1491 2958
1460 2166
151 2049
1491 2237
1491 2863
2980 848
1491 1910
2614 2137
2324 88
2160 652
192 368
2195 1286
2819 1705
842 2778
742 652
1491 2457
1491 2338
1491 1978
155 238
1491 2660
175 2112
1491 1432
1899 652
2422 652
2094 1421
1545 652
1491 267
1377 2185
1491 180
2145 34
76 1975
1426 1369
2316 1034
2052 652
1491 2155
1491 766
1584 652
54 652
2994 1955
1491 1280
172 652
2843 652
2379 341
102 2855
992 2467
954 652
2055 1712
1133 652
2745 1072
1491 2597
2157 652
2088 1933
1903 583
605 652
638 166
1491 2012
1491 81
732 652
2827 1081
190 332
2061 2104
1457 652
2121 1489
1491 127
2624 273
1491 715
899 358
1491 2330
1574 737
1190 2633
1491 1296
2272 206
802 283
412 200
1491 2117
1491 2407
2502 652
1491 1117
1216 652
1366 374
1557 382
2576 284
408 2785
1992 2672
1491 785
1491 1698
1491 2520
2289 2810
2111 1991
1491 1828
1058 1816
1491 1850
1708 636
68 2570
676 652
1491 2125
2344 1227
239 1396
2439 652
2691 105
299 652
1491 93
1491 1000
2421 652
1491 176
1491 2301
725 1838
1912 643
1485 652
554 2778
938 652
34 935
2557 652
1491 1698
855 652
1868 747
2779 2017
975 1488
1491 1645
2852 1321
1819 562
1548 1901
2581 652
169 1286
2886 1970
980 2314
2245 2743
1491 757
478 1983
1145 1023
241 1233
1491 1861
1630 652
1760 2926
2718 1554
662 1300
7 939
2318 652
1214 652
872 652
2006 652
1312 2522
2960 652
1866 711
2612 926
1491 1344
1491 274
1491 392
1491 1262
1302 1272
1211 1170
1971 888
85 1185
2222 695
442 652
1491 2642
797 652
1491 2962
1453 652
2067 1115
476 1267
2951 652
229 652
1491 191
2528 652
180 2138
898 1715
193 652
162 2175
4 1073
1277 2323
468 651
817 652
1494 1521
1811 1163
1491 2391
2562 1804
1858 1192
522 652
1683 2524
1568 652
873 2517
641 652
1491 2053
1491 2889
2191 308
499 730
1742 652
511 652
300 652
2721 1967
1009 1789
2418 652
1865 652
1073 652
1491 62
1491 2556
2378 437
151 1169
2156 1899
1491 2511
778 706
315 652
1491 1437
836 652
1503 652
1458 447
1491 1998
1491 1613
1491 1642
2762 652
1193 652
1290 1088
938 652
1194 652
2967 718
1491 1188
1389 652
7 2587
2337 1231
1518 2499
624 652
365 2332
3 694
913 2496
1298 652
422 2498
1537 551
2271 248
1439 2076
2227 652
2247 2575
2797 236
92 918
2806 1465
116 652
444 565
1953 2543
1108 652
2894 652
300 652
1491 1549
1491 293
2013 782
1879 652
2989 1445
1776 652
1491 1329
1491 2035
1149 245
2942 1053
732 652
2841 652
1503 652
1491 2680
2905 533
2916 652
115 1044
1491 1458
1491 785
2075 354
2757 952
2079 895
139 652
2758 2455
2992 2784
2117 70
1491 110
1165 2761
1005 994
1491 1378
526 2773
2713 652
803 1722
730 652
463 873
1428 2271
225 2587
2488 2676
2032 728
405 238
1491 2900
60 652
1491 232
1491 1902
297 1030
1491 529
1491 145
2171 652
1491 1432
1896 915
1491 1222
161 652
2353 2199
1981 2251
125 1847
327 652
443 1615
2257 1611
1813 462
2438 2399
2007 2348
333 2336
2060 1740
1526 534
523 2639
1900 652
1227 2122
2794 2579
1491 433
2752 2364
1491 270
1491 129
1491 787
692 2767
2287 652
1491 1476
1491 1902
2344 2191
994 652
1873 1346
1435 652
2982 652
1491 1675
297 1890
1491 1920
2619 2954
1615 1348
2875 652
1628 996
326 1953
1746 2021
1491 157
186 652
2740 652
132 1764
2014 811
1491 1799
2529 1389
1993 1785
1037 2722
2417 652
1491 2261
1491 1222
1491 573
1024 655
1491 2706
2848 652
2965 2401
1491 2215
1491 2667
1491 1714
1301 1557
513 652
1491 2015
1186 2979
1491 2834
1491 125
1491 1872
1491 626
838 1728
1491 1966
1273 1971
2520 2319
972 1251
1491 91
2557 652
549 1968
510 652
796 1564
1491 115
2647 652
309 652
2762 652
1491 2735
1838 652
111 917
121 177
1065 1359
2870 786
2411 536
2065 812
1666 652
876 652
754 652
888 652
1462 652
1774 2331
1491 1291
2721 1873
2837 152
2016 479
1491 2704
1491 2777
1491 1367
1491 41
1491 335
1389 652
639 2304
1493 652
1491 2394
439 2995
1491 2556
746 66
2228 652
735 644
265 2541
494 147
2671 652
857 664
316 2377
2390 2634
1261 1789
614 652
1636 2903
1491 2777
1139 155
2021 2171
2303 2897
943 652
1491 2611
1661 1328
2640 1468
1515 2129
1966 2063
1491 1790
310 103
1140 1958
2838 184
429 1593
2643 1471
2738 2297
2221 652
1491 2394
2499 2272
1491 58
1491 2919
1491 2118
230 1773
456 1826
1491 1692
2010 652
1491 1301
779 683
345 652
165 1539
2156 2917
1538 1012
2602 1757
1491 2042
182 1578
2798 1565
1098 614
1736 2675
73 2881
2391 2268
1491 222
2347 2173
2089 652
1875 1822
2616 174
2571 5
2810 652
2681 652
1491 2275
2004 2990
1491 1458
309 652
2073 652
231 1723
2086 1844
97 652
2480 652
1077 1238
1491 611
1491 1019
307 992
2565 717
521 1238
2077 652
1491 760
1491 1378
187 2590
1869 652
2552 652
1581 2713
2650 1294
2259 652
2274 1597
801 652
1221 2478
2308 2618
2421 652
1985 652
1687 652
1612 2129
2037 1164
2200 1334
565 1944
430 652
66 2374
91 1160
1673 533
1491 908
1491 1036
218 299
1990 652
1491 853
211 1567
2709 652
751 532
1099 1320
2078 524
2413 2733
528 1286
326 678
2828 1409
1801 476
1449 250
1491 2139
1491 2669
263 652
1286 1375
927 2540
1536 2411
2093 652
1491 1978
2401 652
2110 669
1491 2559
1949 510
1491 2240
1267 652
748 2814
1491 2790
2713 652
71 1686
460 652
2976 522
2179 1594
2880 1455
1491 971
775 1056
856 652
2601 147
727 1086
166 465
2489 652
1709 2165
1491 2395
1491 1347
1767 781
2252 2190
2386 652
1491 2520
1491 1760
1408 652
2633 652
2719 955
2430 2824
2369 1716
1491 1000
882 652
1491 2775
1331 652
122 652
1491 1507
755 2296
2449 499
1939 652
87 2453
729 652
212 363
1551 2191
1491 617
1873 2069
1585 538
1491 2460
1868 2197
443 2229
2029 1803
1491 2974
1491 1731
1491 2402
266 652
668 1545
2375 2055
182 2950
1264 29
1491 2668
1491 753
1491 338
1491 2298
1491 2889
598 969
1390 901
1491 1703
255 1247
1491 715
2125 1707
559 1154
2003 1922
2983 652
2715 2017
2726 399
1491 1130
1158 549
1491 61
2285 652
1471 1889
367 2931
973 90
2080 1674
1491 2959
1396 408
374 835
930 652
1491 2770
1405 2616
648 2794
931 652
561 652
1491 2607
2070 1695
274 15
158 1484
1491 2694
1491 1561
1491 2097
718 652
226 347
1118 652
1108 652
1240 2615
424 652
2877 1532
353 816
2526 1662
1491 2398
1154 652
1535 652
1491 1332
1605 355
1022 2421
2842 2949
1752 652
1491 1333
2830 652
2298 1407
1491 1042
2483 557
1746 839
2729 1602
792 652
2868 652
1978 1035
1227 2518
1365 364
687 2245
790 37
1938 652
1580 12
1404 2662
2698 641
1161 652
466 2994
1942 652
1491 1415
1546 351
1641 413
1635 652
1491 2037
2786 1615
1491 520
1234 2807
295 652
1491 306
1287 652
1491 466
1491 443
428 1156
1176 652
1491 899
605 652
1172 428
1657 133
41 118
636 477
1491 2515
473 1776
1491 2277
1313 2872
2577 652
2863 636
2160 652
1491 659
909 2987
2143 2583
1491 1333
1491 903
2321 652
1026 652
1854 652
1491 2420
536 652
1491 463
1491 2265
1491 58
1491 1001
1491 2793
1491 1508
1148 652
938 652
1491 306
1968 652
1576 875
542 1052
509 652
153 2719
1491 2195
1888 2799
2873 1532
1808 122
429 1181
242 652
631 652
2470 1350
1267 652
2956 1579
2541 652
1339 2724
1197 2306
1491 1001
1133 652
1424 80
1022 519
110 2048
1943 2009
1443 652
1491 1174
1951 1218
1491 2117
1491 1441
592 1003
1491 2808
1491 31
468 1276
2260 2624
68 589
1491 2284
1491 2206
296 652
493 1056
1120 652
2357 2949
2463 2210
1915 2503
373 652
1475 2504
1491 2105
1491 2974
2348 652
840 331
1491 1883
1491 2683
479 2862
2649 499
175 919
1491 157
271 1527
1763 2802
1721 2271
2281 149
2286 652
2104 2673
1047 652
2091 652
2075 123
1621 2663
178 652
1514 1987
113 652
1273 2944
1552 947
1491 630
2114 652
2708 652
2103 2490
2498 652
644 1944
1192 652
1491 2948
2326 652
1758 560
1491 2861
341 652
1491 828
1491 2343
1491 846
1975 384
1491 247
809 652
2797 2333
1363 652
1491 312
1972 1620
2037 1050
1491 2966
807 2124
2370 652
322 652
1491 2793
1913 348
1491 1642
1491 2839
2154 2068
883 2273
2119 2373
481 652
2903 1756
1491 2786
113 652
1491 1430
460 652
869 652
2005 1345
809 652
1491 392
2625 652
2582 523
1098 672
1820 652
1491 1713
1556 2465
809 652
1519 1657
1491 2726
1289 652
1491 2973
2019 2374
1404 2286
2035 2400
1491 1385
2180 652
1491 791
1491 1254
2052 652
2509 657
1491 1152
1237 1733
943 652
2862 652
1491 1877
1491 1632
845 2272
1359 1061
242 652
586 834
2366 652
1491 1529
1491 1140
1491 2024
1002 652
1491 1691
2432 414
2236 1943
1491 2689
535 2333
1258 652
2275 2573
2570 652
872 652
2935 2803
1491 31
1182 755
1491 2834
2443 104
416 1312
1468 1109
1338 2824
2479 2797
1491 2407
2067 201
1491 1882
1656 2289
837 1573
1291 1826
1491 2961
1491 637
1491 709
2619 1661
1998 2580
645 2116
590 1144
667 652
757 2737
1491 1912
1491 2431
1491 763
1491 2809
209 2620
1491 32
2480 652
1491 1767
2689 1541
2416 652
13 652
264 186
627 652
1350 652
1857 1323
1491 1794
2680 2268
1491 630
1934 2957
1491 372
2575 652
978 1247
2059 1195
508 652
1160 2920
864 1124
1491 2790
1491 1609
2097 516
1293 652
1995 2724
319 2354
1947 2562
69 1338
822 570
58 160
1491 2589
2960 652
2001 1005
1491 1796
1491 1126
2231 2128
1491 575
403 652
1491 1437
15 886
455 652
1491 2550
549 2940
561 652
1491 1325
1491 870
1447 2366
1270 2477
424 652
1987 866
743 691
61 1809
501 680
2898 1230
2093 652
2555 2142
1118 652
1843 1072
2040 1739
312 1826
2923 212
483 2913
2674 777
2210 669
1417 2387
530 643
17 652
592 930
1491 2255
488 1589
1491 908
2649 2634
2683 900
179 2271
1434 521
146 2608
795 1745
1206 210
1491 590
1312 2859
861 652
1491 1626
2792 804
2519 652
1491 492
2239 652
1991 1665
1864 1954
1491 1768
951 1239
1970 1221
1491 1229
780 1939
1491 1775
707 2243
2523 697
2464 2853
960 324
1491 1341
1491 1907
1491 2385
1491 1318
466 2359
486 652
1491 1067
1847 567
1491 1872
386 168
2945 1520
63 1597
713 2168
2626 652
1491 978
1096 652
1491 2309
2928 652
1491 2030
820 1652
1343 1365
792 652
2447 829
2679 1534
2157 652
2055 151
924 2192
1922 652
1688 652
1491 2984
691 2785
1491 209
1491 2483
1491 2260
1491 1157
1012 317
1542 652
1220 652
2727 1535
1957 1080
507 652
1491 1613
993 1510
1346 470
2393 2820
163 802
1830 652
1289 652
749 1879
1491 58
437 652
1961 1810
2788 627
1491 1678
237 266
931 652
524 2290
1367 15
353 364
1491 1697
2697 652
106 2350
1964 2708
1491 125
671 1726
2924 598
2857 652
1449 784
1491 2683
1491 899
1491 1100
1491 753
1469 2665
1955 2482
1491 2506
781 531
2204 652
670 407
1235 989
1745 8
1491 2174
2287 652
1218 1885
483 140
2127 1306
1491 1972
2525 652
1491 92
688 1410
1491 1439
2099 876
2192 1364
2025 652
1491 272
1151 78
1491 630
693 1460
1532 829
465 893
1047 652
1620 806
1491 2839
232 2327
2499 737
2089 652
2575 652
2468 800
1212 652
362 253
1491 2144
1540 360
2036 652
1491 1101
2759 1131
217 1706
1491 1149
688 1274
2359 1759
1150 2486
1491 1064
132 981
1746 926
1491 1613
2720 2846
2803 652
1491 1456
1491 1671
1005 2625
383 652
2446 832
988 1742
680 1948
1491 2403
909 677
2061 583
979 652
1491 335
1350 652
638 822
1310 2293
194 2070
2881 1233
2822 810
2918 916
1491 1024
2407 108
1491 204
2574 652
1565 652
1491 921
2079 1231
1658 1798
1491 2255
56 1162
2136 915
1491 1173
2318 652
1491 595
1062 2032
1491 1910
825 1219
960 345
2427 1495
1288 1141
1491 2393
409 2740
769 2853
1864 2205
80 652
2296 2509
1491 2030
1217 2278
1620 2877
1491 270
1984 652
1988 652
2019 2684
1491 1516
2986 427
1491 1515
43 102
1560 27
211 1008
1491 710
1491 1998
643 998
2070 2754
2788 370
1035 215
382 2772
999 652
1491 2404
1491 1448
1491 2723
1491 1675
1491 2056
780 199
538 1720
1968 652
254 1412
1610 1273
1491 2842
664 2128
1674 2814
1844 391
716 652
1677 188
595 2207
2756 1251
1773 652
1165 1348
1533 440
535 2084
1465 2690
1335 1695
60 652
1491 2058
1491 1296
620 652
83 2866
979 652
1473 2549
1491 582
1491 504
583 2308
2068 2708
1052 652
1491 279
1754 1504
1491 757
84 1409
465 423
1461 1887
402 1919
1988 652
2465 2458
1491 889
794 1119
1658 1986
2431 1463
1491 1588
1841 652
1491 1678
1260 1434
1171 2851
979 652
894 682
572 1452
1491 2195
300 652
1491 1429
1943 2798
855 652
927 517
2989 478
501 1824
1512 2
1425 2363
1866 2154
1491 1067
2677 1016
1003 652
1254 166
1491 2745
1788 286
834 1803
1176 652
2420 249
2503 652
1706 1781
1000 2320
1569 2701
981 649
1491 634
1782 1968
1491 909
827 652
97 652
224 652
1360 1852
174 2947
790 560
2486 652
2381 652
2759 862
2945 181
1651 79
1491 864
1491 1393
1491 582
1187 652
292 790
2102 652
2233 652
244 652
2522 1080
1180 2884
1491 185
1491 573
2104 2308
583 1031
910 413
223 652
2126 2661
1378 1946
572 114
1491 1945
1147 1500
706 1217
632 1587
1660 622
1491 306
2231 670
1491 1332
277 400
2994 1099
1342 221
1928 652
231 2107
2071 194
705 64
1960 2046
1127 340
1780 652
1972 1411
1491 2669
1760 2593
1247 368
2158 652
282 2274
2844 1184
1031 1161
596 2695
1016 2461
637 1946
2797 1023
1974 1203
2891 1631
1813 789
42 1754
101 652
2664 652
1217 407
626 2567
2096 2601
1355 2230
2032 154
1491 2786
2910 652
1491 2391
1491 1449
184 1191
1491 1101
1993 2152
185 269
1491 902
1491 1173
2252 2789
2660 811
1491 977
1491 1307
526 1522
2342 1399
2696 418
621 2300
1092 2944
2353 741
672 652
1831 652
941 652
1491 1466
2003 2564
2770 2592
2666 1611
743 1284
783 330
2844 2360
1491 1511
2800 652
1229 1128
2939 37
2970 1302
1491 231
1914 2417
2428 652
1502 652
1491 2962
2422 652
440 738
1076 521
686 652
1491 2839
2173 1136
1659 1941
181 376
206 906
2385 2766
508 652
1806 2281
639 1199
2755 652
2943 1379
1491 2105
29 652
1160 119
617 2399
1491 190
1491 2261
1491 288
1827 652
808 1368
1491 2485
1491 2880
1836 652
1491 2919
1491 2391
2171 652
1491 2597
2610 1582
1361 1237
1204 933
2044 2899
2947 1143
536 652
1491 1042
57 2360
1243 1623
49 1022
1491 2959
1835 652
1491 2347
286 1778
2788 854
377 2570
204 1727
135 151
1491 1708
1491 693
2943 1475
2301 1693
1491 46
1744 2453
449 1571
2014 1556
1013 652
149 2348
1153 2982
1610 1895
926 2588
1300 652
965 1892
1999 1027
834 686
1491 1531
1491 2668
1415 1908
187 1340
656 2789
1491 1786
2944 943
756 2004
1491 2277
1491 1476
2902 2157
816 1617
2267 891
1491 788
1939 652
1586 652
83 2560
1008 652
1142 882
1491 31
1208 1224
1491 445
2775 2852
2969 522
1491 2375
1964 2315
2116 652
2851 1241
2695 652
555 652
1491 2781
2153 2046
1491 1945
2010 652
1491 1019
2735 1973
985 2110
1491 2145
1491 2640
1518 2659
1188 1482
1491 2053
1491 2071
2803 652
2900 254
2890 610
2763 356
2548 173
2438 56
1714 656
1491 1518
1395 147
1362 2902
2361 2991
2530 1862
22 1092
1086 652
1814 777
2430 2854
1491 2589
1707 512
1491 2388
1491 850
274 731
2942 1581
1491 191
1144 1131
1357 2533
1491 338
856 652
1491 1972
1491 1223
2694 34
1449 1165
584 652
2404 1721
1786 776
1491 803
369 2574
865 793
2458 1773
1491 169
1462 652
2036 652
1257 219
1186 1044
1491 746
2897 652
2863 111
1491 2341
681 652
1491 1980
2501 98
1095 652
1577 652
699 652
1446 1039
2550 132
2574 652
2087 652
1122 1209
42 51
2670 2898
2343 245
2562 2108
1364 589
420 2954
79 945
829 652
1491 484
1169 641
1491 1912
1491 2012
2823 1976
2933 2314
1988 652
2829 2590
2406 652
2568 1150
1151 2996
1491 1883
2374 2425
1750 2498
2719 1742
1491 1011
1168 652
1491 1570
2400 100
1491 46
1491 394
1246 652
1491 1531
1308 2143
2995 2528
2122 578
1491 520
1384 278
1491 618
1491 436
1489 948
81 1670
1491 1147
641 652
1491 820
997 652
2351 2008
25 257
2910 652
1380 253
1311 1876
1260 2497
2229 2955
2297 1965
2518 2618
325 1323
2218 652
218 229
2008 652
2894 652
1491 2347
363 1611
8 2472
1627 652
2644 78
1491 1000
1967 2069
994 652
567 762
2940 652
2776 2885
1979 2591
1041 652
1973 2257
835 652
1491 1438
1380 2462
1398 1232
2034 678
1110 2103
1138 2512
1491 421
1491 1367
1491 1828
1352 652
1324 1990
2172 42
1111 1231
1491 91
1239 652
20 947
1339 1298
730 652
2125 1526
2566 652
1877 1165
24 1894
1231 652
1903 2104
2008 652
1212 652
1891 219
972 449
2416 652
29 652
284 1293
1491 820
1088 2383
502 652
1491 2341
1106 652
1491 571
2931 652
1996 652
2510 660
1491 387
1491 1917
723 1751
438 278
1491 1215
2168 652
972 1992
2983 652
1491 2505
1010 2855
2696 2033
411 569
417 2522
1491 1229
1491 824
1548 153
2277 2048
1409 652
1513 688
2936 1643
1815 970
1183 2480
283 665
2993 1166
644 758
740 1012
876 652
486 652
1937 652
2605 1901
1491 1429
1703 2756
2184 2228
496 615
2177 1870
1491 190
2360 1108
1230 817
1491 445
1491 1461
2551 2908
556 652
1491 661
527 2194
1327 2584
1491 1609
2791 652
409 1601
370 652
1491 1697
1491 899
1491 1921
908 1198
732 652
1280 1857
1491 191
1491 1775
1710 429
1491 1625
279 2061
1448 1304
2182 1187
2495 652
1482 439
348 1106
1437 1795
485 1620
1920 1876
1698 1384
1491 1749
1871 1985
1639 652
516 939
63 2119
2353 1762
1491 2402
1716 2633
1556 1278
1906 19
569 2566
1491 1530
235 1270
1672 2475
321 652
13 652
1923 1136
2816 1638
2137 1253
1491 2071
1491 883
1491 1129
702 942
2141 1192
1925 1827
2235 396
1522 1509
1491 1007
1491 2610
1914 714
2687 27
1252 2563
1922 652
2976 1922
2631 652
676 652
1181 652
1335 473
1196 73
1167 652
650 652
1257 428
858 652
2525 652
2331 1994
1276 2029
1063 652
2545 258
2816 72
1407 2390
1491 764
521 2217
1491 2212
243 652
1491 387
810 1571
1293 652
2996 652
1491 2264
2887 1553
2300 652
1491 267
1491 642
2690 652
1123 1056
492 197
2227 652
798 676
2664 652
2152 652
1491 1240
773 652
1677 178
2668 677
306 1009
370 652
2801 360
1491 2164
607 968
2979 2532
992 1677
1849 652
2340 1941
84 2326
480 652
2171 652
2101 652
2351 1928
991 652
1585 1851
1901 1949
1491 2863
2586 1048
1491 837
1491 1811
1779 1169
1501 376
1369 652
741 535
1491 2748
1491 492
1491 2582
1742 652
1491 446
2328 652
2990 686
475 652
1491 2948
75 2677
2225 556
1491 2886
2982 652
1491 2941
874 1667
456 1075
1491 1280
460 652
1266 652
328 652
94 652
794 1514
1491 544
1378 2359
1707 602
1686 275
1768 1747
2194 652
1895 2944
2408 652
2902 315
2793 2981
1491 2604
1395 2690
2448 367
935 495
309 652
2277 1361
1861 1800
356 954
1535 652
2805 652
2071 2019
239 1400
2406 652
1491 2341
2532 1571
2867 477
2753 1746
1491 1518
2254 74
1491 2086
1504 652
389 652
1491 2886
2423 652
2026 652
1491 1966
2541 652
1019 646
1208 1793
2163 819
1491 590
895 652
2827 162
389 652
2342 1958
2362 432
2762 652
275 652
703 2267
1491 1805
2455 622
183 726
1246 652
457 652
1491 2403
172 652
2279 712
1068 652
1142 2688
2653 1402
848 652
264 2489
195 705
2378 263
602 890
421 2945
1491 1974
2150 464
1847 581
761 1994
1971 2026
1487 2956
1174 1391
488 2126
805 1654
1491 1329
2081 652
1215 2310
2235 813
1491 1301
1491 33
1106 652
519 652
2733 2474
1491 2598
1860 403
2191 2488
1545 652
1491 2403
2934 896
971 1085
1491 2774
444 900
872 652
1491 637
2367 172
918 993
1940 1281
519 652
1593 652
2538 982
1491 394
1792 2413
795 1884
1491 2571
1071 2165
2526 511
1491 1223
2020 1566
1491 1790
1964 1586
1491 2330
1775 2802
1491 2745
2597 1277
280 674
2857 652
1645 412
2857 652
1491 2611
2685 1127
1491 2808
1249 652
1109 1022
547 259
2675 652
1705 652
1436 593
2804 2455
675 652
1898 2136
588 708
893 1249
2298 2585
439 1043
1491 753
579 425
65 1761
804 584
1918 1940
1117 1484
2213 1395
1412 2467
2474 652
2356 1358
1663 2508
2002 2036
1491 1318
1836 652
967 878
162 2678
1567 652
648 912
1766 1085
435 2523
2174 24
171 2627
2428 652
715 2067
1123 1388
2244 454
1491 984
1491 2775
1491 2060
402 1717
1491 1867
1491 50
710 1202
2952 165
1571 2480
1630 652
975 2162
1021 324
1491 2134
1858 1627
957 1218
1806 2893
1704 652
2657 1398
1141 1120
1776 652
1491 209
479 681
1223 1655
2398 1765
1491 1731
2526 2091
1863 1422
596 299
1021 1154
120 652
2173 743
2642 179
1491 1311
1491 25
2397 47
1491 844
2403 2252
118 1618
1426 555
1823 652
968 674
1713 2711
2950 652
2686 652
670 2278
1106 652
1526 774
214 652
1429 712
1491 632
2090 2631
1491 1157
1079 1758
1491 1636
1044 1251
2192 68
1491 1714
1491 1405
1997 877
2669 933
36 43
2402 490
1334 364
1491 1182
2551 2681
350 2428
1491 216
1491 788
1687 652
2478 1874
861 652
1591 1331
1491 870
1491 870
303 261
1484 1913
2371 1513
1491 1606
532 60
2045 114
1865 652
1491 1291
846 2313
1662 652
649 859
2895 16
2375 135
1591 205
1491 618
1491 518
919 1435
1491 2155
445 2753
2810 652
2438 73
2469 409
1098 1214
1848 1832
1491 433
770 40
1491 2667
1491 2691
2972 2113
2246 652
2531 892
1202 1088
1414 286
1177 2181
490 1834
1644 2968
839 1666
2401 652
1491 909
2160 652
2799 652
1491 279
2710 379
649 2516
1491 1606
1491 2739
287 2491
1388 2102
2734 2851
178 652
1491 2437
507 652
248 223
2227 652
114 652
1236 1874
1469 860
255 192
2873 1170
1747 2596
1700 2323
863 652
740 1427
2761 1324
281 2751
2977 2321
1829 712
1015 652
1989 1272
2982 652
1117 197
1948 649
2040 1426
1995 1045
2278 652
2554 652
2555 505
2424 1755
1491 576
2323 1264
1491 547
986 2493
1816 2137
613 652
1165 552
1491 1738
2830 652
2457 1727
662 2528
858 652
2985 652
477 1911
2914 652
2837 1785
2038 937
2163 2509
340 1831
2669 756
128 2632
1491 1280
2292 19
2839 2350
1475 1275
2091 652
1491 2135
375 2414
1491 828
544 1659
2050 2859
1571 403
1034 555
905 652
1048 51
1553 1065
2523 917
1798 1083
1491 333
1803 652
1478 652
2651 652
1543 932
2724 652
1491 1843
345 652
2876 2729
1599 652
1491 1848
907 498
1491 2082
1506 1434
1607 2493
1491 1966
2025 652
2909 652
1491 1481
2736 1736
605 652
839 2081
1312 1957
1982 2905
1491 1137
1391 2760
95 652
518 2964
940 2422
1760 1866
1491 2887
2549 2295
1491 497
1491 1432
2761 2935
679 2779
1483 2579
477 320
1491 1234
1710 344
830 1780
888 652
1652 598
1853 1145
1789 1695
1491 2646
2197 341
1876 1387
2848 652
322 652
591 2285
2112 2541
2286 652
1779 2049
2603 652
1491 537
2312 1927
469 2115
944 1374
986 210
859 652
2509 605
1593 652
2743 652
1491 1882
1491 1140
1200 2835
2629 652
837 252
2111 234
1491 75
1275 2158
1491 1319
1481 1587
2906 1462
1491 1763
420 1255
1491 2550
2098 652
1491 270
601 2535
769 292
430 652
2939 1897
1411 1312
1491 2301
1491 92
313 1599
1491 1796
776 1952
1822 652
1491 127
1489 1630
53 2459
1491 1799
578 652
191 1683
2034 1953
2282 652
917 896
1491 787
1235 2390
291 652
1491 2212
2060 2080
325 1595
1491 962
2663 2141
859 652
1006 652
2010 652
1491 1458
1898 598
1234 907
1491 2437
115 2756
2380 652
455 652
1199 2530
822 2956
1427 1839
1584 652
2167 652
131 1502
1491 89
1491 2082
1695 1776
564 681
1491 1771
2251 1356
1491 1342
1491 590
1491 611
629 652
1720 1630
2786 2229
1491 808
2040 2733
1345 2504
1491 547
2081 652
1491 808
1567 652
130 652
1491 958
722 2921
1491 2974
2655 953
394 2148
1491 1507
1491 2501
1704 652
2880 2796
1944 767
2250 652
2769 652
532 2093
936 2246
2157 652
2323 1
2716 859
165 59
2331 1658
1889 652
2032 2527
1753 64
1491 1091
1713 976
2310 1547
1491 1829
2708 652
1491 2679
1491 1177
38 2860
1491 1549
2175 2470
1831 652
1926 2914
124 876
824 2796
183 1665
98 1818
680 1648
1373 652
1491 2485
1491 279
1335 2754
346 215
1077 1180
598 1689
968 2367
331 652
2334 652
1147 2226
372 1654
1491 619
208 1331
1024 1640
1008 652
719 2848
744 2324
1504 652
1900 652
1639 652
2388 612
1491 967
952 652
155 2213
2071 1009
631 652
2392 1096
523 1305
992 1496
344 1593
1007 2765
494 2690
2541 652
1491 2174
1491 2463
825 1509
1491 2706
741 1418
2039 2090
2099 2326
1928 652
164 652
663 452
717 263
1985 652
1287 652
946 2474
2139 1659
1491 2424
817 652
2497 609
1491 2097
650 652
1969 911
2887 1119
2240 12
2338 1163
1491 2542
2774 2979
657 652
1877 1929
1450 1263
712 396
464 652
238 1465
1491 2131
1491 1403
1883 1495
1491 255
1491 1907
1861 366
1491 949
1491 2058
1765 2824
2996 652
2780 2512
1491 903
2628 1457
1831 652
950 1891
150 652
1491 436
1751 652
86 487
2516 652
90 2008
2859 1133
1491 2833
104 652
1491 1645
2626 652
1095 652
103 2150
74 2468
2036 652
1491 2015
2450 1684
941 652
1904 2286
529 2937
2665 652
1491 1329
1885 652
1403 1277
1491 1517
1159 2698
589 652
1491 2424
480 652
112 1732
1802 410
2704 878
1491 638
2116 652
1491 701
324 652
1030 652
2698 1939
48 2737
2026 652
695 1971
911 2396
2652 2223
116 652
1056 2102
1073 652
196 2514
844 1082
1890 652
1780 652
1528 1093
2453 652
645 1246
2106 2196
1408 652
1560 2573
2447 2233
903 1929
1639 652
1547 591
818 1849
1491 606
2259 652
2669 217
451 1522
1115 2837
1491 1774
1491 2827
1162 2907
1491 1612
1491 702
1830 652
2441 2167
1307 2636
1491 226
1491 618
1491 958
2022 1034
1491 1420
1490 933
1601 652
994 652
2605 472
1390 2150
1491 1766
2102 652
1737 652
452 920
2066 652
2057 1821
1491 1234
1862 2695
1491 2410
2052 652
737 2784
2167 652
1220 652
2907 502
1491 2209
2771 652
1491 2816
536 652
2214 21
1637 1584
99 2696
1491 129
254 2836
1804 1132
1305 1424
940 1061
2647 652
357 1136
822 465
1491 977
2145 79
1061 652
227 1548
1491 787
1485 652
351 423
2013 2538
1383 652
1050 2296
1491 814
1491 1311
1043 455
941 652
1715 652
662 2983
937 652
653 1510
2379 2557
1491 1215
665 425
219 2436
687 1195
2724 652
2833 378
279 607
2253 1975
1644 1070
1491 458
751 2551
664 1087
1491 2833
2185 2762
2015 2400
1491 1367
1491 2309
832 1928
1491 2322
578 652
2533 957
1491 277
2314 1569
1491 435
1491 2125
1295 509
373 652
2371 910
1491 2144
2654 948
1767 2067
291 652
430 652
1491 1980
1416 480
1338 2792
2747 2742
2937 1661
2280 652
2462 182
1491 2169
696 993
1470 652
410 1063
2722 2891
924 1255
1491 1917
922 874
959 2820
1075 1602
916 1643
1491 466
447 540
330 223
1491 526
1063 652
1572 2039
2516 652
1874 652
2070 2443
1089 894
2870 273
1491 889
1294 652
2648 220
1491 2966
1265 652
1491 1550
49 462
1491 2548
1491 2398
525 2104
2616 1892
542 2442
1491 2607
1995 1298
1491 458
448 652
2240 2765
1491 394
458 378
2306 1662
1209 1175
2258 2380
2117 155
1316 1386
35 412
258 831
1942 652
90 1066
1491 444
1491 2827
1535 652
2995 2983
100 260
1491 1116
2681 652
1028 907
1571 2914
1491 1698
1307 929
624 652
2811 126
2198 263
828 928
2470 2282
1491 2261
1491 2240
2896 2968
734 2780
509 652
323 652
2534 652
1739 1369
1890 652
1377 665
1491 2679
1895 2269
80 652
1381 1548
1505 652
1491 2035
94 652
1533 2258
593 730
510 652
1902 1916
379 652
287 2286
1491 690
519 652
974 467
2258 738
469 645
2122 1639
2522 1133
2247 1542
840 275
2964 553
403 652
304 1545
2831 652
2232 2422
199 652
1491 281
2030 1282
913 10
1407 2649
1491 456
1442 404
1491 1511
1491 1129
1491 2146
679 1812
2635 652
1491 1543
2046 652
2818 652
1878 2928
2807 1868
1319 2586
2997 652
2808 2211
421 1248
1491 746
482 2317
1922 652
697 1528
922 992
2561 652
1491 1768
1112 716
1769 652
1491 1766
2791 652
1491 659
1290 615
1606 796
581 2021
446 66
178 652
1491 1738
1945 487
355 652
2760 1858
2064 460
257 874
223 652
2776 109
167 652
1491 1877
2226 1816
1491 1531
1491 959
1362 1956
1491 1529
2095 652
1493 652
956 897
2950 652
1487 411
1491 648
1491 1920
1491 2652
1026 652
13 652
261 831
2699 2510
1366 1614
2643 2099
349 2832
1026 652
1491 2298
217 651
2647 652
1491 2134
1491 2134
2292 2066
1256 936
949 2752
1724 1233
2066 652
1874 652
2983 652
518 2623
2936 2064
1096 652
1491 864
2767 1283
2223 722
1491 746
1797 2746
2525 652
408 379
2429 2951
1491 1596
136 1558
1491 2842
146 2678
260 1433
1488 415
522 652
1327 2951
205 652
1309 652
1491 575
1785 652
122 652
1491 2042
777 1523
1491 32
215 2303
2343 1498
707 2492
114 652
1491 2146
1654 1624
2230 652
1893 2414
1491 984
1491 1982
1937 652
2827 2933
2488 2401
1092 685
2249 2798
635 59
1491 2159
2418 652
1491 571
1349 2767
1491 433
507 652
1112 1687
2625 652
2550 2336
1413 652
1418 2746
1469 675
1036 70
2711 2568
1491 456
1491 466
2756 2302
1491 1917
1491 2434
1491 2012
1491 1580
2039 936
1103 652
552 1320
1491 32
1491 1317
1491 1517
2793 1693
250 552
71 840
1919 2885
1577 652
1491 216
2283 2673
2991 2079
797 652
1491 628
310 1390
658 652
1516 1382
1491 1007
2233 652
2792 37
2372 517
2837 448
1491 62
632 1603
1148 652
2659 1943
2941 2918
1491 2279
818 139
2158 652
2428 652
490 2295
2885 1268
1068 652
2245 2671
1491 752
1757 866
1491 2460
11 652
1491 2275
2319 2927
942 1933
1491 2189
580 652
396 2083
2330 44
2841 652
1491 106
1491 1961
933 1330
1569 2282
1260 1977
2098 652
2633 652
103 2276
1491 158
1097 2952
1491 1393
1491 2097
2395 171
1491 2309
1569 442
56 1724
1568 652
1491 2174
1625 741
1678 1740
226 22
1580 847
1333 1553
2714 23
1825 613
2228 652
1854 652
2039 2441
1491 1341
2484 2893
724 652
2892 652
595 310
1491 903
1934 2242
2431 2005
208 990
544 2340
2510 514
2354 2163
970 1820
1491 978
450 2312
1240 225
2206 2592
1491 1178
1491 2155
580 652
2436 652
52 234
2280 652
1619 879
2366 652
627 652
2453 652
2572 2141
2327 609
2436 652
1491 2922
1673 1422
147 652
1003 652
1166 652
1491 2515
1491 1702
767 2755
2709 652
2500 1374
1037 2327
589 652
2239 652
2449 1925
2986 1352
1491 1550
440 1874
1491 115
1491 1935
1491 1881
394 2756
756 1330
1511 2737
1491 2699
2868 652
2888 974
799 652
1491 520
2851 2561
1327 1285
1723 153
2105 438
1682 515
1491 808
1491 2375
2557 652
5 441
1391 71
1491 2330
1491 458
2784 383
1409 652
1272 652
666 1322
1491 1636
2683 666
1491 2923
2588 652
1491 2793
2840 1022
2781 2952
2723 2696
134 1617
1284 2769
2244 2877
1705 652
1491 623
1072 38
1491 2177
6 937
496 1362
1491 1481
1491 1612
1491 2558
1491 2056
74 2612
1309 652
2957 2115
801 652
1087 1025
1491 2427
1316 112
915 122
1491 1543
1491 93
2215 2013
633 685
120 652
1023 193
1151 1942
2862 652
658 652
2302 1540
1491 1438
1751 652
1440 1270
86 135
1221 440
1491 2922
1511 453
195 1021
2142 1512
1901 85
1303 2969
2607 2758
1491 1850
1491 1116
1027 211
2498 652
1491 2904
1491 1449
1491 1139
1185 652
2389 480
1491 1561
1491 1697
1491 1494
2843 652
2020 802
2212 2549
1491 740
2120 652
813 988
1491 99
2455 668
2166 832
259 1647
2488 1900
1602 2828
1491 1060
1491 1101
1491 639
437 652
78 652
1491 2145
2927 138
126 652
1931 285
1635 652
2242 1623
321 652
1491 69
2135 2544
2916 652
967 588
1542 652
2412 248
1749 2291
895 652
129 1160
1491 2404
1611 11
339 2906
1731 845
2281 2007
1400 408
1803 652
1491 1456
1491 1864
1226 2569
1467 652
1491 883
1191 815
948 652
2451 2065
1491 1301
1491 2617
2553 652
1275 561
2318 652
1220 652
366 2890
246 652
1734 652
1491 2726
189 652
545 960
1804 596
2115 1246
2031 1107
2840 467
1491 1222
1356 652
1491 2338
1491 61
1491 1100
1491 949
2087 652
1491 1024
2334 652
1491 1529
1766 1349
2584 652
317 2727
620 652
1015 652
1491 2787
1795 2059
2831 652
1113 652
841 54
1491 2355
1754 1457
1491 89
1491 2189
1491 2922
983 1894
1491 2164
997 652
1777 1500
1491 1100
621 291
395 652
1491 2131
398 1895
1038 1505
1699 1855
1880 2671
1491 1415
1491 2357
1491 785
2961 347
863 652
508 652
2484 1252
2314 2470
1383 652
130 652
1927 2772
567 839
72 2693
1617 1194
2246 652
2270 2348
1491 2668
2221 652
156 2488
401 2202
1849 652
1491 2117
355 652
2513 2415
2002 2332
1045 652
2376 652
2803 652
1782 1578
1491 1116
2642 1336
2941 2510
1491 450
877 940
1491 1204
929 488
2808 27
2688 652
1491 2834
1443 652
2632 1525
1491 2298
1281 1737
1491 634
2550 2000
820 136
1491 528
1314 652
1252 117
1491 2206
2591 1302
1853 1812
1174 173
341 652
696 653
655 989
1491 2816
2585 608
1913 2654
1491 2747
1926 2386
1491 1461
1491 485
893 863
1403 2419
2436 652
1905 1652
704 1816
1093 652
1509 2440
2769 652
571 162
1491 1515
1529 505
2960 652
1491 1357
1045 652
1491 450
24 1699
1491 2699
1717 1501
1491 485
1980 1203
1777 2226
210 1212
1711 652
2197 2800
806 2447
2152 652
164 652
2038 629
1745 2184
1497 2337
128 2335
1255 1364
1887 1252
2240 2371
2585 2390
1452 652
81 56
1302 905
742 652
337 2079
1491 693
1491 1481
1491 544
995 1314
847 1940
1799 857
1491 484
122 652
2531 261
3 1993
686 652
1491 1678
2901 2895
1143 652
321 652
2290 652
1495 329
2213 494
324 652
1818 1327
1491 1430
1457 652
1408 652
198 940
1491 2410
1491 2597
148 21
1491 48
714 652
2638 652
1042 1762
380 620
1921 2674
225 925
2077 652
1504 652
1768 1425
1491 1538
2348 652
1061 652
2540 1155
694 152
1345 1
1491 2704
2940 652
1219 2127
1626 1954
484 2181
654 1780
384 558
1720 2868
1956 2157
1872 2352
1491 25
667 652
715 1394
2087 652
2891 1744
736 38
1483 1271
2491 652
362 298
659 2356
1491 1476
457 652
1491 1980
1352 652
766 2223
1491 1011
1491 576
2682 652
1635 652
1459 673
1715 652
1456 2593
768 1227
868 652
2925 734
1491 2787
1707 917
1530 2055
1491 2043
774 2883
1491 451
1491 1200
2928 652
2435 1288
1471 2326
1491 1774
1990 652
2824 149
1227 308
1491 1959
948 652
1825 1752
1373 652
1491 1316
1492 1830
1491 1024
2735 975
2625 652
1233 1705
889 2852
169 2253
1960 457
2757 2552
1491 2118
1491 2169
838 2955
1958 2462
1823 652
2725 1033
1491 1606
205 652
860 652
1397 177
1491 2901
1491 1881
1181 652
1244 1115
1400 2710
1491 2145
498 1554
1246 652
1210 968
1563 136
513 652
2700 652
1491 1186
843 631
1386 1057
385 798
2835 337
1088 2551
2675 652
1491 1091
1491 1947
2211 1709
2064 2233
1491 1319
1467 652
1491 421
2600 652
1379 2346
1674 2292
1292 652
1372 478
737 482
1491 2973
54 652
1389 652
268 2819
1917 956
1479 2860
1491 1308
1690 2039
2724 652
1232 652
349 2179
1491 2031
1491 2900
1840 30
395 652
2654 2418
2341 922
665 2010
1352 652
833 418
1496 2318
427 652
1141 1156
1361 664
335 358
1869 652
2085 287
843 2633
1491 61
562 652
1708 2867
1202 751
2829 1340
1125 936
1388 605
1580 2703
2584 652
1491 2031
2170 652
1491 1671
1491 2901
1655 465
2665 652
323 652
1680 652
2114 652
221 2565
1491 971
1787 313
1491 163
748 2292
1491 83
2155 525
1491 1560
2717 2826
1773 652
396 2508
1491 314
2539 652
989 2002
1314 652
1491 282
1491 1067
1122 862
1491 2437
1491 1872
1491 1188
2268 326
1136 1284
215 1472
196 601
908 2452
2749 2734
2211 2750
1684 2315
28 2504
573 2670
1170 460
1491 949
714 652
348 2288
530 2674
329 2473
481 652
323 652
1807 2106
2404 1428
1790 565
1193 652
1704 652
1491 1517
601 2980
2474 652
1318 132
2811 2534
1491 83
2206 2677
383 652
2876 1075
2621 1443
1946 2369
2790 76
1894 1855
2740 652
2100 860
1588 202
661 2613
1491 1563
1042 741
905 652
2306 511
656 2022
1491 41
1491 2305
231 2817
18 130
1696 652
712 2832
2406 652
1303 1591
2810 652
1491 2542
377 2858
2684 2754
2329 2
1491 1234
251 2576
2417 652
1963 734
67 652
1537 707
1201 567
1491 2394
1491 2966
537 2753
2662 652
2453 652
2304 1756
2048 1237
1856 1689
244 652
993 262
579 430
1491 1588
754 652
947 1052
1476 1189
2293 2507
1604 652
1552 542
93 2783
1491 547
1272 652
1178 1970
892 831
2823 477
2447 2387
1491 2887
2676 652
1377 1406
1036 2214
2357 1685
1491 2056
1249 652
1041 652
1491 281
2940 652
1413 652
1491 750
2720 2517
1653 658
1491 1381
815 120
1332 2592
2335 350
2443 716
99 2365
1491 2876
1734 652
782 2182
641 652
2984 2623
112 601
2884 652
1715 652
1821 189
240 869
433 761
2146 918
959 2989
819 605
2692 652
2224 1397
1491 1921
1505 652
1491 110
2603 652
2805 652
1491 1126
860 652
1446 1310
267 112
1737 652
1491 1864
1491 1796
976 1791
2322 656
2321 652
1063 652
1751 652
1573 2094
1491 180
1491 2607
1891 1141
1124 1813
1925 2047
1491 702
1323 182
1730 237
2413 1739
1491 739
715 1244
1491 2770
1491 1318
1491 2984
901 882
1137 73
1102 1618
157 1893
1049 2001
1034 17
2976 1096
141 652
380 2370
150 652
2110 2449
2912 11
1491 2871
1491 1378
147 652
495 101
626 1918
2813 2221
747 714
1491 170
1491 2505
141 652
356 859
1491 2177
276 439
1355 1604
2676 652
1491 1886
2629 652
1066 652
131 1006
2076 1419
1076 1321
1491 1538
1399 298
126 652
1149 2580
2082 2773
1491 2024
654 616
2373 1030
1054 652
2433 2743
1491 446
2396 1103
1554 2557
855 652
2806 1395
44 935
2124 2778
2638 652
2517 1753
682 652
1685 684
1565 652
2997 652
1011 1548
1491 2721
1491 282
502 652
17 652
949 1336
1491 693
562 652
1354 326
1718 700
1491 2781
1458 2905
1608 1681
11 652
241 1605
1685 1981
1491 272
744 329
1259 652
1491 1961
1475 2346
1491 1881
1491 2589
1445 1983
1491 1794
118 1552
294 2345
2572 1151
1491 750
2290 652
78 652
1491 1296
1491 1438
2048 1479
2621 2626
1579 295
1594 1950
2149 652
1226 1459
1683 2119
1023 1984
853 1903
1491 1494
476 2875
1549 983
1300 652
37 1015
174 960
1491 2457
1368 1051
470 1467
1016 1150
2854 2007
283 2185
1491 659
1119 1987
279 1135
1564 1474
1491 1596
604 124
2892 652
2370 652
1491 2035
770 2122
1491 2687
934 2688
2305 680
1491 1886
1203 1017
1036 148
563 2494
622 1373
2133 671
826 2147
1491 1508
2921 323
1491 1519
2315 652
2107 1901
1508 2852
1169 1246
602 1819
2130 2179
1865 652
2248 2776
2856 652
1491 902
1074 652
1212 652
1491 628
799 652
841 1830
485 416
911 2727
2500 2862
2570 652
633 1295
427 652
2988 652
1056 657
1491 1817
2731 2771
172 652
1491 2578
2003 2575
407 652
895 652
1491 985
585 685
560 2700
2180 652
1491 2407
1491 1311
152 652
1197 2526
1149 1468
1185 652
101 652
2021 2081
1316 731
139 652
2390 593
1832 454
230 189
570 1029
1491 883
55 2221
1754 2554
1491 2060
2944 2026
1703 2148
2018 2022
1491 50
1491 302
2855 2408
214 652
1491 574
1491 314
1491 293
1491 1905
58 778
1491 106
1491 603
2856 652
1498 974
2973 1685
1491 2060
302 2005
1010 2812
2991 2337
1491 204
2064 244
70 2096
1491 48
36 438
1598 999
341 652
615 2551
2247 2564
2149 652
43 278
1491 2215
1752 652
2959 2896
852 652
1317 301
1491 2395
1786 2685
1491 1178
438 1010
1977 1730
250 2761
1950 652
241 2819
811 996
1491 2355
1531 2807
1491 2582
1491 2030
1899 652
2518 1639
2307 2111
256 1705
2431 2943
1491 2265
1493 652
1491 2669
1509 1995
2739 1012
1214 652
1491 709
1491 805
1881 2076
2385 1963
777 6
1520 1153
2843 652
1883 2397
798 120
1193 652
2149 652
2244 806
2985 652
1099 2482
2098 652
1505 652
1491 1448
1491 222
2664 652
1542 652
2179 2156
92 1924
1491 921
1666 652
150 652
1562 1577
1633 937
2257 1694
1817 111
1491 909
1997 786
471 1737
2185 2010
1491 2642
1491 2726
1491 2338
2799 652
1491 1828
2327 1730
1467 652
1487 570
2481 2836
1491 2656
2817 987
981 356
2092 652
2326 652
429 1103
1491 690
2449 2074
2579 2062
1491 1139
1491 1393
729 652
2494 2805
1460 1682
1083 652
788 2234
1491 1130
1064 250
524 2263
1435 652
1491 1182
2861 2964
1927 1915
608 499
233 621
1491 435
1491 1117
95 652
442 652
533 2198
1187 652
2386 652
1491 1741
1491 2774
1356 652
360 652
614 652
129 1049
1044 449
2366 652
829 652
173 71
1491 2307
908 1399
1491 35
1025 652
1491 1420
2285 652
2174 983
1065 1146
2027 1880
636 697
1491 1451
2872 409
1700 28
2148 966
1288 843
629 652
1491 971
2662 652
1982 771
1642 1210
1491 2901
2280 652
1502 652
2506 1235
280 2367
1850 399
1129 1164
2715 951
958 756
1020 556
2969 205
2712 1309
2943 28
1491 2961
2278 652
2034 1878
1145 2333
2534 652
2901 2063
1491 1405
1011 2605
1425 175
955 652
327 652
2461 2204
2769 652
1491 2322
2618 652
1491 639
1679 2121
1506 1076
2603 652
1491 2886
1491 83
1491 828
561 652
278 951
2118 2088
299 652
1965 2285
1491 2434
2568 554
1069 652
1491 1204
553 348
2926 711
1398 765
1595 2193
2993 658
2165 888
1722 1211
1491 1935
883 192
47 1583
2137 1095
1491 1466
2613 879
1491 1129
747 2417
166 570
22 585
812 2300
2192 381
2512 652
1491 1861
1491 606
2325 1354
1503 652
1491 2735
236 1635
503 1858
1491 2260
2384 2161
1491 2861
1491 791
1491 794
778 2231
1491 1344
850 5
146 2612
1491 2200
2493 1212
2016 564
1491 1308
1489 2418
1900 652
303 892
1491 1325
1002 652
1909 652
767 2931
1491 2501
1491 1448
1491 338
1491 626
1298 652
1616 652
356 2227
204 2211
1433 652
675 652
2487 652
637 2435
107 2228
1491 392
575 1427
1218 327
1491 170
1491 2505
2931 652
1810 1256
1491 850
1691 2244
1818 2429
2320 200
2493 2574
594 1238
1121 2241
2126 2557
1664 1214
2639 1637
1359 1383
2399 1724
1080 652
869 652
1411 2050
2534 652
967 2451
82 699
149 1026
1146 931
1232 652
1491 106
1491 1580
2256 1032
176 2310
1908 1895
1836 652
2434 474
2486 652
37 2581
1491 2082
2101 652
1772 1131
774 1544
39 2090
1491 180
16 2238
1248 359
1566 283
2752 2734
2122 2676
2689 2132
1584 652
2618 652
1491 1036
1491 1907
1766 2356
2978 1250
733 2455
1491 2962
405 2213
1239 652
2397 133
1491 463
1491 2220
2544 633
961 403
761 1464
1491 1516
2333 2168
1491 2652
1000 2732
379 652
2707 2128
2024 353
1393 1382
2063 1575
1491 2464
606 2256
1491 2699
1241 652
2115 1363
1491 595
2930 2996
2540 2628
2065 1743
1863 1089
618 2533
1194 652
1491 1530
1491 663
1763 1104
2888 2311
2838 2895
1491 1097
1491 1632
2271 330
1491 288
1764 356
552 1324
475 652
2024 1179
1491 2646
2567 386
1491 1147
1675 2943
1944 367
408 2843
1491 2809
1491 2388
2017 1216
551 2525
1491 537
325 2462
2232 577
48 1685
1491 2582
689 2997
1491 571
1384 2715
318 652
1912 2674
1491 1767
1491 402
863 652
1741 1189
919 509
1270 2258
2226 1121
772 835
425 652
1013 652
1491 1714
1491 663
2161 652
537 2882
2634 855
1491 35
1222 2479
1440 1533
254 1592
2322 2339
1175 2709
1159 780
1491 1961
1180 2114
1491 2604
1421 1937
1100 1795
2725 2902
1491 492
1783 976
285 2851
2248 1248
2657 1544
1491 2248
2566 652
2521 1789
2964 2569
2592 1016
1578 652
847 546
733 1650
310 538
1431 7
1839 1134
1491 1037
1491 1449
1185 652
1361 1479
2191 2965
2377 2780
1491 1848
1491 2206
2111 1051
1785 652
2332 652
628 2705
1069 652
2337 895
650 652
1278 230
425 652
2485 2879
1284 2785
1491 281
1838 652
1791 842
807 842
1333 2624
1491 1651
1491 2667
2252 1032
505 1512
2582 1979
1679 1851
1491 2305
2604 1792
1491 1561
1349 1358
2341 257
289 2036
2221 652
2946 2084
154 954
480 652
983 2034
1788 782
1705 652
238 1395
1078 652
1491 2556
486 652
2965 1900
2322 2109
1568 652
2569 673
2817 1663
1070 1151
1429 2130
159 1914
1840 1647
862 374
2929 2936
2690 652
2969 1096
1491 2656
1420 357
1491 2617
2054 1965
427 652
2671 652
2394 325
1491 312
2997 652
1575 2238
1074 652
164 652
877 2232
803 2918
2095 652
2205 1123
1440 1114
2771 652
1491 1702
2073 652
1917 2849
729 652
627 652
2503 652
388 652
4 801
2139 1621
1372 2970
1491 752
1080 652
139 652
1491 371
2426 780
546 1281
1750 2120
2546 486
1696 652
1288 1190
438 1658
1491 1439
1491 436
142 2219
2915 1658
448 652
2631 652
2274 2693
1491 2043
445 2882
1491 41
1143 652
1491 853
110 160
1688 652
1081 2175
2695 652
1491 446
681 652
2975 2969
1948 2850
2004 2029
354 821
2846 1753
1491 1912
1491 518
1559 868
1363 652
1491 1441
1459 1855
2042 1585
2659 2311
1491 372
1491 2301
1156 652
2156 1950
2300 652
2243 652
1411 806
1328 799
2705 1547
1385 1046
1491 1342
361 2054
810 1860
2288 652
2336 1948
1025 652
1491 1774
920 369
1237 1087
504 2451
1758 804
281 1669
403 652
613 652
1491 1177
1491 319
1491 2135
1187 652
1430 105
201 461
377 1266
1842 2429
1491 889
1807 721
1838 652
1329 1353
2601 2603
2588 652
2324 2921
1491 1260
1991 1633
1491 1886
235 228
2162 380
1491 1451
1673 2565
1236 1938
560 584
1491 1749
2695 652
1491 2658
1309 652
2635 652
500 2389
2170 652
1491 2483
1917 1876
1491 1651
1729 2062
375 1322
2012 2226
201 543
2270 2581
1177 1082
1183 345
2818 652
1386 2513
2176 1955
2472 652
2364 867
2610 2430
1491 158
1491 2393
2700 652
2738 1952
1491 2728
2714 1787
858 652
106 2823
1491 2438
426 1990
2471 652
1491 766
2097 2615
2953 2073
1337 1851
275 652
1822 652
1491 1381
1771 2356
1616 652
1274 652
2474 652
890 1093
1491 2466
947 614
1410 652
1055 2502
2561 652
475 652
1491 1905
1490 1450
2795 2290
1491 312
1513 953
235 1464
1491 2642
1744 2791
1491 959
2606 473
1119 1757
1358 1808
1979 2970
1601 652
266 652
494 2603
1854 652
2890 414
1491 528
2456 1027
2578 2714
1910 932
419 652
2486 652
2676 652
109 1268
540 2193
2953 2686
610 2095
2651 652
2370 652
548 1623
1665 2381
1515 1128
2792 1897
1491 1097
1886 857
1376 652
316 2978
2306 1083
1869 652
1491 226
2294 1849
1491 1518
1491 1763
1089 377
1491 967
1054 652
2779 550
2459 1090
1491 2209
2218 652
294 1017
1491 2689
2633 652
1491 1473
2335 1525
1491 2878
2791 652
835 652
1344 1244
1491 1947
1938 652
1035 2963
1491 1036
1873 851
1491 739
379 652
188 652
1491 33
1491 2610
897 2392
827 652
1491 1642
2310 748
360 652
1491 814
1078 652
2691 2722
1207 945
1531 2123
1491 2277
2198 2858
1491 2460
1299 142
632 366
89 2945
423 1309
2653 411
2636 2718
1491 1625
41 2076
2472 652
1491 2395
270 259
1491 1982
1491 2042
437 652
1181 652
859 652
1575 881
1491 846
1544 562
1491 293
1365 201
671 1664
31 2929
1491 2237
2506 655
1028 929
1178 2926
1401 365
1491 1691
1150 1837
1944 2907
1600 1208
35 2732
17 652
2363 265
1491 984
286 2182
288 1644
1512 2011
791 1514
2408 652
1521 599
1491 750
2686 652
2307 1814
1491 2694
580 652
1727 1071
2778 652
1611 1493
357 743
214 652
721 2196
1491 2014
2313 483
465 1029
1301 2044
2204 652
925 1269
2615 2587
2194 652
2113 579
1491 2973
1491 2028
1491 2640
1138 1066
1451 956
1491 2571
442 652
2784 852
726 1376
1903 441
964 353
1215 2080
1769 652
2771 652
790 804
573 1179
891 1922
746 76
1621 503
1258 652
1491 2838
1279 2850
1158 2378
1491 2275
134 1230
1491 1708
1939 652
1781 1542
1491 1357
1491 2375
2472 652
2469 2921
1732 2535
716 652
1279 622
1452 652
2377 1138
1491 2135
1491 2028
2787 1541
1491 2322
765 652
124 2692
15 2513
493 1388
2950 652
2899 2772
1491 1260
1728 2641
1071 564
1491 75
2668 2435
1901 18
2931 652
2802 2957
1965 1831
1491 2284
1491 25
2652 2319
1491 1186
2495 652
234 1499
273 1146
443 838
1491 824
1179 134
2785 652
1560 225
1491 1506
2703 1940
1255 1328
1974 2111
444 1893
367 2755
1666 652
937 652
1491 1430
2047 652
2259 652
425 652
1921 1368
742 652
619 884
1491 661
2928 652
2043 2256
905 652
1443 652
1491 227
270 1840
1769 652
118 20
2253 397
970 2008
511 652
1331 652
2563 536
1491 2961
1167 652
2198 1266
686 652
2452 317
2701 652
1491 1204
2866 534
2705 2054
1491 2721
1687 652
104 652
2673 1161
2066 652
2423 652
1491 2209
177 868
219 1156
2935 1392
246 652
1196 1228
690 1290
1491 1920
1491 334
2492 652
2505 566
962 2753
2971 309
2482 941
2460 1336
372 390
1597 2445
406 1213
2433 424
2439 652
1734 652
2096 494
907 2718
1491 2355
1784 2762
1689 2577
2897 652
2074 1827
1374 652
558 652
1837 652
688 732
1491 2887
887 893
1693 1552
2479 535
2291 586
1334 2717
269 548
599 1
1491 2689
2535 759
2092 652
2057 2368
1916 826
542 672
1363 652
1711 652
1368 777
2659 2272
758 2907
616 652
1491 2483
352 858
1041 652
623 1468
1130 2352
1935 2075
2220 1399
956 1387
558 652
2553 652
186 652
424 652
871 2980
1491 2721
2147 1751
1491 1998
1491 1741
1318 1062
1491 247
417 2859
389 652
2496 818
224 652
1491 639
1800 2041
1491 36
414 327
1168 652
2262 652
1491 1570
1491 2816
1491 2652
1491 2878
2701 652
1330 2247
1491 1064
2681 652
1491 2878
1444 1653
2395 400
1491 204
1491 99
2635 652
1491 1431
1555 260
1402 1888
1491 2342
2440 1306
886 2
2377 1250
1572 1930
1216 652
1491 2941
215 1525
1689 1041
1491 791
1228 241
297 616
18 1185
562 652
789 2328
2517 705
1491 1549
1491 634
1410 652
534 1819
630 1652
1416 1865
1575 1871
1130 2560
2850 1373
1491 1341
896 1093
1491 2438
2949 1536
1510 2894
1057 2415
2671 652
1491 1783
1163 2942
1491 844
2801 2600
1785 652
557 1171
485 1411
1491 2880
2385 434
2594 2977
1491 1910
1491 603
1565 652
1491 334
262 2635
2411 2841
2800 652
2341 307
574 833
1491 537
2672 360
1491 1777
1491 1978
1916 2103
1491 2842
1491 638
852 652
2564 652
1491 1867
2069 1004
1177 2224
1586 652
2230 652
409 773
1491 2086
1491 1137
448 652
673 2288
1491 1625
2878 924
288 2896
629 652
1144 2496
1996 652
2235 1663
1182 1979
2508 2917
1491 2542
1590 823
1491 2658
2861 1226
661 1747
336 2868
2742 1077
1491 709
1113 652
2386 652
1794 1903
64 652
1491 764
449 1926
1907 1360
817 652
2093 652
1491 226
1219 1339
1385 2765
1491 1307
2483 2752
1491 1451
1963 2446
838 1027
771 533
2084 2098
2513 2630
700 17
1418 290
1103 652
1491 1182
1591 990
1491 1042
2448 2153
1376 652
2380 652
539 652
1491 2144
1628 2583
1491 1741
1729 410
1491 2739
2237 2994
1364 2180
2564 652
2704 2451
2113 1406
2132 1312
756 651
667 652
1328 2675
1491 864
1844 885
1693 2188
969 1041
2138 385
2273 2846
1491 763
1491 444
1719 923
1245 166
1348 904
1491 2786
2456 1729
2561 652
243 652
2563 1356
1717 2942
1703 972
2766 1815
1491 2072
996 1184
655 1401
1069 652
2484 1536
1293 652
2008 652
1491 574
1620 2050
1981 2563
2648 2929
1491 1347
1491 1245
445 1847
2214 1813
1727 1709
2584 652
827 652
350 1314
1434 594
2494 2243
1134 1988
1097 612
1491 735
1774 761
2852 737
2376 652
1627 652
2181 1725
1491 1608
2554 652
1841 652
691 2843
1491 2880
1491 1037
2498 652
1497 1111
1491 2548
459 1127
2921 1118
2110 2649
1491 1254
2641 1168
110 1361
2491 652
1623 952
1491 129
2904 1810
59 2951
370 652
2938 1034
342 2771
1113 652
1993 448
1491 2704
1491 2200
745 652
2832 2083
1491 2660
1176 652
1491 2131
1756 55
1491 962
1491 1343
1491 2680
2798 1854
2728 776
2109 2938
2471 652
1999 1729
1491 2640
1619 2596
706 670
1491 1060
2653 2956
1491 2691
734 970
2478 1938
213 280
1370 966
343 1054
1491 805
970 1453
133 2912
1491 2728
540 549
1558 969
2896 1400
1213 652
2952 635
829 652
1190 2436
1066 652
114 652
2485 907
884 1779
1932 413
1879 652
1214 652
2593 2154
759 652
745 652
1491 2053
1480 652
1991 1499
1241 652
646 512
1083 652
1739 1688
1491 964
1491 2353
1107 1089
223 652
2552 652
2783 996
582 212
1231 652
151 645
1491 1519
1454 2426
1126 2722
1739 1704
823 652
1253 652
1491 1864
1491 1883
1896 1808
1837 652
1815 2351
587 994
624 652
1491 2648
11 652
1643 809
2315 652
2708 652
2251 2025
1180 266
198 1359
1491 844
868 652
2135 1425
619 541
772 2709
2850 2909
2853 790
1491 1817
2990 1803
719 1408
889 2499
1910 2222
672 652
2243 652
1321 476
1968 652
277 346
1905 1898
2588 652
570 893
1491 1672
1284 1593
1775 487
2168 652
791 1690
1491 648
1491 769
101 652
2923 1973
1629 2810
2338 1717
1491 2424
2746 322
1491 2264
2629 652
1946 1288
1112 2471
251 2345
343 2416
2320 1303
2754 716
1124 49
1780 652
1031 2697
811 2057
1491 661
1491 62
1491 1317
2665 652
2831 652
1827 652
1286 1592
168 2985
735 1670
2265 1603
2974 1304
2856 652
2661 652
1986 2408
349 2001
555 652
2326 652
263 652
1989 1584
1143 652
989 289
1870 2666
1031 1734
1491 2958
1491 1188
2962 294
2830 652
1491 528
1491 1783
1491 1713
1812 1023
462 699
275 652
584 652
1583 801
1491 769
685 2771
400 2632
930 652
1634 384
1491 1506
2512 652
45 502
1491 1385
2135 1747
1530 884
2702 2239
1845 1677
1491 632
1491 1672
1491 2357
1491 1381
1306 652
2545 2927
1732 2980
38 131
1491 2511
1491 2464
2321 652
1491 46
1625 2199
2621 1106
1491 2353
1308 1693
1152 781
2027 2433
1491 2611
2905 540
1491 2506
1491 2833
2006 652
879 87
1263 2003
1491 1877
1491 2215
944 681
2158 652
1491 2254
1536 2251
2692 652
2938 1492
2959 1644
2528 652
1821 1604
2228 652
1491 35
1264 150
1048 406
1453 652
1491 1760
2906 1937
2180 652
2908 652
2422 652
1491 48
1491 760
19 652
495 1220
2201 652
2312 2085
1491 91
191 1483
1491 964
2765 910
1466 2817
1855 2626
2457 2222
1784 2831
1046 2655
498 2197
1101 2903
659 692
2487 652
1491 2200
1491 606
33 980
393 2280
1491 769
1491 504
88 1118
2747 1434
2476 2095
461 1176
1491 1580
1809 2094
1491 176
1876 2051
2129 1209
1491 2787
1192 652
2895 491
1491 2604
2777 2244
2587 572
1404 54
1839 2396
961 2077
663 1427
207 1074
2033 2967
867 389
1491 2537
2152 652
2046 652
2460 1576
2250 652
2364 1748
1491 2511
1491 1461
921 1765
96 321
1491 805
2661 652
2858 652
1491 26
2586 2540
609 600
1125 727
177 627
1164 1305
2209 2911
1491 2889
1491 1177
2187 1719
955 652
484 2224
2161 652
2159 346
616 652
1491 2220
289 855
327 652
1856 2292
1491 402
1491 637
306 194
2309 1908
1647 2023
1594 2625
534 2883
1491 2808
2401 652
1491 1028
1491 2598
2988 652
1491 1632
2239 652
921 2853
2539 652
373 652
2834 771
57 597
773 652
2722 1646
2917 652
1384 102
1306 652
897 208
1491 962
2768 558
2011 510
125 1201
1491 158
966 1562
1491 2404
1491 1507
1244 201
2958 1380
2897 652
2682 652
284 2171
2745 736
2210 2106
816 2127
2819 2158
2218 652
467 2502
420 1661
1464 2477
1251 2672
2556 643
1266 652
611 53
1491 2501
1491 619
1604 652
1491 444
902 2132
1121 406
1491 1229
2850 2516
1950 652
145 1079
2549 258
1005 1074
1909 652
67 652
848 652
1447 1711
1491 1431
1502 652
2945 1501
315 652
1491 1260
1491 794
2828 2692
2914 652
1491 277
1491 967
55 229
2200 1365
2600 652
1189 305
1491 1843
1491 1691
152 652
1491 2028
1304 1962
1164 2163
295 652
2889 2236
1626 1110
1629 1485
1491 526
2205 493
1694 742
500 2445
1549 1226
419 652
2944 328
34 2978
750 1482
1491 853
2667 1557
990 652
12 910
1875 732
2380 652
2085 1915
520 1999
943 652
2073 652
244 652
1435 652
2317 652
833 391
1491 2279
318 652
1491 715
731 601
2203 966
2874 652
344 2769
1554 2239
2392 990
1051 2038
1952 340
1871 2170
1491 1771
1382 489
1837 652
1415 398
718 652
1250 101
1983 905
1491 846
1491 530
1541 1797
1946 1891
51 1838
1491 2237
753 2454
1491 2555
1491 435
555 652
892 2289
1249 652
188 652
854 652
2279 1049
2109 1718
2952 1842
329 88
1491 824
1491 1028
2926 2154
517 670
1897 1015
1718 1492
708 621
1491 2537
2173 1710
1491 86
2581 652
1491 576
2781 683
299 652
1354 159
2688 652
2794 1802
1369 652
2779 713
462 1294
1491 803
1086 652
199 652
2970 1637
1491 89
2188 1355
1491 169
159 747
1486 1510
1369 652
1986 318
1237 131
2917 652
1086 652
1491 185
504 588
1867 768
2489 652
1330 2811
1860 1143
997 652
252 563
1491 2679
2502 652
2511 2088
1688 652
955 652
2909 652
1360 2530
1885 652
980 238
1267 652
1491 2683
113 652
1491 1570
2202 652
1179 816
2178 826
407 652
1205 650
870 2361
2874 652
1491 451
1619 175
411 1579
702 2567
596 1865
2518 578
1649 2161
1752 652
229 652
2381 652
336 948
406 1287
720 479
1491 2748
2155 2061
2979 449
410 1008
1268 2366
1491 1508
1064 2994
2992 482
1716 941
1285 652
1432 1500
2146 1566
2120 652
1899 652
1491 2777
2506 2585
1719 1668
1617 817
28 1264
1108 652
530 2531
1241 652
1929 143
2690 652
1331 652
491 2238
1491 1766
2909 652
599 946
2563 2025
33 1081
56 2881
930 652
1945 135
1491 1240
1491 144
2175 800
2373 2519
2140 652
912 1271
2384 442
1541 1418
1491 740
1491 1403
2644 331
1491 445
1409 652
904 2006
1491 2343
29 652
1256 2441
2056 459
2302 2801
322 652
1599 652
954 652
26 269
1491 1343
2439 652
532 2908
2699 1018
441 2308
2670 1219
1491 1215
1231 652
585 2731
698 1554
1491 2343
512 2883
1491 2058
1128 1209
2972 1377
1491 2388
1500 1048
1491 2558
234 1633
1294 652
1491 2037
125 251
1018 16
352 1069
1366 2546
2885 264
121 953
2618 652
1248 181
1810 1125
261 1629
653 1784
1805 1107
105 879
2234 2041
385 815
1859 1875
2417 652
182 2818
2521 1335
2542 1081
830 1063
1491 2431
914 381
2313 1486
2559 733
328 652
1491 371
2418 652
1491 623
1491 1466
633 342
1743 291
2094 707
1491 2838
1453 652
1634 352
1650 668
2508 955
1253 652
2595 2950
1306 652
842 2401
577 652
879 2112
694 2688
315 652
1491 763
1839 429
1558 915
31 1722
716 652
2069 1175
2883 1232
2528 652
1491 1196
188 652
1061 652
1491 1805
2338 2989
2376 652
824 468
1491 760
75 666
1491 1245
1491 2919
1603 1951
2643 84
252 1537
915 2857
1491 2159
1439 474
531 2837
1579 2799
2329 2011
1491 803
479 1374
1491 2307
1148 652
1491 2646
1491 766
1491 2139
2536 2539
1491 921
2161 652
1491 908
2294 139
328 652
2642 1428
2547 1070
948 652
1682 2913
1351 1363
1491 302
677 1172
2053 213
2655 177
1976 320
738 652
1491 1333
745 652
64 652
1204 1450
589 652
2216 2218
856 652
2554 652
1491 2325
773 652
1491 985
2092 652
2204 652
1430 1619
2128 203
387 1144
1491 2923
2154 1964
2315 652
1491 1490
272 1847
882 652
2196 872
1491 2578
1491 227
1491 2923
511 652
1724 45
660 2971
553 2654
1603 2450
1348 426
945 495
2311 2798
1052 652
1491 1794
1491 334
1420 2896
1447 2489
1003 652
2568 2124
2127 2439
740 452
2081 652
1491 1405
1721 1243
1100 1455
2219 1823
1007 2703
1491 640
2573 2750
2206 375
2891 600
1491 2941
1491 1777
1491 1609
355 652
1813 2650
1491 2431
106 1299
1481 2533
1491 319
2473 2740
1491 1196
1491 1731
684 2795
1392 652
2755 652
470 2709
2639 1989
1065 866
271 2160
1491 1307
1637 97
1605 861
799 652
2553 652
1930 2090
1491 2014
1893 1059
2592 2782
1794 1135
1516 213
1491 1645
513 652
97 652
854 652
2826 2262
1491 1173
1269 1452
1353 2655
1192 652
1491 739
514 2971
1491 222
63 2524
144 516
986 369
548 401
1800 2890
398 1092
2362 2358
1491 144
1491 2706
1491 1140
253 2595
1491 2861
378 198
1328 2180
1491 501
1814 998
287 2662
2816 1446
2217 1267
276 1712
197 2121
1564 1667
1686 1879
267 196
2636 698
2598 2776
2050 1417
1491 1011
2408 652
2854 2270
2593 1221
1491 837
1491 2254
2088 2594
660 1205
675 652
1006 652
1047 652
1491 1186
1452 652
1491 2694
1228 1379
2985 652
2996 652
1203 183
2213 2601
1295 1435
1002 652
2600 652
1491 1767
186 652
1093 652
1491 1921
481 652
2839 2823
121 2788
631 652
95 652
1332 2677
1491 1240
2620 669
167 652
2006 652
939 572
1491 850
2632 350
539 652
1491 2248
1368 234
2738 2725
515 2894
1525 1314
1491 617
1491 1675
957 1964
724 652
1266 652
1491 2809
2512 652
1491 2187
1491 1563
657 652
1491 1783
2018 2938
170 2236
2263 652
1491 1563
45 2916
2268 2034
364 2826
1603 2432
1491 2827
2602 1987
2485 2636
1852 1862
1491 2342
2656 43
1491 2948
2778 652
1491 1223
666 2448
1491 75
651 2811
828 679
823 652
512 890
1593 652
1232 652
1392 652
1491 626
510 652
1491 1319
1254 1655
2317 652
959 1372
2700 652
2898 2127
1491 518
1491 1174
1757 1146
1491 1738
1491 2958
1468 49
203 652
1557 2899
2560 2920
2127 817
1491 1636
824 756
1323 2193
1343 1334
1491 1763
474 20
2466 778
2914 652
91 2560
906 652
1491 701
1959 2435
1742 652
835 652
1491 1588
753 2207
1491 2248
1574 1801
1960 2755
1166 652
1491 247
849 1193
2789 1904
2266 2651
19 652
345 652
2242 401
1491 231
1563 1085
2875 652
1274 652
1238 2884
1015 652
1491 2559
2133 1419
1259 652
1491 2255
1491 1530
269 1243
1491 788
2263 652
1093 652
1491 1511
1396 2710
1491 1097
471 1822
293 755
2772 2503
761 1197
2381 652
2718 2702
581 762
1491 964
1004 1467
1491 2357
2924 748
2063 514
134 2826
778 2707
130 652
1491 255
2165 997
1491 623
1491 2427
1245 822
301 2345
1491 1692
1491 2420
1358 592
1706 2247
27 2016
393 1241
1866 957
2875 652
1491 2728
1923 305
497 316
2233 652
28 2346
1491 267
1491 1174
646 602
754 652
709 847
383 652
1527 652
1345 1264
2911 2663
2319 1834
79 2465
2732 1303
2496 2294
1930 2045
1756 2100
94 652
1697 744
1491 2105
2140 652
679 2715
1457 652
1491 170
1156 652
1491 255
1195 2671
1491 779
2894 652
1691 220
2311 1055
2365 418
2491 652
683 165
2579 830
1823 652
464 652
2967 1166
952 652
2713 652
811 2465
2966 1807
1491 2904
1681 283
2305 1824
2282 652
1491 530
1491 314
2350 142
1491 232
358 722
1962 287
2630 1113
14 1169
1670 1724
1659 2760
1350 652
1450 1706
1491 2876
1277 2413
2868 652
847 1641
1376 652
2785 652
2707 1217
762 2171
2821 1564
1491 632
2282 652
2172 1315
141 652
1292 652
1191 881
681 652
2148 2302
83 1526
1491 1538
1491 421
999 652
1653 1078
2077 652
1491 2254
278 2855
392 2738
2753 2608
1519 2397
1491 443
351 2712
1491 1344
573 825
1491 2656
1803 652
224 652
1322 568
1261 2606
2598 1919
1269 2539
1835 652
2991 1111
431 246
2288 652
331 652
564 1769
529 2987
1491 575
682 652
904 1990
2186 2730
189 652
120 652
509 652
1597 2373
1853 2797
2102 652
1698 43
2749 285
551 2243
454 2064
1491 2506
2387 652
179 783
2103 2147
1491 2520
1491 2159
1491 1982
1030 652
1738 249
2693 2293
2026 652
2699 2063
1222 1853
85 624
1491 2347
1095 652
1132 299
2475 563
245 2840
1491 2393
689 101
19 652
800 2282
1480 652
1294 652
1491 2876
457 652
2648 1722
714 652
1642 1382
2349 1444
1491 1019
852 652
1210 2741
1669 1533
1491 2398
793 476
197 2637
1204 703
2463 1807
1491 2745
1985 652
1491 2747
888 652
2208 886
2536 1452
730 652
1820 652
1491 1829
1491 2959
1104 2242
1114 440
1263 2247
1491 2463
2169 1326
2382 1590
1937 652
1491 501
440 246
1491 402
2865 2651
765 652
1573 1537
2452 986
1491 1905
50 112
1696 652
2442 652
1325 1450
2674 1656
861 652
2611 2585
1336 2364
2168 652
870 704
2789 841
2007 1026
2290 652
1491 26
2271 898
2866 2657
2543 652
1604 652
1470 652
1491 2464
1491 1703
1491 1882
2864 2846
1285 652
551 718
161 652
79 1278
1491 144
96 827
926 792
2415 2160
1491 216
1918 546
1491 2747
2848 652
1640 2963
1961 1572
193 652
1311 2849
2458 1680
1491 1060
1049 2832
2548 1931
1274 652
1491 1848
1402 569
1757 727
1491 450
2263 652
2617 2609
149 2101
1491 2571
738 652
1499 2334
1491 272
875 867
39 2441
453 684
846 1924
1606 683
2623 1459
1491 2043
1278 689
2241 1213
1423 852
1523 321
1091 679
1822 652
1966 184
881 419
2042 310
1491 69
1491 1441
2387 652
1841 652
2800 652
990 652
2532 961
1713 311
2144 347
1491 2434
2169 2000
1491 2187
1664 856
335 744
1491 319
1491 2139
167 652
423 863
623 2214
243 652
1383 652
1701 1533
2686 652
1491 595
1258 652
1491 1671
2372 42
1491 504
1027 719
953 370
1491 2020
265 1435
2391 1354
1491 2305
337 404
1491 1342
2373 1890
584 652
1491 1262
447 1595
318 652
1491 752
1491 1516
2558 1235
2688 652
1491 2020
882 652
1950 652
1491 2212
473 1300
1491 1415
1491 92
1491 232
2569 2621
1773 652
1491 1703
823 652
1491 2279
1172 1477
1491 1152
2617 76
1668 1142
1546 2459
1491 2187
1229 2129
1491 2420
2722 1730
2480 652
1433 652
609 1180
1491 2265
2106 1590
1491 2838
1491 1064
478 1053
88 773
836 652
1833 613
401 1363
2932 527
2572 2930
721 2815
1491 2863
1534 1145
60 652
1374 652
2612 2384
1731 2499
1491 1974
152 652
1066 652
1491 2463
1486 515
1857 540
112 871
1808 930
2278 652
1491 1608
600 113
1201 581
227 1723
2324 1242
2706 1809
435 1707
2809 2972
2796 2004
462 519
142 1880
2332 652
2095 652
566 2599
2668 950
2702 2661
1276 834
1491 1494
184 1575
1491 451
1236 1586
2814 1478
472 85
1491 2680
903 1165
707 2805
1595 1782
263 652
32 2358
648 1483
1323 1782
1684 1885
1491 902
1491 1196
2582 2820
1139 405
1491 779
1491 86
1491 1626
657 652
1849 652
455 652
2813 580
1133 652
765 652
1491 2125
2421 652
242 652
2661 652
2437 2888
1491 1861
952 652
591 1478
1491 371
1532 2233
1680 652
1587 2450
2777 1832
797 652
1491 710
1025 652
1799 160
1491 2220
2437 2236
1491 2362
1914 2800
1334 134
1541 417
703 2975
1897 2101
1491 1947
522 652
2874 652
830 141
1956 2093
1491 2691
1491 1429
2242 1351
6 321
2300 652
2516 652
2086 2234
1491 185
2935 941
1173 2817
1631 2453
2601 2328
1313 2469
2289 1470
801 652
1675 1228
1289 652
1491 81
1491 1972
1884 313
2892 652
1491 526
1624 2764
1491 1799
566 1933
1381 2605
1477 94
2755 652
879 1631
90 1820
575 1189
1624 798
1491 1959
1936 1442
1998 1498
472 2011
964 1334
1491 1347
1474 475
973 1138
1329 2224
2274 2119
2352 2920
67 652
2992 2009
248 952
2334 652
237 2791
836 652
1344 2067
1491 2485
1491 977
314 1261
2547 2968
64 652
2984 24
2296 1424
1152 1394
1491 628
2921 773
704 2614
441 2518
128 2627
1491 1843
2467 556
1716 631
2707 1087
1851 336
2047 652
1491 1147
259 30
1347 1386
1116 2653
1156 652
31 2918
1491 2466
2951 652
1491 145
1491 302
1299 687
546 168
359 1447
2766 2446
991 652
1491 81
1491 1317
2917 652
2297 591
2740 652
2089 652
1491 1490
2626 652
1491 1817
1491 2871
937 652
1491 544
1491 1245
2058 1621
1491 1945
1630 652
250 1099
1491 2353
1396 240
833 2645
1096 652
566 2594
1491 227
1491 574
865 1801
870 1058
874 1496
620 652
1680 652
192 195
399 2316
488 2702
1748 2280
552 904
1491 1777
1578 652
1491 2342
1833 1505
558 652
1491 2362
2101 652
2916 652
2778 652
1519 1870
2267 2976
1870 133
1491 1149
1889 652
984 1521
577 652
285 393
2466 927
2871 1644
1491 333
1491 372
1507 357
995 2686
889 1574
779 257
1280 325
1491 169
1283 930
1796 1679
1952 1033
1008 652
2543 652
658 652
1994 2306
367 2046
2949 2078
1491 2559
785 2456
1491 2325
1491 1254
2754 1776
1491 603
1491 640
1905 2924
1859 1559
1980 294
2741 1031
359 264
1374 652
1491 99
1491 2015
699 652
1491 1139
1662 652
2416 652
147 652
2503 652
1161 652
324 652
1491 2723
1084 934
1491 1543
298 2529
1856 1094
1491 274
1491 1420
850 768
339 2527
1347 15
1154 652
1006 652
1961 1690
2694 44
2760 1686
1078 652
579 2692
296 652
2646 1482
915 1013
2345 284
1491 1385
1 150
1046 1859
1370 1650
1491 1760
2200 1244
296 652
1466 2130
1491 2362
1496 178
2719 130
2539 652
723 2102
1491 36
2182 2700
73 268
1073 652
1990 652
2858 652
777 2038
2564 652
2261 557
2176 2369
1491 1786
1491 701
623 1124
153 85
2202 652
1116 822
2339 1718
676 652
1035 1401
1491 2871
1491 277
308 578
2442 652
577 652
2543 652
1491 231
1955 843
1392 652
2597 1700
143 904
1996 652
1909 652
1304 2190
2170 652
1491 2610
295 652
1491 1867
1491 1708
77 1406
1906 1478
749 1241
1082 187
2068 1938
2575 652
1605 2158
205 652
358 2324
1651 1556
388 652
2871 2547
2114 652
684 404
1670 1162
1491 1515
550 1984
1651 1207
916 1224
796 874
1587 1951
1491 2775
1491 1007
1324 1392
459 1362
1578 652
39 2045
1491 1506
2328 652
1433 652
2750 479
51 1287
1491 157
2225 2318
1491 125
397 384
2692 652
266 652
1491 2660
2697 652
384 2471
1724 256
2189 2749
1491 2264
199 652
380 2874
1491 1626
1491 1357
2062 141
1019 1526
1491 1137
1330 1781
1491 2735
1491 1126
1491 1262
1843 736
1797 2522
2773 1219
674 172
2710 869
1491 794
2581 652
1216 652
105 2891
1491 642
2900 2481
1013 652
1491 176
1074 652
1017 1665
1292 652
1491 710
1491 959
2452 1607
2882 567
1491 2240
2234 1444
2013 2459
1776 652
1060 1337
2808 2573
2566 652
1115 543
395 652
1189 1710
860 652
1313 329
111 697
2201 652
2862 652
1791 554
1491 2037
2076 1618
672 652
1889 652
1632 1079
158 1679
2091 652
867 1715
80 652
1941 1858
1080 652
1491 1775
2593 2744
1963 1815
2507 652
2384 2588
2332 652
303 258
1491 26
1625 1541
2025 652
1491 690
1206 2529
2833 2870
1491 2578
2951 652
1808 1013
1539 2584
2246 652
1491 985
2132 417
2823 142
578 652
1491 1001
2288 652
2258 246
1314 652
559 2910
1491 2385
556 652
1722 2936
2574 652
1154 652
2017 1239
1529 2605
2181 2829
1491 69
1491 86
2285 652
2552 652
1572 39
111 2934
1491 2548
2663 2644
1885 652
2846 559
1491 2774
2167 652
1527 652
1491 2020
1491 1200
131 1711
1491 1771
477 2219
2368 1258
1491 2410
399 2938
1491 2658
1272 652
869 652
1012 986
2901 1018
1491 820
939 2045
127 1326
70 21
950 1172
2398 1806
2728 2738
1491 2537
1820 652
2234 885
880 2892
726 2381
1491 2515
22 633
999 652
1723 813
585 342
2511 566
569 300
1491 335
1300 652
793 2217
1319 2372
1253 652
2620 2449
2269 888
2596 87
9 919
2898 2440
1259 652
1491 1091
1616 652
2387 652
642 1414
1281 2985
906 652
1491 814
1491 1811
1843 2048
1772 1366
336 1630
1239 652
2764 729
2432 2865
2519 652
291 652
2349 2645
1213 652
2507 652
1491 2325
1491 163
53 351
886 271
1491 1596
2666 2912
1562 1292
2908 652
1491 2466
2957 1351
1030 652
137 1780
1771 692
2047 652
2423 652
990 652
991 652
1753 2406
1510 2635
109 1447
1491 2687
565 1059
2262 652
26 2802
1491 1974
815 729
2515 733
1491 485
556 652
1577 652
2770 311
1695 104
965 810
1491 1519
1890 652
1480 652
1470 652
1491 764
492 1679
1491 1902
844 2181
2262 652
2029 126
2844 1355
1600 916
2507 652
2651 652
1491 2072
1168 652
1491 2687
155 2096
743 408
1758 2182
1491 1560
2328 652
2743 652
1491 2438
2305 2336
1491 1437
1491 1037
216 1440
2780 1066
1478 652
1627 652
2701 652
1105 1696
1024 1035
2283 963
839 792
1085 1896
2884 652
2631 652
2785 652
414 2988
2012 704
1298 652
1045 652
390 1624
1491 1786
1365 2717
2744 1236
2255 795
1473 303
2607 2203
2573 925
2853 2939
845 2992
1161 652
1781 2564
759 652
2037 2354
1636 1199
1491 1811
2560 774
2208 2513
413 427
2598 1248
1491 1316
1120 652
768 1040
1491 1829
2743 652
428 999
1205 809
273 1297
1302 1584
331 652
1491 779
625 2828
2548 1391
1997 1088
1321 1423
1491 1431
2965 1265
1491 529
278 2812
1827 652
1608 2183
1201 2576
1805 221
203 652
1532 460
2622 1602
976 807
1491 2555
1491 2790
2151 1962
85 130
1548 472
216 235
1373 652
222 1936
1491 1117
616 652
1614 2087
874 1677
2502 652
316 935
203 652
1444 2476
2571 768
2388 1522
2637 1489
1491 619
1322 2153
1491 33
1075 2643
1346 1664
1491 115
1491 640
2805 652
1194 652
1491 2648
1534 2779
202 385
1491 648
1491 2617
446 194
1491 288
2243 652
1083 652
2723 833
1491 2770
1482 2426
1872 1160
2459 2712
1432 2172
1491 1672
1491 837
1213 652
109 2860
1700 1345
1491 1325
104 652
1445 1053
1491 2118
1491 1473
1491 127
1491 1490
2082 825
1032 287
921 1338
378 786
185 1721
2662 652
1416 2507
249 2166
1491 2558
521 880
1342 1673
2782 1150
1364 799
1880 424
821 1285
1169 2116
2116 652
705 2406
1491 1316
1491 1332
1491 735
1491 2146
2841 652
1491 1473
502 652
1753 1599
2599 1825
2519 652
1545 652
2799 652
1491 1152
1874 652
1491 2385
1491 1850
1638 500
2860 2366
1464 2526
1491 1935
50 196
2783 2583
2495 652
1491 1560
1726 856
1554 341
1491 497
1485 652
2697 652
135 14
2281 117
1954 826
1559 1274
1463 268
844 929
1796 1337
189 652
1501 1153
1491 1456
1601 652
1182 523
1755 411
1737 652
1134 116
1491 2598
1491 958
934 152
1573 563
1051 6
1491 530
1942 652
1167 652
1491 2402
1491 2260
1491 2427
2196 823
2481 1592
792 652
1491 1439
525 441
1479 1733
1029 300
1491 2071
2545 2295
2893 117
1637 905
352 558
126 652
1491 2723
1745 2216
