2972 5020 0
1753 2103
1614 2
2271 2180
2089 2281
979 2184
1432 2909
401 2958
1354 2064
754 681
2563 43
1109 523
754 2270
1975 2298
1456 1269
902 1089
609 1909
1431 1991
1349 1852
1281 2157
2714 566
482 389
1382 880
466 2840
1026 783
2620 1614
1472 1115
1846 2469
67 842
837 436
1236 1773
1285 1829
1753 2342
56 1100
340 2707
2784 1389
817 1439
2775 1023
171 2697
991 2103
2902 2373
2140 2517
534 1045
2337 2400
934 1051
2392 1745
2380 714
1770 1889
1520 1974
2914 2514
1660 2815
1510 66
891 304
438 1663
2435 1097
1874 1257
1091 2633
774 657
2158 1753
2213 2127
946 33
261 1241
943 43
2011 2743
2701 234
1726 1622
367 1270
1385 1843
1353 879
1170 1806
137 5
2241 840
1820 584
670 498
1586 2218
1061 399
1480 1845
2343 690
2252 649
2700 2274
1740 2901
1327 2821
2609 624
1926 281
1273 210
2572 887
92 84
2564 1087
322 2436
1693 108
1988 2303
2128 83
1244 1362
1471 2020
1046 2191
2270 1930
2816 420
2456 8
2130 934
1065 386
1518 632
2875 338
2335 531
150 143
1639 788
1342 1532
464 654
2116 2204
1659 1315
2044 1289
830 1381
1010 1309
1800 862
1229 1729
2467 2906
2260 1183
2100 256
183 2571
227 1471
1753 1063
2017 1841
1794 768
866 2165
1000 2312
2407 810
566 239
864 1753
2143 2156
2622 2540
1264 936
2357 1107
2485 2797
2578 1907
2603 368
2362 1082
2083 164
422 2928
1395 574
2949 671
1484 2163
1104 2837
1620 1079
1365 2126
2889 2711
2904 2855
959 2349
1717 1144
1114 1051
2328 556
752 150
446 1446
661 1252
2842 1289
279 1785
1826 1446
1157 2358
1535 99
2710 1780
2387 2103
1368 1795
744 2674
362 2454
2525 2214
1106 2335
124 427
296 1230
2651 2151
659 2603
1383 166
454 2394
352 2640
949 1918
707 1016
2742 1923
363 2179
1002 1196
33 969
2185 1959
2053 1797
1855 1760
2389 2694
501 4
2756 1965
1626 2644
2947 2063
1325 407
2298 2540
2654 1559
1638 1636
461 940
91 756
800 371
2950 2551
560 1494
1475 1355
1129 2907
2944 1523
2080 2707
2971 2019
202 2042
2072 2620
889 2694
2917 1173
2960 1043
2257 182
426 343
1042 892
372 208
1971 2740
1846 41
2967 1966
820 53
1063 1753
732 499
25 1352
1723 1104
2128 2613
244 2876
625 587
1895 329
1093 1747
1116 2907
1134 1963
321 1135
1091 352
2248 815
2312 2741
556 2548
376 1968
1391 2642
1273 2141
240 674
1188 518
1301 1836
2768 1519
2204 2087
2609 1071
1775 1474
2685 728
2259 1907
2510 2686
2310 1048
1282 1266
2310 342
2328 485
1582 3
540 2673
733 2843
1531 695
2359 2690
878 2728
2867 157
2465 1509
1738 961
1393 2647
1480 2634
1249 366
2779 1746
1319 555
578 2401
1292 2011
2093 336
970 2897
2249 2655
2808 1601
1493 1916
2926 2001
2848 2810
44 251
579 2117
2756 2420
2870 2271
105 1137
1002 1885
2906 1155
569 1936
1329 717
1631 402
2826 2380
1656 1849
1990 1325
2873 1590
2662 2432
934 128
2645 2282
1805 1934
1761 723
2484 2883
1765 1247
214 18
1753 1407
107 1456
2230 141
1577 82
1942 1575
2690 2275
1319 757
1348 2312
1694 1680
2084 1759
938 1151
916 1756
1963 971
2529 354
175 2964
1927 2704
97 615
1914 2905
2562 2764
1091 1607
660 362
1733 29
2714 2524
1658 599
1380 745
2089 1289
2300 83
238 1736
1753 561
1056 2806
2017 898
546 1120
2500 1838
1683 687
1520 127
698 2103
1206 1332
1178 1591
1697 2757
2495 271
1207 2274
2316 2505
798 2806
557 2100
2932 630
1590 1344
1381 509
998 1304
2310 1489
686 402
2059 1595
1598 481
1801 2236
980 2507
2444 199
1953 966
2911 243
2706 1863
1513 2311
1633 2126
1410 1336
1950 826
480 678
762 660
970 1399
2085 2817
585 493
2429 2586
1107 2410
467 335
47 2333
247 2133
1062 2254
1791 1687
1775 22
1200 701
1330 1919
1533 2090
1881 2693
2218 1890
2474 493
773 622
245 606
1127 494
1224 437
2433 1781
2768 2781
1476 585
729 2802
1121 844
1504 165
1556 287
2587 2798
1006 1130
393 2163
715 2499
2730 1711
553 2034
1913 368
2299 2904
368 528
1695 1844
2876 71
453 188
1059 990
1122 2630
297 1166
2538 2628
2007 706
1345 1597
1541 225
1764 2008
2562 2283
2256 2225
1283 1339
93 228
907 2624
1732 2148
843 910
1057 542
72 1726
631 277
981 2571
2012 978
1684 218
668 517
2881 916
2644 936
2192 1585
980 1406
2867 1182
507 346
254 1143
894 176
1 1900
462 1892
1665 1383
1095 1365
676 830
806 1730
1045 2723
327 708
2106 747
2788 1763
1736 1801
2290 376
1950 2211
1023 395
178 147
185 463
2484 99
2096 1209
1970 2396
133 2179
1799 490
2150 2524
964 2585
553 1009
1787 1342
1162 1629
2363 238
1863 2656
2060 237
1513 178
914 2663
2249 2107
2685 1443
46 998
455 2246
2872 1093
503 2720
2951 2198
1500 119
1896 861
1072 480
1988 39
121 2631
2947 2682
2745 1403
2820 784
1105 2212
1313 59
165 1357
1047 1032
985 2480
1709 1630
854 1032
2779 1309
564 883
2313 2494
376 1150
54 1419
2326 450
748 1631
1213 2533
257 2297
1484 161
826 284
1203 1894
996 2207
2213 229
2623 1754
444 222
1892 149
1983 2817
348 2590
2110 2937
2329 1932
2972 2633
341 1413
1931 1143
1128 2405
483 2200
2359 2292
2717 504
137 2394
12 783
583 1211
717 1452
2691 2782
1431 2518
2626 1313
2537 733
2776 2377
858 420
2471 2103
2887 1786
756 1831
2687 2710
2733 2410
642 1966
508 313
806 1344
112 1562
1842 2236
528 1198
531 1519
2912 165
2966 2415
1350 2591
2577 1226
987 2350
2039 401
198 1095
1193 28
1553 2084
2643 1615
1987 322
2767 357
2790 600
1700 2768
2475 1308
2253 548
1444 953
1379 1235
2385 2780
2440 2858
2732 2237
2294 830
1699 929
2169 1547
2171 857
1361 2521
1373 1644
1830 2397
386 1923
1531 1753
2084 2611
1640 672
2430 1007
2220 2352
2677 1072
306 1677
1517 1363
1294 169
370 2201
1924 2966
2227 240
877 2774
2367 1133
2572 1535
229 2692
2556 2097
99 1483
1027 1769
2481 1225
2294 2257
35 658
576 964
546 753
865 2645
2634 516
377 283
1076 2684
1352 1836
1860 2095
558 555
2210 513
2433 2265
2209 2654
2470 1911
176 98
1268 897
2561 987
1758 1521
2934 2371
2093 1215
844 2003
1262 554
921 2139
1026 242
2087 439
288 2795
1811 778
795 4
1358 2945
2376 2366
968 1480
826 2052
2590 1475
565 2222
1324 2295
1388 567
2657 110
1557 1714
1961 2429
1573 2042
1038 1062
2900 2103
2378 1119
264 63
417 1997
2262 2509
2061 2329
495 2725
412 839
2877 937
273 2339
2425 1659
1818 2953
2695 582
1281 1336
2351 631
596 465
1140 1721
1350 2897
2781 740
1096 2078
2455 1796
545 2082
2666 1268
1976 503
999 969
2750 1092
254 1089
1669 1106
488 968
1755 1400
137 1025
2512 843
1713 2110
2002 2902
213 449
1170 1311
1742 1497
1643 1327
1462 1161
816 763
1403 1684
1534 1001
2063 2598
212 2503
2033 2005
1277 818
2124 1271
1902 67
2477 554
1438 2014
518 47
627 2764
933 945
1034 1753
736 2351
870 2931
2189 486
1852 2431
1148 1778
94 2576
414 1676
603 715
2066 1277
2868 2398
2278 350
1793 1927
421 1194
131 404
1472 2458
1637 2864
2297 2407
1379 403
1749 242
1012 1817
2032 2305
648 1515
440 2367
391 1538
1923 2150
1092 2970
2194 2784
2149 1675
515 2669
2750 2579
1019 1736
955 1193
68 423
2205 2092
814 247
2240 564
2048 2512
425 1444
1816 2031
1542 2061
1876 404
2854 1276
924 2797
527 1392
1774 2436
1174 2247
2439 740
1257 2168
2508 2793
1189 2242
225 461
1699 259
533 441
2360 2597
358 2744
846 2167
1860 1473
232 2409
931 2166
14 2056
1204 34
632 124
1974 925
452 1766
2111 917
2021 2918
46 252
747 2793
1364 417
1314 1347
1251 1797
2341 1580
1085 1753
181 2157
1790 297
617 1691
1999 2506
1175 2433
1252 1907
1577 1196
1333 460
2096 2689
187 1665
154 628
2238 1515
589 1258
2374 2083
1848 1244
287 980
1060 255
2177 1770
474 2803
1760 2287
1328 1636
758 1681
2822 2703
2159 1325
2460 1095
2706 1453
737 870
1412 1145
267 228
1632 1711
1922 1921
206 1369
2486 1539
714 2588
2263 2476
2188 1333
401 2597
1503 881
860 1697
1018 2304
1212 1361
2671 281
1687 158
1709 710
2151 300
2913 498
1840 2182
1240 638
620 909
1105 1589
1126 2457
2717 2348
2624 480
198 1025
2514 1983
1512 1620
1642 1448
1999 909
1774 97
1126 2067
903 1407
1487 2147
2059 1906
1255 1943
2507 248
2292 2890
1833 992
1027 786
1219 2429
1517 1822
1101 1737
1468 1150
1237 1493
2970 2511
1390 1102
2046 2363
523 2103
2580 2599
2530 328
676 257
318 440
1506 2657
2193 2514
1895 1943
610 1438
1367 960
1482 1050
918 1840
1992 2403
94 1326
1544 1035
601 2264
2313 1050
2627 2423
949 1991
1070 286
421 1510
157 2074
330 1552
433 530
2770 2636
1928 2887
2889 1309
2211 1064
2821 2836
64 2056
1689 912
2710 2221
1594 2665
1474 2012
2660 2289
348 1355
2388 1753
1423 2473
2438 2392
392 1438
1545 2804
2426 2582
1510 2019
2239 1355
1790 1280
2837 1343
2392 221
48 2755
858 2449
758 1147
2080 2527
990 2842
2520 134
2396 1129
278 22
1742 552
564 400
2692 496
1807 290
833 1237
794 2122
1067 921
209 2862
1540 437
1666 2834
840 2655
495 179
1732 346
2670 2404
380 561
2391 2592
1090 2643
2472 1712
847 2766
976 130
2728 2508
2797 1670
1827 481
2491 913
2102 1225
2655 1724
2596 307
1425 222
1477 1103
1854 2596
2809 1316
2697 590
33 1518
1797 2711
1659 539
1534 1581
1024 417
1728 2226
877 966
1124 305
2716 2606
688 1747
2818 2854
1281 2601
1039 327
1548 2597
2186 95
2279 1596
1279 1395
754 2078
1197 1278
2564 567
490 634
998 586
2696 443
330 470
2874 356
478 1669
1918 2037
2673 723
1360 1261
505 1753
1605 1431
785 1505
310 1547
2496 865
836 2635
776 1569
906 319
1632 127
2502 1287
1464 1325
293 1969
543 1456
2684 2380
21 285
2534 1016
1978 1779
2856 1753
220 2824
1073 2119
1776 2328
1936 2702
2773 1087
823 1715
2161 757
1757 2260
769 1179
2605 433
1541 1391
122 2103
2244 2863
2071 1697
1578 1527
819 2408
1609 105
2445 605
568 978
2488 1972
2189 2464
2548 2025
2067 2950
717 185
2425 1692
1528 1955
1193 2482
2925 1889
262 927
496 986
1133 1246
585 1806
363 2822
985 462
938 201
1256 1615
2412 2908
1052 2822
2884 433
2647 746
1441 1128
1672 78
729 2725
2846 680
1666 537
1443 725
36 507
794 2379
1365 2437
1867 1457
243 1421
1468 678
814 2261
337 304
1889 1634
2049 2667
1516 2968
667 2943
90 1857
2890 1046
2515 2070
2103 1291
345 1347
2736 2338
2950 1742
424 1679
2475 250
2777 377
1737 1853
2924 753
537 2619
2727 2704
99 2884
818 318
714 2103
2338 1727
2296 1038
1973 2147
2231 2832
1302 1214
1381 1286
2734 925
1945 1276
91 382
1182 55
1873 541
210 2317
893 1441
2906 1385
56 2101
1565 406
1570 2686
1653 2506
2535 159
1389 2473
2554 2760
2046 8
1055 840
2953 1853
1088 2024
1006 1201
239 2545
983 2606
1751 997
226 679
1396 1027
1484 1125
1998 2303
494 546
2838 2793
2919 2037
2636 1212
1930 855
1369 2495
869 2729
312 1877
2946 1514
2937 2103
1937 1936
547 1563
2860 1781
604 1014
2032 667
1505 2352
1205 763
1105 1480
2658 270
457 1636
1878 229
684 1146
855 1753
446 740
2942 2668
1644 952
765 2343
2840 190
750 2778
1884 2340
1314 1386
1541 299
1159 432
1500 1528
1221 1817
1625 1376
607 2058
2946 2203
441 1167
397 573
1947 1165
1664 112
66 833
1753 2856
1693 2328
1489 2215
1144 245
2332 2092
2706 1569
610 1117
293 755
996 2910
1387 2886
2176 19
120 1822
2535 1812
1348 2489
106 2850
651 625
1028 2775
2035 97
2828 379
1958 51
2087 2678
621 1683
671 1648
2911 2371
280 1124
1948 1498
1099 395
991 1616
1167 1490
2377 2786
946 2064
1652 2912
2360 1896
637 1278
1422 1859
879 1823
2006 1184
357 308
1261 2070
2871 1173
1811 976
1728 2918
2385 1291
1885 2127
529 1100
183 1752
2122 1251
661 664
1412 515
1601 1985
16 1323
306 2645
1060 1154
1847 96
819 2362
2141 1197
1856 334
1795 533
2158 1753
2049 2038
1737 1818
37 1012
2414 2369
675 2043
1658 241
1437 382
732 2805
888 1303
1108 2699
950 2510
1031 2659
1523 1759
2909 477
2355 1500
821 73
1417 384
1033 620
2159 1481
2503 603
2791 1043
2651 2797
824 1600
903 829
1851 2554
1269 1545
1312 2823
1084 1000
597 1753
789 2106
1858 195
373 1379
2186 554
1607 813
2410 2294
358 2255
2201 2307
62 646
1822 1722
1059 2170
118 2439
1228 860
2014 1117
1486 1010
559 2342
690 1051
2828 2956
937 979
1335 2246
1724 2384
2447 1857
1396 1142
803 595
72 300
2730 127
888 2716
602 1640
1712 2738
1086 1242
614 1850
501 175
614 637
280 1267
1338 2532
1506 2175
2200 702
2526 2088
466 1440
1603 2734
2858 1618
2197 1526
2714 1672
2224 1831
731 98
1255 1202
610 459
2402 1261
2656 1749
2957 1544
1707 1306
977 703
2937 2103
2154 2882
1932 932
2223 318
2908 1606
428 260
972 422
1030 2379
1501 517
1152 1713
1810 400
2893 445
638 1236
2881 877
1603 384
243 756
2103 2457
783 487
1470 873
1531 2679
2098 2499
2913 1696
200 2762
2217 553
1676 878
1728 2901
2788 1592
2244 1274
1898 2216
539 2559
62 1141
100 2103
2426 2500
1824 2867
1738 691
675 1191
1613 779
2807 159
15 2340
313 355
2785 1821
730 2759
2432 1723
1753 681
1567 335
1878 1371
213 23
2869 2369
266 835
541 1476
973 1536
296 365
1809 2688
525 2684
2196 1248
2049 1099
551 2917
2264 17
679 289
2437 2874
1753 851
1753 1034
1402 2630
2693 412
2633 813
2411 1679
2098 1343
2135 158
2769 197
2701 1753
961 1288
836 2032
1101 1448
1602 2747
1239 591
1181 407
2272 342
541 2015
1802 865
377 385
2068 1608
2139 2313
748 1533
1762 2446
58 2226
142 206
1587 252
347 850
825 396
2957 1374
117 2782
184 2865
708 1914
2775 1099
696 2936
780 1831
2680 579
1940 464
1217 2589
1236 1245
942 2783
2202 277
820 217
1812 615
2048 2288
2882 1753
429 2365
1870 982
303 1176
1929 1633
726 2229
2027 91
147 1209
2477 2442
2340 2771
1293 1934
1502 1800
2914 1530
1548 2376
2814 146
2637 1173
2182 1434
764 2702
483 425
2948 583
1424 63
812 893
519 337
2377 1910
2525 391
353 1653
911 2086
1362 627
949 2898
1929 2208
80 2016
2868 170
652 1245
2510 2629
1127 1897
1445 965
276 1421
44 1241
2865 1805
697 1256
1250 2737
2894 2185
2060 2105
2370 1082
956 1625
2499 1024
125 1318
1673 1542
171 2777
1869 1358
1312 1715
697 1612
395 42
991 2110
2251 1430
2103 169
89 2192
1463 631
74 1943
2124 316
487 1903
2052 601
2696 419
2912 2534
2965 383
2022 314
2566 667
879 2148
1581 256
2068 1626
2150 398
1904 2418
2103 1872
1336 1017
1753 855
2407 1164
148 593
256 269
985 747
844 2543
369 2741
342 1602
2826 2588
1468 2624
1083 1134
652 1951
1926 2848
2804 231
2468 939
1203 2393
2532 1262
1428 1420
1740 2930
317 2105
770 2290
295 401
1721 276
635 2005
801 2155
1220 1626
1580 2346
1337 713
2180 616
324 486
1686 1467
2671 1311
1034 2173
576 1826
1555 2571
1007 1392
2827 1061
1227 1028
1417 1191
2935 725
1534 1764
616 43
1653 20
1786 2569
187 426
2104 2914
2648 944
1035 2256
2844 155
1437 246
1813 1278
2264 2595
1440 2734
2199 2649
69 1069
2959 2216
211 1414
576 184
2344 886
2549 1279
2717 2746
1192 846
1730 1590
2433 657
1220 374
888 2206
1782 1801
2083 2286
939 1159
2760 2381
2137 384
1392 189
2586 2592
1883 1732
1641 2483
538 2659
2638 905
1709 1558
2791 2463
1307 1678
1158 623
699 1499
1082 83
897 2386
549 2851
2114 216
2135 14
1922 470
2861 233
1001 1215
197 2214
1781 2197
1937 513
721 1767
2783 748
2043 560
1739 2729
2222 866
1813 2920
469 2907
2829 290
2779 2063
521 1499
776 1863
1741 793
1920 245
1039 1914
1221 2050
1695 1293
667 1185
673 1407
2103 2457
192 2104
1743 1988
1832 1753
2167 2359
1733 2331
2866 779
2103 664
207 83
1554 1908
962 1368
959 2909
1914 2510
1411 2882
320 1229
1903 1026
2915 1945
2948 406
2533 1593
1163 1682
517 2556
2478 2885
2814 482
2203 372
774 2248
551 730
1851 1222
222 1215
2445 458
2467 1976
85 2339
2853 713
1158 265
651 926
2322 2886
2047 1564
2446 291
1413 408
2612 54
471 1540
2455 1351
2176 2594
1427 1514
712 2656
1784 1460
2160 2863
323 149
1631 2765
2917 2482
43 2271
1432 706
2327 2694
2636 1377
1746 1704
1772 2088
1723 2293
1958 792
119 2388
930 2962
681 1930
2219 2365
1753 999
2941 1673
2014 651
1522 915
1176 2372
750 42
483 330
2276 1118
2383 1642
2529 2952
1710 2006
1539 1901
2173 734
2703 445
1703 275
2026 2739
491 837
2549 1269
1899 2477
628 940
876 2828
2961 1463
2319 1753
832 1568
350 435
1599 499
2709 932
32 914
532 1033
823 264
1125 1322
2144 1704
1470 2000
60 2788
1214 1298
2674 1561
2425 2811
2068 374
224 2046
568 87
1253 2772
1844 2864
1186 1882
2786 73
129 1750
2411 1967
2352 2663
2136 1805
745 2641
1716 593
4 777
2285 2703
1753 2342
805 701
2595 1949
1081 2206
1230 2191
1495 2850
2890 322
2770 2047
2361 1504
1337 1053
1541 405
1762 2161
2004 2200
2849 562
2873 303
700 1647
631 2809
475 1727
536 2942
2399 1846
785 2663
1527 55
1830 493
2174 1447
2922 653
253 455
2009 754
2305 2628
902 2172
399 465
1195 2604
1337 1857
237 1300
300 1338
2518 1783
2265 2197
1241 1573
2795 2353
2542 2611
1332 2301
2546 2011
1086 2091
1131 407
951 876
1735 741
935 247
645 886
599 128
1107 138
1635 2476
333 2235
743 519
395 963
2653 19
1069 1864
1888 2113
374 2134
1790 603
978 645
309 1546
765 47
1419 1379
2276 2214
1079 1245
958 1957
1961 1856
1231 1981
841 169
1958 2599
309 762
172 821
1809 2962
778 1445
849 1045
431 2643
439 790
1513 1818
582 770
1705 522
2103 2483
2621 2555
2322 1984
2442 1572
946 2701
400 2626
1235 2552
1993 571
2862 2040
1820 2409
2511 1363
2938 371
1777 2759
1888 685
1432 133
289 885
2077 705
155 1504
20 1678
1119 2057
1419 1056
1400 1674
1032 2674
1199 2536
1483 1780
765 2557
1142 2891
2434 2922
411 2145
2217 1110
1221 874
2765 217
2103 2471
2487 1783
698 1294
2397 540
2329 1673
959 1960
471 1340
2774 1953
611 75
2781 1635
2206 1648
2158 1146
470 1986
2095 2723
2698 2508
2696 21
696 2697
2687 1685
2492 739
1662 1038
1047 2619
91 1421
956 831
827 2343
2773 1384
2447 1053
1287 1172
2482 1777
979 2325
78 2524
1851 344
1753 1085
544 2605
2103 2023
1075 135
434 100
314 2581
938 2766
967 709
1738 952
2314 2729
977 1013
2526 59
928 717
1941 654
923 313
2717 310
2339 1807
771 2355
2369 147
2370 207
2831 2833
1610 2219
2503 630
1462 10
2497 2922
1025 454
24 558
343 1665
323 2371
1530 1558
1169 2767
1269 340
179 1104
514 492
181 1547
2129 2107
767 1391
1674 882
98 2362
53 2748
1416 2537
359 2398
1621 1022
757 558
635 598
2146 2573
2341 1989
2323 2530
1709 235
268 1130
2726 309
2851 1668
1984 2453
2705 1803
542 567
2205 919
2090 686
497 2896
2103 902
1717 2887
1601 1530
121 628
100 2103
148 928
228 1734
550 633
1476 629
2255 900
2172 2900
837 2672
1005 94
2880 487
2260 1592
2629 2149
262 1609
2 1383
1065 2348
321 1112
2744 1099
1492 1203
2417 1391
2016 2354
112 358
2755 1935
2880 2955
1608 718
1014 2871
756 2112
2487 2604
2798 1590
202 494
516 1753
2675 314
2803 134
1307 1999
2052 1515
2191 1478
2782 2868
2947 1746
786 96
2323 1258
1161 2168
1812 311
605 1612
471 2353
2935 1154
2333 283
2647 468
2839 2666
1040 508
2916 650
86 192
814 683
1726 1458
1947 2267
2124 2568
909 532
2172 2684
1465 2190
2834 1670
1323 93
1441 702
1495 2472
1146 2954
2330 2122
1608 249
1120 2924
2740 349
1257 144
2160 1145
755 2763
415 1394
2764 2742
1810 2117
1470 1135
2147 2372
1452 57
2406 2710
1848 2254
1868 1757
1621 2068
1380 572
2777 590
1523 1213
2345 418
815 2344
1556 2507
1312 1350
23 2951
1276 328
719 1184
497 381
2928 366
2932 607
7 1075
1278 809
443 1123
316 2341
2872 2405
1651 109
1872 2103
1243 2676
2762 24
1600 2081
2015 629
1740 1520
2870 2563
2103 2900
974 2027
2561 173
537 744
2178 1529
719 2186
234 1536
448 140
2179 116
294 2121
2895 2157
874 2724
2583 2804
472 1286
822 2845
1853 2605
973 1454
1525 2750
2301 2140
1617 2655
354 2317
2640 1295
1962 2556
2396 1116
1944 1118
2601 333
1011 2183
241 1557
2367 2284
2756 2347
2498 2662
750 963
1170 878
1948 2216
1908 791
2597 861
527 2146
2778 115
1544 173
2611 1938
1262 95
482 1162
1739 1702
1036 2680
644 1453
406 1725
720 393
2227 578
598 447
1285 697
2242 2440
2064 973
2357 2708
2483 355
2941 1671
1820 34
1496 162
2348 1560
1292 2658
1694 2693
1909 905
194 192
146 850
291 1429
860 264
1300 2278
262 1573
1062 2718
645 87
1042 180
183 1977
1686 132
2001 1643
935 2241
948 1815
1189 1168
1030 2945
1224 2659
1125 1881
907 160
2620 1975
2109 1591
1714 2130
2185 1876
1706 1689
2674 2619
1508 1204
505 2634
174 290
1445 2528
710 1611
1294 2855
2657 1096
1378 1003
155 113
1401 2131
863 233
928 1716
191 2938
1949 2829
616 547
2171 1281
1058 2721
437 2149
1777 2639
916 1102
1651 2809
1559 50
2707 2608
350 2505
2939 862
63 713
2259 2103
2034 1089
396 1474
127 2901
1362 1646
1960 2152
2358 1629
1449 941
738 517
985 1418
786 1400
2468 1748
540 1873
545 791
2506 1678
918 1682
1964 615
596 1394
2462 2851
2066 2254
77 2632
719 930
1448 1933
1987 1046
2435 2550
2838 1320
808 2881
1180 1251
808 1102
1108 2203
191 2250
670 2421
875 131
2627 944
503 48
1507 428
1346 2103
2819 1115
2831 1371
2453 2559
1696 1949
1217 572
1479 720
623 2713
1371 1319
40 2639
1397 193
1760 905
705 2814
2347 414
1068 2273
955 466
2013 2178
489 2324
891 1455
524 1597
2165 1296
1408 251
281 2963
458 137
653 1308
940 908
2258 1062
159 204
1493 66
1187 2876
1637 2865
1149 1316
1582 399
2568 1785
1982 1753
70 1992
2332 1902
1825 1685
383 2668
2417 945
318 506
1229 2018
766 1903
626 954
883 2005
2363 2585
168 2799
394 1656
1913 2948
1632 410
182 2410
2504 1033
1173 604
2138 1428
1751 1900
1617 1764
2448 2038
1102 324
1305 728
5 2648
1442 1761
1004 1925
2899 605
1846 2627
1793 2955
1773 1420
1769 2108
885 691
805 272
1382 1795
1977 1567
1554 1842
1705 648
798 2155
2245 1502
2601 2895
1259 2538
1604 707
2489 2096
954 571
1398 540
584 954
2268 365
1604 2774
2879 1030
986 2833
1733 1174
1660 213
2708 869
2031 460
570 87
1009 1089
1488 2514
649 2515
1947 659
2029 831
262 1127
827 2297
1165 2603
132 1835
2678 1655
945 2631
668 1256
26 1634
1071 1814
2832 1167
1856 1305
307 481
2574 2349
1395 2209
2895 107
529 2142
2109 624
298 807
1956 1962
2654 574
1906 2875
2306 1049
425 1552
800 375
1743 1322
179 2841
688 1018
995 1457
149 577
409 2531
572 1618
2523 236
2813 1624
2115 1179
42 115
2104 2070
1537 1788
834 2753
2773 682
129 547
992 615
1373 1288
2953 1218
1784 418
1768 727
59 883
1380 196
829 1678
2578 1294
1199 782
759 867
2417 2607
1873 1442
1386 214
1891 341
101 1817
7 2843
1384 1069
2869 2311
552 2551
1838 974
1917 2945
561 1753
1077 2208
2653 2594
215 2586
1772 2566
2103 611
389 1157
608 856
1283 1341
2019 1683
572 1041
994 2671
1302 2565
2972 2427
866 727
294 569
2473 2921
623 655
2423 1690
249 419
2835 785
1753 516
2187 386
2543 46
1749 2706
545 875
2958 2342
2418 1821
1661 349
1153 324
2602 1233
2801 1283
2711 49
2218 286
1169 308
1933 530
172 1113
2915 1186
2374 449
1905 782
885 226
2201 666
772 2921
1965 2366
288 2659
2203 1610
882 2279
535 1940
1713 663
2604 1152
1205 1239
1666 1788
2959 2381
2791 1753
2561 760
2617 1288
1026 644
1603 1494
503 263
929 1213
2191 88
2952 2474
580 1164
834 1996
1210 2135
2261 31
2812 952
219 1232
1824 1957
1467 1867
807 1613
1965 1454
2492 311
500 15
1119 1821
1282 809
518 1658
2885 2970
1656 2934
269 1905
2298 1383
2778 1326
2661 845
1019 1637
1796 633
2800 35
1724 1001
2914 86
2836 2267
802 2103
3 465
869 563
2009 1753
2501 467
2228 1619
1290 2226
8 2747
2884 544
1527 647
2354 1461
355 2424
1206 931
1408 1443
1826 669
1375 1226
2518 802
2187 2169
351 140
716 857
1410 2235
2708 2055
1931 1110
2957 591
2396 2277
274 2648
832 1104
724 853
2441 498
1263 1223
2155 1094
282 974
680 907
1997 2853
1054 2250
2434 62
2075 1693
1635 1700
1209 2368
1393 1819
2371 394
2866 334
251 2114
1578 2825
1244 818
1554 1525
903 1307
2026 2173
1563 211
2390 1419
2618 771
2406 2646
2358 2666
2744 963
430 1359
1649 2230
1999 1552
1893 256
1206 2356
2582 2415
1904 1265
2408 98
1728 1628
846 1774
1556 1446
171 2936
1857 1557
77 292
2478 1334
1620 677
57 486
1136 2799
1967 424
882 1839
1306 1415
2374 1948
2290 775
882 1122
795 1385
848 1021
2544 1920
2758 1404
285 419
2577 2665
1138 1366
461 121
2839 1543
1865 1175
1452 1406
2447 2322
2519 334
2819 1109
1234 2266
2181 897
975 2763
2175 1677
2570 1219
1369 2615
1504 1652
1656 1767
2144 2889
1227 2038
1143 594
556 2075
1627 520
58 1712
2384 1215
1725 2897
582 1468
1784 186
380 749
1700 478
1753 2009
455 2090
2301 163
1639 1696
311 1964
2818 156
1345 1926
1177 2575
197 1887
1798 2450
932 11
2851 2533
2360 1238
1467 1372
1530 1983
2512 1030
1107 2479
2382 2689
692 2080
1442 685
546 1008
1950 1705
1351 633
158 2337
41 1829
659 2515
1514 164
508 1472
2279 2486
952 1288
2240 848
304 819
120 1729
1249 1333
1517 2018
1813 2079
1734 1067
511 674
2103 609
2193 1425
1794 617
2642 432
2826 867
1891 1627
2072 735
1886 216
187 166
2238 1077
1856 2685
6 40
397 1023
2661 1973
2957 1086
1399 2823
2872 812
2937 663
2613 825
2665 1422
372 1357
705 1298
1340 534
475 31
67 419
209 2520
804 2807
780 2582
1247 2278
1184 2364
1651 277
2636 1903
1835 2263
543 2608
1915 1209
2888 1268
1731 567
123 1058
797 2753
825 950
1719 2639
306 1083
1954 2261
2077 951
868 2330
1459 1994
329 74
2682 1905
2898 2037
2055 810
1233 2272
1088 1551
629 1311
1390 1756
1402 2422
1650 845
2280 2444
798 2334
2785 2193
2244 1141
1538 1887
1753 2719
860 1715
1850 1803
2238 2251
2314 1487
614 2705
1937 2476
1762 558
1862 2505
1545 2722
1799 92
236 2704
1806 2420
1667 172
509 751
892 1915
863 2803
829 673
919 1539
480 1688
637 2079
2185 268
566 55
2894 875
2877 806
1202 424
1350 406
279 1894
2733 2357
1106 2450
2506 330
574 803
2525 1739
1745 203
2081 1317
116 1588
2748 217
2583 929
1253 1090
2802 1274
932 1550
2085 2808
734 323
2318 1722
1224 471
1917 1797
933 2094
1134 2496
1698 1887
1602 2456
1645 1989
589 24
641 515
2071 51
2222 1457
2780 1760
1016 2815
1515 2607
176 2300
2695 160
2530 1044
2943 2127
1884 1886
2401 2614
1614 619
1132 967
1672 647
732 1540
1115 523
2340 512
1577 997
1406 248
2284 2325
1265 1255
1770 1828
2558 1013
2749 780
2649 1234
2054 1007
2143 966
1877 1811
2762 2316
2076 624
588 1449
2691 1366
205 1977
1791 1010
1 2195
2432 2098
1188 599
630 896
2159 1131
2053 2945
1772 2635
1824 2232
531 1826
2560 1924
1347 1295
1150 2573
2947 2057
40 2482
2600 2115
2880 2430
934 472
1952 2925
2215 1390
22 2344
2831 496
139 2794
1796 833
2419 117
2861 1277
1103 1430
2232 1778
1518 292
381 2246
196 2641
551 1777
1567 1301
275 1980
1660 1756
1754 2350
794 2765
2175 1200
1707 2115
2660 955
2675 1758
1052 2649
314 1152
2116 2118
1425 1983
691 39
2368 2689
1358 2879
959 2772
151 1192
2470 1328
548 494
1263 2234
2394 1870
957 2575
2451 1703
2727 1071
2531 2151
1512 1290
186 2103
387 1937
2931 392
1122 2486
2741 2689
49 1309
726 527
2273 779
1422 1404
258 2030
1730 2732
1640 2097
2574 1450
1620 2730
1317 1865
1329 2176
716 1017
1610 2870
2132 1473
2890 302
1992 1875
1545 1938
635 1185
1114 676
2540 662
217 402
2300 641
2220 2956
215 2391
1655 2204
687 2971
897 163
2085 2249
1122 96
325 1639
2238 767
2787 2400
416 1481
1539 2092
2543 2923
816 173
2103 2259
2458 2800
1251 868
669 1556
1423 772
2382 1218
2771 927
1654 1969
2948 528
2227 948
1211 1679
2958 2856
2727 1647
263 1759
485 50
1195 122
2240 2195
65 1664
541 2397
2054 2593
109 2202
2568 2248
325 2913
2065 1605
2513 362
119 1401
203 1798
260 64
1149 1623
2876 562
910 485
2439 132
1466 1156
2763 655
2860 2248
2050 666
1256 2556
2878 632
1979 656
2156 1970
1681 2194
2677 2054
1576 660
2353 1880
1559 2548
1426 2618
459 1078
2201 2195
2963 994
2279 919
2565 1298
874 2304
2367 2223
2168 2664
1043 1034
1501 602
2777 2334
2753 171
2012 1156
1792 2213
2073 2062
1373 1208
2698 2030
1271 657
2927 260
1316 890
484 1638
2291 1171
1361 2073
2827 1282
2722 2611
447 1885
48 1708
1917 1869
1862 2425
1442 2673
594 2103
2547 1339
436 2627
1842 224
2024 1243
2904 2140
2109 962
1039 396
16 1580
532 2719
2053 2379
625 854
206 2652
76 722
2260 1310
599 1557
1356 1610
2605 1101
516 969
2591 1228
1056 1409
2878 1454
2562 1923
895 838
1719 2759
1575 117
208 2271
1327 2776
1721 1437
2443 1680
1891 2553
1884 1416
2516 1603
555 2762
1401 805
1919 2040
2872 136
828 2798
2171 181
115 1120
2323 2316
2112 2911
1048 1729
1838 899
543 333
451 1161
904 590
2442 1121
1328 1550
912 1096
149 2911
2651 72
428 1393
1866 36
678 2573
2825 367
2142 1727
521 375
1180 2144
1222 268
96 1674
2726 365
2162 1152
2908 321
1866 2666
1135 2625
2699 2815
1804 2351
2289 2761
788 284
822 381
848 1
2676 1560
18 1803
1302 2712
2231 1059
618 1684
1194 1916
1334 2970
1223 852
317 48
474 1246
698 2103
1562 65
589 1762
977 749
2181 2145
1948 2951
666 1
299 2631
1429 2709
1206 2386
2206 1998
1548 559
1732 1823
2904 1332
457 1436
626 1993
2786 114
343 2207
1854 1011
2481 367
2906 4
2899 2437
1399 832
444 2193
2245 1316
1511 1403
511 2305
780 789
2927 1507
1038 1915
1297 1775
1974 898
2286 429
1341 1197
2846 1178
79 2465
1808 258
1080 2
1929 198
1627 450
220 980
348 2600
2307 2050
2372 2873
894 641
2956 1574
2491 16
1663 1136
590 283
1912 688
1984 403
2484 613
1426 1753
1404 2536
1991 2065
2331 1479
2668 704
2263 513
1088 386
289 2163
196 1618
1170 1476
2149 1694
1906 492
1145 2669
1794 2100
1238 2838
839 2306
888 983
145 658
2961 277
2823 2897
2234 1802
2528 1744
2405 771
1020 285
1687 2745
2202 244
1878 2755
378 307
2137 2516
753 491
875 1334
2285 2199
1735 2422
2671 199
2491 1734
2965 2449
175 2542
1997 2130
220 1452
453 1479
1991 682
25 2705
11 2329
1813 640
2466 329
1040 1731
397 837
2016 423
1021 564
816 1239
2010 2855
1372 2263
923 2023
1904 1119
1702 869
1807 326
2440 1168
2784 1423
791 1092
118 650
21 2116
2813 781
2640 345
1126 1485
1787 222
1372 1457
426 658
2591 1565
1964 739
2140 2010
753 397
1166 2130
2065 1388
441 270
2296 917
2178 41
2078 695
1981 1883
1147 1279
7 105
1328 11
30 2849
661 2259
588 2469
1218 2368
2931 610
1562 1492
364 2243
679 1484
1118 862
2824 287
872 1087
2317 2632
276 1849
1522 1464
770 2339
2336 2766
1576 2454
2131 855
1063 1845
1581 2008
800 191
2139 913
1830 1398
174 211
1194 931
2523 489
1426 1753
1060 261
453 1232
360 1630
1871 438
2609 2523
1653 470
346 411
799 909
2584 2569
138 2729
2417 299
2063 1265
2832 1178
1668 1699
1236 2262
32 954
2852 160
1512 1436
680 1139
297 1286
1741 2056
1044 1276
1976 1155
1633 1095
325 1289
16 1989
258 789
1346 1284
183 1411
2395 2927
2032 1792
1532 2378
843 2288
1551 566
80 1160
841 2855
2675 1583
707 877
2544 2155
999 1753
2542 1549
829 1331
971 2496
1216 1464
2257 751
1638 2470
364 71
412 1680
2598 2295
1181 2312
1655 1611
2741 2489
265 2713
1555 968
2314 2587
916 2815
1537 1809
2746 2845
1110 1471
2382 369
2785 1488
1768 976
1701 1362
842 1130
132 2781
2450 2670
2812 2286
1394 578
1637 2136
1053 2580
1668 1213
984 699
2504 1190
1481 972
2224 462
921 154
1405 2799
772 724
937 1248
176 1397
1753 1832
489 624
2920 2827
2091 2929
764 2350
2567 2581
1280 509
975 1046
2446 1932
1367 1613
2825 2867
2319 673
154 2313
739 811
889 529
2103 714
103 751
226 39
315 76
1266 1339
592 75
1759 2720
273 1861
1717 797
1890 2652
230 2824
82 2416
362 413
1521 1491
1172 810
11 2941
961 331
995 866
2561 1035
1293 2136
2538 1935
1074 2740
142 1586
477 133
2760 773
2858 339
1240 1773
2698 1808
2164 634
2307 1817
2336 201
2669 894
1463 736
1355 1254
111 2644
2963 524
2073 1057
104 2040
2517 2929
65 1598
1933 492
766 2622
2198 2318
1718 2964
1616 1931
2302 1321
45 2724
1716 2969
563 1941
782 1704
1529 941
2192 2071
2266 1183
1467 1835
2103 581
2053 2122
430 1054
1412 825
1617 1001
1114 472
28 2849
1729 1517
1076 2826
29 1860
1483 2883
1413 1469
2818 1409
1420 2416
623 2676
379 2590
708 1526
2070 2252
1698 390
900 2341
463 2594
2875 1595
456 673
2571 488
836 2566
653 731
2045 1077
422 416
440 1277
2758 942
2646 2221
2719 2504
906 1298
2699 2534
593 2143
2199 2822
683 935
2372 2661
2642 405
434 592
1054 811
242 1453
1675 499
1133 233
892 1662
1057 1212
2204 285
2183 1657
1346 2103
553 550
2226 61
2598 1486
1650 182
2401 948
1097 399
872 1814
2544 156
2376 1536
1036 2117
1581 336
619 1768
2751 1466
856 1101
259 231
1952 1250
2534 1357
2665 617
2389 9
1605 2471
167 823
526 2422
1551 2524
47 2940
17 290
716 1646
490 2736
357 1698
947 70
751 250
1574 850
900 1645
1685 2883
1078 1844
1498 1644
870 930
1120 548
1260 743
1510 1916
835 2490
2538 2213
1388 2424
1474 327
2311 2731
638 2509
2628 1792
2452 630
255 1451
1924 364
1320 414
61 2901
640 79
2568 2393
2846 2231
1139 489
2028 1493
722 2472
2882 1753
335 614
827 2557
1469 52
122 2518
662 1975
204 2268
2845 2075
983 2365
1232 161
1230 1987
1529 738
603 1024
1022 1006
1210 1010
1076 2028
1767 749
402 1533
920 1003
1190 2405
1113 2863
1479 622
504 2845
2883 3
918 1742
199 1926
1958 1462
740 1519
672 1068
433 1448
1823 1374
50 574
2839 1194
2252 1488
1625 2225
1363 2885
2593 236
2208 1275
1500 136
2380 2900
2004 1922
643 854
2612 1056
1317 2303
642 1131
1310 2302
895 339
1175 2081
2302 2703
2715 1753
2563 1050
1864 2451
2761 246
1687 1210
529 2327
1456 2209
1191 1849
2941 2470
535 654
2409 1368
432 1503
203 2230
2505 200
1478 755
1707 379
2931 2108
342 320
2552 1315
113 1414
2254 2296
2821 408
1569 2620
2431 1177
2660 1029
2745 618
278 2860
1769 1879
872 2062
2393 815
336 269
2555 2525
2615 2596
1226 1833
2724 1428
1726 1338
153 371
1231 742
205 1411
1110 2034
1921 579
2060 1319
418 1909
233 440
189 469
2501 2141
2412 835
253 2690
777 175
2553 2723
2516 2840
768 557
1962 252
1434 1497
817 2709
665 1436
2905 1694
1370 2519
2588 2387
1571 2767
2490 1111
1376 1561
1548 2958
859 84
2273 1640
640 2174
2293 2823
1805 2670
391 197
1862 2459
1628 1719
1205 552
2124 774
2589 1744
643 152
2682 1532
2966 2426
1064 2902
1449 202
391 2621
1865 2306
2493 2297
2501 981
2871 551
1706 1506
621 1505
1650 1973
2237 303
473 2474
1799 2338
2722 2549
1928 797
2021 1628
2787 1684
1100 298
6 1066
987 838
2247 1834
1302 409
2487 2037
429 2946
2114 728
1407 1753
88 296
1534 2093
1187 2961
823 2662
2542 1718
1064 60
1594 151
738 2935
2464 324
1635 1835
2255 2667
1229 2310
1549 2720
380 721
227 2567
871 964
2156 2277
668 1285
1472 923
1641 2065
2217 2020
2301 2386
2847 1121
316 1785
831 2148
1427 2699
2239 1321
153 375
1415 2743
612 545
1584 2579
1858 2069
2142 1496
1481 642
2 1975
2547 2801
2551 1168
2481 2196
1570 1412
2428 669
1609 922
2384 1425
2095 1264
702 101
1593 2628
1195 581
2399 2178
928 57
2790 844
126 221
421 1629
260 2647
1972 2800
387 478
1951 2138
1692 435
700 2521
460 2541
1342 1905
55 2545
1902 404
1814 1647
721 2934
1273 2212
1225 1176
463 1329
1531 1753
1182 2074
1055 935
2036 1198
2572 2382
761 388
2373 989
2928 2541
2760 344
1375 811
2489 1042
957 2774
1064 1592
1860 219
166 2488
2751 396
1582 351
2132 219
595 1395
403 2886
1084 1181
2190 562
1393 2192
2237 2196
1524 2553
2526 1185
1790 212
238 224
24 2323
1841 2175
1744 778
793 1210
2109 2451
2292 2713
1080 1665
1149 1502
887 2221
655 302
1336 857
575 2336
693 407
984 800
2458 2819
706 2152
580 1287
1942 2395
1840 1163
2631 1978
79 1447
1274 1113
474 2621
168 2423
893 101
2103 254
2884 613
1606 835
743 958
542 1040
2413 2942
416 1971
2177 731
664 1126
2769 1944
1649 926
2833 452
1899 2772
230 650
1041 2858
2186 2962
812 1747
746 1819
86 1558
1789 1763
1650 26
2316 2459
2409 1382
2418 301
526 2630
923 1872
31 1367
2934 2960
1848 1646
373 2552
274 1285
1758 227
1959 2478
2610 451
2357 1837
486 148
2816 1843
2126 2266
887 369
1837 2055
847 575
2398 2691
1806 1676
1946 370
1238 2480
2964 1147
2184 506
1582 1685
1927 2593
2435 1339
2895 1559
2662 2293
2241 2133
2903 2798
95 1809
1917 49
809 2920
27 1137
1897 548
1859 1594
2030 2963
1329 1716
1753 2954
468 64
694 2640
2782 361
108 2896
2321 824
2295 1943
1611 2134
1311 2728
1147 595
2133 790
2954 1753
1739 2587
2023 2103
1396 1879
2972 1314
2003 2364
1094 2334
275 69
255 1241
53 2288
2630 1847
2407 1837
2200 1946
1619 2326
1238 747
30 2190
1359 2250
586 1100
2818 1945
1189 2345
2012 2751
59 635
1741 1324
1438 643
509 2294
1880 1045
1563 113
1706 560
484 1911
1128 953
946 999
841 1346
1112 2412
880 914
1384 872
2503 607
2121 1669
2445 5
1832 380
2894 404
1871 881
2827 2465
592 2207
68 1579
1188 765
828 2147
1666 1622
442 2966
1802 1018
1606 2245
502 1235
2282 1200
2687 1483
38 23
2539 1462
2237 1225
1553 1938
236 2324
101 1946
1138 1692
1021 997
2057 1532
2625 109
487 1377
393 331
2335 2768
2029 744
2761 382
1998 709
2111 2721
2150 1088
910 1776
742 1214
1869 1791
1730 303
1437 1421
2123 282
1037 2322
565 1867
484 1495
931 1543
282 2761
2938 1003
1898 1373
2585 1736
2738 457
1436 677
2960 323
369 1000
657 2081
2099 2103
2829 2441
2569 1996
962 232
1037 1053
2188 1597
1138 1516
2924 42
2119 2258
1043 734
520 2754
2327 1496
613 530
1410 2601
2939 266
1758 2581
308 1800
2148 781
2932 646
802 1605
1667 2700
2022 1204
1392 2229
2102 2737
1434 918
1748 1227
2805 2132
2910 343
1201 268
824 967
1849 988
305 2242
265 2246
1214 924
1854 1657
1172 1164
2725 2841
2308 2862
216 375
514 1668
491 1008
2799 1870
1922 483
904 2333
1980 2022
1891 1469
2769 1698
2497 896
2564 1057
2071 792
2035 2436
1776 2288
240 476
2348 1335
2386 1543
204 1075
1711 1079
1916 2166
668 2013
1091 1295
2121 203
874 2138
2099 145
1676 2756
1735 1908
167 2498
1664 1326
2968 350
2748 2048
2169 2283
1081 2303
2013 1829
694 332
2235 2608
1273 488
1271 1600
911 337
1770 653
1275 198
1205 1168
26 103
2002 2211
1862 435
244 604
699 1054
511 836
2712 2531
2483 2103
1491 626
2154 2715
1888 2406
2403 656
1724 2085
319 1231
1398 448
1420 45
2234 852
2792 2280
2746 381
1290 457
2079 1386
2811 328
1105 292
2516 1440
1156 271
1058 1410
1968 2573
725 602
868 2758
2497 1308
166 2800
769 2902
1546 135
2411 1913
2757 264
1811 965
1986 694
2360 2039
1490 2546
388 958
2801 2522
1851 1201
2677 678
645 22
1814 1069
1009 2172
38 2683
2006 1121
1012 893
1680 2265
504 2025
752 2796
1871 1405
951 379
1451 725
508 510
1844 2136
484 606
656 1509
510 2458
1469 849
956 2256
81 726
125 2885
1972 2047
1881 839
13 105
2496 1018
1634 845
876 146
2281 1490
1882 1945
1405 982
1231 507
951 2814
1108 1357
596 2315
1564 510
570 2495
732 1340
112 963
414 1896
2933 2687
2550 2529
790 84
82 2291
2366 2347
1291 2103
2460 1025
1765 2467
701 852
2527 2892
2059 1815
1565 583
2415 2030
1318 2318
2796 469
221 587
237 555
162 1596
644 2540
1137 884
2473 1511
720 773
1473 534
1085 799
1713 2581
547 1779
1015 36
219 188
278 815
34 1583
871 2428
1773 652
1031 2160
1566 2929
283 2940
2716 1648
1980 1508
2183 65
2308 1538
2009 695
2718 2066
347 2019
2955 1377
1344 2903
943 1750
1657 886
448 2550
1808 2106
1180 2711
2685 2519
1067 908
1546 365
2276 2769
2577 811
690 1188
2829 2913
1834 1022
1108 1514
189 2430
864 1753
1672 937
2933 1825
1430 1929
2539 792
2606 2219
1315 2811
1619 194
2643 697
1786 315
482 2358
1607 2626
2944 2533
953 1033
514 549
309 286
320 2579
1117 1695
550 833
442 2188
1007 1927
2972 1295
505 1753
287 446
2879 1511
2562 2187
1008 202
2752 2454
2101 672
2408 2320
1815 530
1503 2208
602 1370
864 2618
767 2607
1216 2280
1864 1071
2103 186
1242 2857
1622 1537
2456 320
1432 1960
2376 861
2731 2080
2392 2230
1130 1876
1131 2967
2319 1753
2625 890
2637 244
104 390
2154 205
1753 2309
128 690
2599 10
2132 161
2678 1435
1585 792
1022 1174
154 943
2754 1360
387 2121
871 8
609 2103
641 2128
1300 1765
2615 570
1356 2563
770 1150
1103 522
1939 413
867 2356
2819 35
2949 2494
2843 500
2268 2807
674 2875
150 1749
1352 2820
1895 1324
2099 1109
2162 2919
925 1494
1911 245
2944 1259
899 1465
421 347
2307 1946
1435 2129
2243 460
1174 2041
2463 1832
2731 2608
251 255
1112 2936
856 2892
2402 194
2164 919
2286 1644
2654 107
2036 970
1299 1836
185 220
2869 123
1714 90
2103 611
134 2621
2743 1179
2118 859
1580 2321
1409 801
51 2580
1330 139
1283 1282
2165 130
2634 1589
2008 1003
38 1048
180 1966
2414 2721
693 2113
126 1561
301 1967
2664 1874
1198 2603
1176 2737
868 2536
1486 793
1686 847
2898 1384
2679 749
216 1305
1804 1169
2877 2325
195 1803
746 2466
2352 2658
1039 950
2530 2459
1819 2591
1334 791
2892 1737
997 2033
2276 1941
1651 890
634 2205
295 2158
1600 709
957 2431
933 2264
1199 2144
1266 1097
1683 850
784 20
1516 435
389 906
538 437
325 689
206 1260
2199 2266
2527 2311
2111 1646
2466 583
1301 25
1931 227
1051 257
1719 722
1882 1542
947 813
2954 2173
1348 2967
2652 1586
2888 1866
1584 2046
2733 830
163 2517
1768 2910
1496 1839
114 52
2135 1741
587 1032
474 2903
2184 2223
2590 2077
130 778
60 769
2614 613
131 2082
797 1094
1895 468
2651 2712
977 988
2718 2861
752 242
522 1757
2564 682
358 1894
1893 1378
1284 2299
50 556
420 1366
1645 2038
85 670
2780 2103
1266 1061
2737 2661
45 666
2319 1299
1098 711
588 1008
135 27
1589 969
20 1331
559 597
2613 2751
383 858
1246 2284
856 1642
905 1267
1643 1568
755 2454
902 2103
745 1296
444 2378
976 996
1459 1434
920 1219
2450 1934
2031 2859
111 1733
1416 15
2839 1629
1455 2320
742 901
2061 589
2614 1815
2134 1608
601 2607
1506 912
1952 2102
1072 2324
894 193
2091 2857
151 1833
838 760
1596 1839
598 2033
442 524
593 2277
2181 2888
1955 1263
102 1165
1874 1692
2058 1995
2359 322
2565 2077
1354 632
1318 2554
639 1852
2043 1417
2838 1896
103 1828
989 769
357 1944
2413 724
2485 1622
273 326
760 816
2874 1450
2428 2747
2189 2272
2196 1270
1995 2725
2153 2207
1743 2306
221 141
806 2284
1877 996
1868 2211
1440 1066
1753 597
943 1050
2805 534
2502 266
981 1977
2017 925
1661 1571
1918 1783
2610 361
1401 1528
1297 278
1005 27
591 173
843 2784
2595 284
2834 2485
512 2114
1861 155
1986 1921
809 1341
2869 2721
126 2438
609 1784
2686 1031
214 1850
223 1260
2575 1604
2103 2287
2767 390
604 109
851 1753
2315 3
2356 2650
37 688
2844 2575
2334 2753
475 298
1524 1627
2346 824
150 2653
2389 600
879 956
704 2787
1477 1183
2557 2333
1900 45
1928 2569
385 2612
906 742
2649 356
2031 2961
1249 2541
2808 2107
2748 794
1825 723
1081 1303
1953 2156
2061 2446
416 2794
2212 968
2968 2816
772 758
209 2233
988 675
12 189
834 1928
246 190
2743 989
160 2421
1570 2160
549 338
2688 1047
895 2702
2488 2298
1787 2378
2480 2039
2258 1662
709 1317
1313 813
2043 1689
953 1190
1606 2939
2351 1623
1429 1439
600 2003
272 1930
2103 581
415 2465
735 1614
1550 2509
775 1861
2469 436
2419 451
982 881
2188 2051
2962 152
612 2422
13 884
1259 1708
1890 2596
585 2397
2780 2103
2103 523
1632 1134
1013 675
118 2766
2270 1096
1063 1752
1527 2714
2873 828
1812 733
1961 153
804 2535
994 2728
2377 52
2455 1993
1097 351
496 1885
1920 1671
2522 2141
430 617
2391 960
304 2320
1497 1252
2421 990
274 1612
2576 2253
293 2074
913 1067
2428 2507
2368 178
234 597
2035 1987
1951 1079
595 1681
2650 759
2807 296
1111 1287
2625 1014
1353 1544
619 1272
2942 2965
481 94
436 168
2278 200
1512 61
2574 605
72 2485
728 1408
1952 1455
172 636
2783 151
208 165
1681 1423
2427 2174
2923 998
1973 2479
1073 209
2123 2289
1478 975
1029 1193
76 106
1473 2723
1649 1798
2362 2300
1853 2789
2051 1249
1787 2093
805 1223
2881 1016
2103 2099
1259 1593
2337 2375
1192 748
1982 532
1020 249
2320 2925
1394 1509
703 2679
2522 1341
1970 81
1378 1359
2151 1588
1771 1135
2419 1942
1171 1439
32 1382
1551 1243
2532 1458
1750 616
363 445
2531 2893
2281 2011
1094 1144
1123 21
185 2916
86 235
1659 1874
1044 1258
739 699
2809 1623
1611 1630
2731 123
1648 2494
851 1752
1667 729
2532 706
2837 2432
2952 2830
1262 2152
920 1764
1823 411
2960 2463
2810 915
69 2898
1589 1518
2242 1041
2399 941
1753 2791
1497 2067
2112 2224
939 93
1765 317
2893 1254
2395 2375
729 1113
683 960
715 607
1478 1576
1989 2448
1919 390
1396 1925
2565 1475
1966 1461
649 2461
560 384
807 56
239 1243
2548 2157
788 2002
2295 793
2592 1055
1507 1942
107 333
225 908
1201 1834
568 2495
579 2004
2847 1572
2215 1048
1203 2344
1786 106
2735 2280
2459 2811
693 1990
648 2251
1744 2165
2820 195
2304 971
2716 1482
1956 672
2891 741
413 1586
1318 1222
1979 1992
661 2067
2177 2408
2381 1208
1825 351
430 2577
584 1583
2933 1761
394 243
2103 2287
1009 525
1960 1899
578 656
1260 2086
102 1198
2045 2642
586 2101
2256 1353
1897 1609
2448 1748
642 2794
44 2771
2792 2015
1065 2024
528 1725
1933 2059
922 927
538 2629
2346 316
501 853
332 1921
148 1153
456 1352
153 1305
1525 1584
776 2336
2107 2133
2896 820
2119 2718
74 1679
469 2229
1555 1752
452 291
849 2553
759 2588
1019 184
895 1618
814 92
1804 349
2180 2361
1447 1509
669 964
1990 2735
449 1427
910 2194
1086 1163
2700 1910
820 686
392 930
2042 261
1459 2578
1968 1349
2406 2933
2677 2146
788 1950
608 2383
1528 1223
796 46
347 1162
2120 1303
580 904
2094 17
1816 1187
1015 2888
637 467
2390 1409
466 6
2635 476
366 972
360 235
2922 1397
1634 1828
1035 2623
822 2896
2664 1138
223 1369
17 1949
2520 2308
1487 138
1265 2057
2416 1900
1234 2874
212 896
143 19
1149 308
1827 1005
1766 1171
1458 95
1386 640
929 1553
634 1123
594 2103
1778 891
1879 459
1141 193
2715 1753
2028 867
1588 2893
1859 2758
1996 2000
649 1967
1090 2616
170 2375
554 1710
2927 2056
737 2364
1160 2354
1415 2115
2016 1579
686 497
2862 1579
478 2476
1652 2844
802 2103
2231 2852
646 2452
360 1220
948 1595
2267 341
1898 2381
2864 1004
685 2792
1013 1689
1616 594
174 2094
1245 677
2370 223
1031 636
644 766
2394 1690
2249 2241
524 2415
628 1750
2543 2847
2683 2215
210 77
2502 2490
1127 2042
915 366
2683 1756
710 2678
689 2421
1936 2641
2959 2318
194 235
2327 9
947 1875
2504 864
2082 2092
417 1166
2120 1738
2645 2234
311 2537
71 1816
2835 621
274 2445
1337 1424
2817 1601
2513 1957
450 2228
1576 88
1371 2692
622 2247
193 2434
1239 1682
39 1081
1233 248
777 1155
2528 1217
2236 238
1237 1076
177 2457
986 1766
344 622
1753 2388
2877 2732
2739 684
2493 2733
945 601
1292 1415
1965 473
648 826
1300 2105
169 2103
1695 651
1464 2810
2036 2926
1460 2345
1190 2618
2789 2572
2139 2949
1688 2324
2321 2491
2162 2487
1375 1964
712 201
804 2035
2412 696
1755 2364
2072 575
2229 1129
66 2971
2183 1492
1868 1705
1314 2174
1982 1753
2373 2089
994 2698
131 2332
2418 424
2637 562
808 966
1242 1374
1677 2282
2420 493
41 944
1005 884
1157 319
1720 1212
345 18
1956 2097
2847 796
2613 515
2551 787
174 326
2570 2125
2923 2790
2633 70
2757 51
712 1151
1789 60
2441 85
1708 263
1621 2041
2786 2353
1505 2956
1843 2467
1351 2020
1887 104
2744 2667
2695 670
1868 1592
1167 1059
1460 177
1366 361
1132 2949
1538 134
2400 170
250 212
526 1901
2616 1572
473 2420
950 1570
312 434
2170 2089
354 2830
2546 2658
1353 1374
2170 2842
2650 2299
785 571
441 2546
2570 1055
685 2735
2343 257
752 783
458 2899
2810 1345
2221 1000
353 1986
30 2123
207 271
795 536
1839 9
1246 1344
2170 1490
1560 2024
248 2747
2469 491
693 1084
1529 1154
56 1068
2413 704
726 1349
1793 700
2853 1364
981 335
1935 229
71 2190
37 2304
2920 79
68 1330
2825 2232
2789 1218
276 394
2026 1146
2120 983
1461 423
1871 432
920 2125
2251 522
2435 140
196 2702
2836 1165
834 2936
2302 1763
140 723
1595 240
67 1876
267 405
549 1906
2604 663
2637 28
858 2691
1547 504
625 141
2275 2167
2119 2233
2355 1426
2103 254
81 1129
302 975
378 1890
158 618
2443 2197
2909 2269
2745 1869
671 1998
1077 1430
2519 779
429 164
2167 2436
2616 2772
2479 182
106 2472
2039 684
2233 863
526 2486
2387 2103
1272 727
1549 2084
241 2447
2567 1616
2103 991
768 1199
2424 1731
1061 415
681 1753
367 1778
1466 2128
2103 122
993 147
13 2253
2048 2379
2202 1187
1731 313
1880 114
138 2708
454 982
9 1674
2587 2555
1877 592
2452 2497
2824 2916
618 2400
1037 2453
2391 2866
340 543
2527 1818
1418 1892
1427 1660
2672 573
2269 2349
2805 1599
447 1185
2097 1501
801 156
2385 312
944 1690
1667 495
162 1727
403 54
2335 2670
978 1775
2866 1367
2126 1477
512 1886
1546 1070
1753 2701
2589 1296
1296 995
576 2404
2427 70
1195 1783
2330 942
5 1690
315 730
1670 901
1177 775
388 1824
1498 2083
1098 1136
36 319
1753 2719
393 453
1207 2776
475 1954
157 2752
1842 1735
2236 741
1780 887
250 1280
1577 1171
80 2258
1132 2321
520 341
1753 2309
345 2069
12 2880
803 485
2461 368
961 885
1327 2926
2020 1491
1718 1279
1794 1422
958 1939
1893 1691
1380 2589
2796 143
1017 2111
2337 14
2693 1675
1516 420
30 899
2820 1331
1499 1884
2752 293
960 2261
477 356
1372 2210
1700 1106
2738 1495
1899 1572
2025 2075
1834 344
777 1549
1652 1604
1226 1594
18 1858
32 1820
2754 2402
372 2870
1237 525
1533 2275
664 2103
1798 1669
1642 492
1740 2918
1855 1267
1840 2091
1080 619
2117 332
2806 801
1400 2389
1566 2181
294 1745
1721 1191
75 100
1664 750
1162 146
1313 2088
223 271
267 939
476 1875
2182 2929
1040 1564
712 2594
2262 677
1628 58
2593 1072
1402 1142
519 2086
514 2383
1540 1675
1060 941
1435 2808
537 1624
1522 2159
1955 136
