2972 7040 1
2591 258
2629 1899
978 2946
1391 1432
1338 605
1214 2055
1770 88
928 2270
2902 2832
1637 939
2231 1599
1578 2441
1414 776
1550 1183
2199 1506
2077 1028
1962 1725
823 2507
535 1557
15 2449
2356 2457
49 880
946 1071
1743 1170
2391 672
2928 2610
2921 372
564 688
2563 2459
1930 2163
885 958
2419 1558
303 2911
222 2852
2027 1536
1213 715
426 2207
508 1231
334 2690
1902 194
603 929
70 791
1242 2280
459 2685
378 742
829 2783
1865 1423
1913 1120
465 689
164 1215
2312 2908
401 1875
967 657
954 2029
833 1231
665 946
840 1943
226 781
139 398
2621 2963
1188 1663
968 2833
1061 1451
934 1383
1330 1226
2951 673
1124 169
2050 768
576 2095
2366 425
2954 745
1542 2642
675 1663
1008 158
2641 431
2890 636
939 518
2915 1415
434 2199
2220 535
739 2919
123 2210
1033 100
548 1263
58 2778
1211 1819
2738 1325
1321 2168
1429 1867
134 1888
2307 969
2911 564
1003 400
64 409
2343 1411
2802 2747
697 1947
1355 1427
2293 1162
1478 1862
176 884
1402 1622
2390 1479
578 404
681 2341
143 1981
1492 694
1082 1829
2952 1121
1214 69
383 926
26 2726
2386 1181
511 1158
1237 985
2101 2211
1536 1409
2347 1002
1618 44
2069 2345
1904 1609
493 625
1722 2535
1847 1776
2406 148
2796 2215
2519 258
1999 886
157 713
2672 684
1338 1728
2279 1452
1013 2444
2461 2916
1654 76
483 1644
509 2312
2241 949
2660 1527
2048 120
2874 288
2128 1293
1474 120
1153 1243
773 670
2962 493
1695 311
1116 200
2881 2860
818 2741
1017 621
1631 895
2541 2573
1920 2004
2488 186
2524 1794
1987 2391
2763 1311
829 2941
1218 290
1287 1067
598 1605
1537 1340
709 1045
2644 495
2082 2863
122 973
243 2237
238 289
1674 2577
1716 952
260 1767
1632 1979
2022 2813
2606 300
1342 1626
151 2413
1874 930
1048 1125
2289 2403
1955 1999
2468 1595
1044 1797
2092 1879
1281 1218
23 2128
2021 1409
993 2510
520 1866
2021 2613
1537 1663
1780 1278
1257 1066
1072 2477
763 1795
2569 2230
1005 1436
1195 2301
2591 1261
13 205
307 2693
752 899
251 610
526 102
2584 129
2766 459
102 2108
751 2850
2686 1472
294 2825
1497 2432
1869 134
1305 1880
118 609
1895 924
2824 2736
2079 843
814 35
2869 287
2229 926
703 2181
1990 961
2075 1623
1925 2211
518 1114
2398 2310
2545 596
1437 2901
1343 1752
1972 10
2318 2586
2827 2744
2835 8
1508 2306
2307 1678
2947 2765
1371 2691
1530 403
2464 1687
464 2897
2268 1797
2560 12
1731 258
1962 2870
1244 1681
242 446
1837 1898
1514 698
690 1991
2822 1891
119 880
1974 2171
2516 545
512 611
1743 397
1105 449
2194 1097
2816 1016
2798 2112
999 2791
2597 1894
1284 146
17 2266
2636 2840
50 2393
647 927
1455 86
135 966
2591 1100
1457 1625
1042 507
394 97
773 1046
1875 1501
299 1534
2181 2752
1670 1857
12 875
1697 590
542 1888
1066 2170
873 1720
2428 1855
2787 2420
2638 1585
497 1878
1360 1577
2879 275
2518 1026
1657 1168
427 2317
479 2160
2591 2709
691 1582
2090 2385
2330 2025
2137 763
793 1201
1676 1192
1413 2638
2596 2733
2710 1784
2405 1184
2885 1628
1250 2001
982 25
564 2137
2814 1289
858 1172
1516 684
922 838
2913 1042
2430 258
935 1056
1470 971
244 795
335 172
642 217
827 1000
2747 2893
2828 1158
1833 650
1341 1712
1919 1953
1267 20
2057 1209
1179 2105
504 2085
2662 1762
76 258
2094 1754
1413 294
2910 664
277 824
1595 1614
1681 1290
1299 531
825 348
2560 1345
1669 2929
1852 341
2836 2342
2097 1045
2898 982
1224 2487
2119 1274
683 2356
2873 2710
2230 2925
2550 1281
2591 24
1101 258
930 994
565 1836
326 275
2127 425
2922 1613
1907 1968
2591 418
519 1319
513 2702
1008 2051
1450 1326
1390 258
803 2724
731 1133
12 561
2423 338
329 2221
2507 1448
1276 2919
939 1414
409 2293
2045 1560
1708 2684
347 632
501 1469
484 2233
921 464
606 1858
442 2433
1237 117
510 287
2124 1034
2747 1779
731 987
1768 2037
2262 2714
2393 795
2388 2118
2367 1935
1602 385
2434 1307
2499 1919
1154 1164
878 903
1998 862
290 2459
94 445
2587 647
1825 845
140 2592
1175 160
2640 2145
57 1441
2128 2189
706 1930
1219 2678
2358 2628
1610 1670
2780 1607
1584 1716
2947 131
1340 2643
2483 2275
744 2641
1749 2728
2287 371
1953 1176
1929 1577
1351 1811
2890 264
170 988
625 2620
1469 1437
2366 1267
2267 1132
1566 1758
1177 902
1810 1442
2573 2379
770 408
448 2528
1384 1596
1982 1470
2164 2129
1098 979
2368 165
242 859
992 2537
2258 2472
2364 1107
1599 1687
1026 1337
2899 940
2102 2337
1427 1380
1248 2618
243 2383
585 2873
794 547
1853 2526
1601 2420
2209 2508
412 409
2744 2138
2855 1906
1418 2222
56 1247
1673 1144
1557 2082
2478 1717
1058 504
2502 904
1776 2299
565 2440
2930 448
1933 766
1032 258
2586 1047
2591 2071
1976 2886
2844 291
32 127
2295 32
1256 1829
2122 2634
312 2501
72 1206
1494 2128
1732 1300
393 2788
1126 69
21 1357
459 465
1268 396
229 2876
2183 1720
2729 1194
2035 539
460 871
54 2315
436 2536
814 108
367 1344
2572 922
1987 2522
722 172
783 2149
1350 2894
1848 2683
2465 847
1425 1004
804 330
698 119
672 2758
249 2002
2591 915
1628 493
834 548
439 2771
2842 1834
1439 390
1328 821
1265 2370
871 2486
536 36
1345 2028
1146 2847
1019 1356
861 2343
1290 2764
2375 3
2835 2843
1035 1522
80 1277
1001 2532
204 849
2896 1734
2278 1335
1063 454
610 899
2701 1254
120 1602
1145 2380
1069 1671
241 2803
2918 2239
1305 2476
2283 1528
1840 797
657 1755
2458 82
891 2307
2203 220
199 1101
2172 2653
2417 2011
1329 2316
2303 2445
2953 984
1799 1849
2108 2405
597 923
2340 2377
948 817
2361 947
463 1015
2677 2635
2191 17
2766 2953
361 1730
1144 1667
2067 559
2880 2934
448 1156
2731 1845
2529 2532
872 1191
924 1371
1032 258
1083 1768
2373 1576
1419 2730
1382 479
2231 2464
145 2114
2349 1932
320 1758
1614 2688
601 2693
1312 2385
333 1161
2875 1604
757 898
1080 2901
149 506
1436 37
1615 583
2330 2746
1257 79
1224 1827
1924 567
2314 2225
103 2089
1769 1379
2513 1793
2066 194
1961 757
2752 1079
1899 1604
2591 1185
2174 1636
2290 2002
2833 2331
1641 563
1072 1029
1571 150
2814 1396
1708 334
1629 2304
2653 1624
992 123
2197 1047
217 196
511 420
2506 258
579 277
332 1897
683 942
560 206
2936 1378
1471 276
107 2652
1024 1173
1602 2571
90 392
1130 808
527 100
537 1901
430 1410
749 496
2577 746
253 2794
121 135
86 1388
2524 1107
436 1063
2440 2525
314 2145
340 2015
505 701
2256 429
2440 1989
1097 2519
528 1931
1614 2559
1549 2497
1098 1242
2453 308
2187 1053
1964 2904
2901 831
1828 1271
2535 59
2837 708
1523 1875
2849 730
1911 62
1789 258
1377 239
2359 849
1871 1710
2523 257
550 2529
1623 2921
2801 1022
1371 892
288 803
1301 1050
2939 928
2291 2462
2591 1962
455 1620
53 2271
2837 124
1689 898
778 1067
2876 533
712 415
1576 1191
2210 1860
1527 2576
2451 2274
716 197
2354 564
1374 2225
1458 336
904 2792
1670 2583
997 947
947 1597
534 1918
1383 506
2743 199
2841 2368
1737 1869
979 1193
1287 116
1482 1726
2223 2198
148 1288
1361 2621
139 294
2081 2109
2220 2330
2663 1666
972 897
1826 2789
1901 1402
372 733
2521 2838
154 2286
2911 2668
906 73
697 1662
2917 2077
877 1682
1958 179
495 1434
31 2572
1701 374
2317 59
1552 1049
1553 1460
734 2335
197 201
2527 328
256 1017
373 2447
1817 786
2135 565
967 832
2454 768
2566 2692
932 2332
1380 2691
2467 1228
1405 913
2941 552
1232 1264
1763 2367
994 437
1627 1076
943 1984
2345 2665
2771 1862
2832 2869
2751 2605
2894 2557
183 556
2883 265
116 2094
2457 1907
1959 978
669 1836
1335 951
1343 721
2575 2355
655 1917
2433 338
76 258
1729 2835
1668 211
1963 1736
1156 2761
505 567
2762 1420
1399 1698
2872 128
453 452
2676 236
182 754
1566 2742
159 1603
1532 1075
1846 2190
1704 2250
799 1816
1408 2797
1310 2468
1803 2311
2479 2431
1696 2548
2957 245
2096 2578
760 1428
827 2680
1561 1833
1858 986
523 260
65 1321
1638 333
720 921
2698 609
1008 2556
2193 451
2487 2369
87 1841
1207 2309
279 1015
2685 1606
614 1913
1166 1111
2332 376
29 1361
2705 1588
1110 1287
228 2563
741 1865
1122 1204
747 2431
1223 451
1386 505
1597 673
1716 255
2080 522
1254 1433
719 2240
2251 1881
2926 1519
1834 258
853 2028
1787 1946
2846 1876
441 996
2671 1165
2336 694
1093 555
31 1748
1590 1790
2036 704
2847 572
2136 1853
46 2836
1216 1269
1143 1970
236 2095
37 2972
321 2695
2591 915
1619 2776
1500 637
415 2794
1081 711
1039 950
1151 885
2949 1368
957 2519
2392 1146
595 317
1355 2406
2176 1847
466 1889
2001 2303
2647 458
1594 1669
2439 317
1490 2164
176 1793
902 644
205 2514
708 16
1773 72
2312 307
1814 2698
970 2221
2589 2782
1108 1525
2820 2275
2883 155
1108 1008
2955 225
2229 1549
1860 1099
2438 1500
2328 2834
2209 1484
1791 1341
138 612
2194 923
1088 1818
1354 2855
1827 2954
1533 1539
2969 1887
1868 2354
2817 382
1447 2171
1034 113
2817 1854
2130 52
2303 698
2020 2670
1401 1840
2408 354
1320 1054
1360 2108
2060 370
502 2059
37 2457
1710 304
1893 1189
746 2482
1850 1352
451 1531
1679 810
306 344
1483 1264
1126 1123
1976 2465
2451 2313
425 895
1265 1143
1722 2188
1663 2132
1451 321
2944 2839
291 910
327 2557
694 1036
810 1601
2755 1979
1700 1023
1922 2755
650 1567
1652 187
2044 2820
2588 2731
283 582
248 1181
2745 2932
1087 1812
2476 337
1272 2683
2533 1460
2196 1111
719 2466
1066 1858
811 2452
756 2839
405 6
2858 2449
1891 1034
2120 2388
1080 2867
2270 330
1421 2464
2940 2121
1907 2706
611 1622
1894 1735
605 2386
1326 197
583 2548
2321 1948
625 1240
2480 1940
2059 2084
2129 1238
604 446
111 1334
36 2781
2578 836
2768 2042
2623 1712
1496 2729
2525 1529
724 2111
1139 1268
562 2438
1062 2895
2871 1253
530 2272
1493 1375
1667 1745
1279 2161
1330 1494
1266 1588
185 1801
2786 1802
514 1027
2145 1378
367 256
933 822
2335 1104
2930 1503
2564 1935
430 2834
2868 19
1762 1780
98 2719
1115 954
1194 92
82 841
1579 1852
900 46
2269 672
1308 1946
2002 1330
2936 1791
1124 2233
1120 812
1073 2598
1809 1522
57 269
1183 1468
2595 538
943 681
1591 734
969 170
410 14
2668 1759
1538 2198
2661 2292
1979 19
2876 2145
171 894
2815 1089
1079 2362
2908 442
1659 1745
1682 28
1675 324
220 1985
777 258
2416 87
383 1549
2553 2914
1439 538
1828 2142
2163 2118
784 2471
1204 1881
2717 2023
524 258
2641 711
1993 475
1988 1704
2345 143
18 1555
872 2898
1574 751
2387 1146
1728 248
2855 2664
940 2080
2647 907
2104 115
657 2397
824 198
2436 850
927 1785
841 2876
1738 186
2242 1752
392 1399
63 1580
1615 2630
322 1324
144 2721
1922 2037
2002 2722
1282 2587
2591 1443
1488 283
649 2161
2019 2972
2612 372
70 928
2223 2263
602 1362
1791 2213
229 1633
2248 216
1019 2114
2053 116
1520 573
1026 773
2235 2520
1125 232
269 2059
1471 902
186 352
434 2259
2298 2574
2853 765
898 1140
2576 2349
1138 356
2813 1468
598 2516
2685 689
671 87
2294 999
233 1484
124 1529
760 1968
603 1869
1096 2263
1495 1560
1902 918
1499 1493
385 858
2390 1064
2805 2130
2843 2334
989 299
853 2542
2876 2098
1626 2847
997 1923
1395 335
553 2246
2284 2566
1458 1207
999 1485
1604 359
1419 2238
2079 790
1283 2529
1950 594
65 597
926 2497
2604 1664
2351 1486
680 60
380 1576
1256 2324
550 2358
2882 214
926 1958
1717 1863
1339 2711
160 620
1899 2354
394 2459
723 258
704 228
2449 2435
1729 631
1908 2777
2913 819
2453 996
521 2729
1671 1643
1040 404
304 1616
2465 2534
1525 1702
413 1674
261 1911
2315 1310
2270 1245
1648 797
2852 792
156 1490
2955 2062
1772 1476
300 2107
344 749
1067 1155
634 1806
1739 257
101 1217
2706 1777
476 1778
689 171
1573 227
154 2928
803 191
6 221
1970 2170
851 1787
612 1706
1683 1435
1625 1959
395 1828
1629 1450
1366 1457
1414 390
2590 1695
71 1134
2897 438
1681 2967
2334 2493
1664 613
1789 258
1264 1969
2923 622
822 1556
2861 574
1206 1889
1889 2009
2959 402
1849 670
2403 638
754 2900
303 1877
962 67
1898 1987
1153 1062
776 315
725 847
711 2586
2754 2664
2591 78
1048 2470
2591 2226
264 2800
2591 2709
486 2066
544 880
7 1207
2656 2611
1053 1907
1747 249
1706 2360
2042 2218
170 1816
1796 2003
1973 2234
1375 2531
198 1509
621 2570
1547 2687
988 1097
1145 2846
2761 2938
2765 99
657 1225
751 2814
1696 67
108 1925
245 1900
364 1905
2816 522
14 2065
2591 1261
905 2084
2379 1837
2125 1153
2552 1404
1501 64
863 1602
2709 884
1784 2069
1582 242
1126 443
2557 1751
482 2235
2808 2383
1309 825
319 2156
1105 1073
568 2033
904 771
2798 1596
1651 524
2379 1699
844 692
1882 258
283 1229
1541 2847
2626 940
48 2753
1118 728
2254 2476
591 865
1859 1886
1415 1370
2817 161
2955 332
2630 1477
2570 496
2611 2014
2156 462
2233 1838
2496 328
2483 2126
814 1371
2604 1920
452 2550
49 1704
1588 166
2163 866
1931 2488
2030 29
2473 2178
51 265
2015 1009
2323 1171
817 2184
2785 1571
2929 150
713 2308
2591 2172
2409 2212
1121 1294
2713 258
1896 235
476 504
2661 379
867 1651
14 968
257 1304
1909 1407
2743 55
290 2857
782 2523
2385 370
273 2561
2591 1100
2170 986
756 2612
132 891
1178 1654
485 258
2049 1678
1057 2060
935 2580
429 2538
1243 375
458 525
1101 258
786 1586
892 269
2630 1846
2591 628
2262 704
602 827
1162 1592
114 2395
668 2350
948 867
936 724
2028 68
2704 1895
606 1113
1351 580
2539 976
1478 240
53 2648
397 1656
2281 985
2180 703
1678 1949
2882 1259
2583 2122
2943 2694
2391 477
2157 1986
2398 1961
2613 2543
807 1121
1021 513
1030 1190
2799 2637
1188 2962
2059 199
1063 2878
2166 2656
555 1731
860 1868
2414 549
2342 1430
2309 2400
915 2870
1338 2773
83 263
2946 293
2886 159
765 71
2544 1412
2090 2056
1052 178
333 247
1616 2596
2917 389
924 35
991 97
2575 1630
2405 2200
1310 2805
39 827
2218 1512
2057 2169
1175 1830
2853 1444
1861 2293
579 2205
412 2365
805 2818
2052 1866
2878 1841
2838 657
2164 467
444 285
2629 1839
1944 994
1374 2032
34 2469
1707 677
652 634
491 1676
2182 261
278 1711
2562 2310
1456 1172
713 714
2271 914
2285 766
1485 7
2172 1152
356 836
2131 1499
848 2017
1819 2244
894 2017
2354 2793
328 1538
1770 1148
2050 1997
623 2652
1759 2770
696 1160
2625 2801
2940 333
1024 665
2639 991
1529 979
349 1315
1296 2817
483 2319
2200 2107
1477 162
2737 230
1791 859
1404 2296
349 507
2141 1895
1204 2806
2118 515
1467 1276
961 526
747 1978
1558 2038
1337 83
1567 1872
2579 1113
2015 2600
1918 955
1850 2283
2104 980
2969 1194
2177 2423
2631 2961
2666 1268
1315 1326
2192 2152
2908 2135
343 618
1232 772
1778 1406
901 1529
211 200
977 2
2903 1429
1682 1362
740 1084
786 1106
2304 2769
2555 1447
1301 1769
49 1922
1635 1570
1996 340
2064 186
2878 2173
594 54
1373 2344
200 1285
1447 2337
1778 1764
1982 434
740 1908
2598 932
2063 2086
870 2133
914 662
2366 1631
2301 2670
325 2418
2205 296
798 1070
1688 707
1941 1870
2857 2265
1335 340
615 2956
2082 2178
1474 863
1914 1910
467 1238
1827 512
2145 1076
562 355
1325 881
2588 2185
160 399
221 934
103 580
1520 520
2377 1487
1021 1366
2508 1209
914 2860
313 1570
1100 277
1441 905
839 2905
2050 2121
1819 2355
1676 1073
1667 854
811 148
102 1577
743 1522
1469 1080
714 708
348 2879
2190 1946
1493 94
1405 1014
1832 2374
2409 2054
1625 2160
1041 406
1662 1480
740 2094
1098 2830
1903 438
884 1038
2927 2880
2753 1466
1304 1516
1305 654
1762 1230
1994 907
1043 41
1259 2801
2268 2487
2763 56
1912 853
2236 1700
1502 2467
2481 1828
1362 1050
2731 173
1719 322
945 762
371 482
2687 774
392 2471
2728 334
1188 653
1206 1082
2738 2048
2794 1274
1653 781
1608 2634
492 141
1235 311
2072 1306
2506 258
255 1559
2008 2389
2296 1856
2137 2770
2359 1125
460 2554
1056 1463
1957 1991
1679 2947
1022 1916
2096 66
1252 1586
2526 2092
2813 2685
1326 1200
2273 1988
670 679
1554 383
2253 2874
1786 122
858 1701
2293 2055
1431 89
644 301
843 2268
2961 717
2721 1880
2701 1845
895 1110
304 1280
1110 1346
1644 608
1084 2777
640 1661
2306 2387
1555 160
281 2272
2382 473
1362 1769
839 2468
472 2413
1591 993
2153 1111
1403 1206
331 879
162 675
444 2503
2300 1282
648 1039
2828 292
2073 235
911 2770
2640 2098
2836 982
275 2603
2545 142
59 2156
1315 1580
940 2815
1230 749
929 2647
1514 2273
2587 1867
2553 2873
894 2414
2216 588
1778 961
117 2802
850 2546
1592 1571
255 2645
505 2325
1884 686
2035 1019
2960 2550
337 38
311 89
1551 2696
655 1494
1653 2927
1025 2859
767 377
2839 372
2834 261
1925 502
665 2811
1203 1761
2585 1933
1328 2165
188 2599
1611 2720
1550 2813
2906 1825
79 406
1577 2606
596 1802
1019 466
2276 1518
1733 546
2183 1812
2276 1265
231 553
700 997
1868 1740
2875 2970
820 258
2477 430
921 1940
2287 2901
1860 2302
2003 2073
1307 571
312 1061
2942 2085
2236 948
2591 1363
1982 1985
1144 853
32 6
2163 2935
2139 885
658 457
692 2182
1122 2779
216 2450
482 2554
191 861
40 10
1109 2179
996 2708
1218 1547
984 833
2574 1535
2342 1948
73 891
1375 230
2830 2280
346 1387
2887 1024
1114 1744
416 685
1748 550
725 159
2810 816
1742 700
928 498
2891 2367
2819 2701
2272 2478
2894 2044
1149 1236
1432 108
2440 1398
1315 2769
587 724
1540 2174
938 2943
2226 405
19 1342
1125 2790
544 1922
2253 2069
692 1221
1549 732
2041 2247
2103 894
1961 1689
2561 815
2610 2655
2244 1612
824 1938
1780 2570
1262 1525
2369 1942
2798 2671
1880 2798
2137 971
34 1598
2608 1691
2565 502
1630 1612
973 1479
1801 1892
309 2380
2056 873
2703 2559
1182 1348
2064 152
2753 2537
328 2223
358 156
1053 760
2149 554
1693 2737
1253 997
1152 1624
2658 2841
1742 1253
2553 2864
2159 161
1634 2477
310 2961
2502 2196
1808 2458
2013 2371
749 58
2413 442
529 2254
531 2363
1861 1999
165 869
2026 1156
2663 1435
640 2893
1969 2040
2011 980
1574 2881
875 2454
621 749
2806 2375
1526 782
317 631
2341 1804
1238 2970
1518 2806
1001 989
1392 1327
415 416
1727 479
2173 2896
2934 2754
2910 1898
458 2666
962 1846
2950 339
2386 2524
1100 2205
1887 227
1691 273
723 258
2945 295
2685 508
2855 1030
854 224
2115 1424
869 182
1892 181
955 513
2751 2435
2742 2382
1202 1921
1227 2261
2195 2795
54 1109
1657 2399
1179 2463
2397 1806
1886 560
1694 1746
2700 1738
2455 728
422 1576
2500 2371
2534 805
1712 2462
1905 2251
38 1657
1391 1766
2188 59
729 933
682 2673
1301 1885
2856 1311
2708 1593
1142 2332
209 1882
1068 1527
1740 1157
2724 616
313 65
1171 2944
315 1685
742 1060
2249 1270
1246 1826
1090 224
661 710
2735 630
833 2103
870 2123
797 1944
1067 593
2434 1091
2464 2484
2730 1838
542 663
2168 1390
1843 1956
1453 2510
2429 2396
2175 258
2619 388
1488 2740
1697 1198
106 2101
734 164
2715 1859
2632 1422
2673 2102
1229 241
1173 1783
2643 500
460 503
2491 1531
2658 1170
1766 108
1567 2076
2865 393
1603 2225
1390 258
2579 2493
2465 2349
1714 258
716 813
2886 2349
2446 2258
2030 1322
1649 2698
2075 1833
1652 978
1816 957
1896 1299
205 1859
812 870
184 384
1703 594
100 1419
1348 735
1480 173
2041 1877
2746 710
1151 2044
2253 2551
1753 258
975 2061
778 2795
1466 391
795 1895
292 2720
322 2896
897 441
963 1556
2380 1986
2433 411
2799 527
202 371
1278 2949
1794 1400
2643 2214
1085 724
2757 1491
1729 2701
1526 2558
1978 258
1411 1222
2325 423
1887 1909
2381 1742
95 1350
234 1681
1518 1257
1974 834
597 209
529 811
2116 1803
1441 251
1637 878
2653 694
1697 336
2367 1438
1066 3
254 2571
2776 258
2554 2486
533 1524
2261 1079
1565 1333
2305 2286
2064 2285
1150 851
2047 2018
1755 387
1381 2788
1990 1686
1047 597
138 1836
342 2763
2748 258
2910 21
417 141
1471 549
2642 142
2657 2942
1942 2614
1720 2779
1718 1832
2859 2562
2768 1616
2726 643
2868 2306
2907 2080
374 1823
61 2322
261 770
2415 780
2544 61
2568 977
1510 2675
2311 1559
2704 1391
931 1715
1847 2712
109 21
2178 1302
404 1908
1333 2597
1978 258
809 447
432 1226
2673 350
2042 2549
1745 2631
1963 1169
1192 2598
1851 873
2384 888
441 754
110 2697
1065 2099
317 2835
821 268
1923 1597
2863 1405
1085 2139
122 2124
2446 2237
2945 554
835 202
401 1646
765 2686
2267 729
2952 1077
420 2053
1691 2812
457 2948
1158 837
2562 1961
2638 2825
2142 2194
1808 2256
1087 2276
2158 334
119 1704
616 2343
2352 2321
866 2922
1587 2492
1787 2885
1936 2784
2098 1966
2730 2006
2545 1574
711 2197
617 1286
556 344
1895 1432
1650 2343
1933 1534
1800 2167
1970 1858
2 1366
1928 787
219 509
162 1188
1168 1032
521 1369
1377 2333
542 458
2525 53
1804 2576
2648 1193
2512 39
248 2524
2344 1425
2775 1150
1620 146
1358 2144
2411 2219
2764 2261
1821 323
230 1128
287 2439
104 2821
89 2782
832 634
1076 1341
1250 2426
1917 1320
2845 47
612 1989
2218 2348
2746 1138
2456 2625
699 1747
44 2855
2496 1601
677 1743
1997 1977
289 726
3 2851
1540 1013
2811 2202
1498 2231
1781 1018
2780 1052
384 2267
382 1203
347 2335
1038 1358
758 1528
1092 2378
131 1096
219 2428
2052 1649
1584 1475
2203 374
2535 319
1788 149
360 1793
2833 2186
1831 1148
60 2326
360 1499
241 2799
1010 2902
2237 1757
2100 2336
1309 1467
787 740
1857 98
771 850
169 2693
1363 2279
2227 1092
2322 2229
624 1307
2008 809
2927 1618
806 2937
2564 450
1367 1973
793 102
1925 269
1917 1995
2357 2406
1350 327
1482 1750
1341 31
1780 469
2242 1483
1267 1893
2791 180
301 2304
2713 258
1073 347
214 1276
2648 1223
298 2906
1711 91
296 2288
2095 2077
498 1245
1655 103
489 1775
196 119
252 1384
2074 1918
710 356
890 1743
1891 1504
1702 189
203 2422
773 828
1824 857
2699 1173
1005 1885
920 540
2897 289
667 1716
2848 441
515 2158
1043 2952
2468 864
189 11
2860 2689
788 1520
93 1799
587 1959
1864 2004
1489 2267
869 2113
2259 1684
2644 2249
1551 219
2306 1202
2331 742
1567 2521
1182 91
1758 2382
1824 1701
619 818
1981 616
2467 2209
1475 952
314 2936
45 167
1055 1301
960 722
779 962
2421 661
2696 2364
2646 2511
2680 1545
2900 2649
2707 2892
1642 534
730 1235
147 2891
857 1118
1185 1850
394 1510
2166 2833
2849 2089
468 1761
2522 1369
555 524
1497 2352
1715 2409
1755 2443
324 240
247 741
1884 639
506 862
2712 2763
2669 253
789 1009
2921 1567
425 1893
1862 1788
2244 2633
1820 2918
2903 983
859 2291
423 1605
1852 2204
401 1069
2212 1447
2121 2079
2684 2308
148 414
2000 2872
698 49
2124 1807
1873 1954
2539 2200
1885 942
611 72
16 609
2591 243
297 764
1160 395
2238 2483
1388 505
2215 520
2007 258
527 1037
1913 2149
774 1137
2543 1870
834 1135
1078 1382
1427 400
2697 683
391 1860
2628 1933
379 2290
1456 1877
330 2292
2505 1682
2615 1564
2873 2151
2720 231
2789 473
2760 226
2249 2159
2208 1038
1215 624
1642 1941
2550 2893
449 993
1533 1260
2338 1224
1586 2182
644 819
1420 1562
2680 2039
2804 1407
1187 1247
178 2700
2150 896
2372 2478
1148 1323
2541 11
2904 2248
996 2363
2591 628
2965 2465
1767 91
1575 58
226 1609
1288 332
2520 1896
202 761
2517 1629
2849 2590
1211 1391
2276 1059
462 1144
310 1642
1229 1820
351 1151
1949 817
636 1853
1292 2030
1569 1562
213 1102
2045 2110
1491 1701
1308 1188
2907 2816
602 28
456 2581
1059 2370
191 1329
20 420
2906 2838
2493 1449
405 1693
1704 981
330 769
1387 1969
1892 1202
2688 1281
2058 648
2861 484
1594 660
2421 2025
106 2565
2698 993
1684 1670
99 671
1217 2607
2591 2619
2555 1974
632 1372
1874 784
973 1807
141 1563
1659 854
400 2955
93 1026
1434 161
2939 813
946 2202
2665 2724
1218 566
1853 144
1494 386
1117 517
1740 2668
1149 1822
895 420
1280 2951
852 1256
1592 2929
1506 1742
1353 868
2475 1232
2202 1703
1352 530
2430 258
2028 310
2675 920
1228 2508
2006 13
1452 1765
732 368
1590 2542
1605 759
1521 2822
1805 2566
570 1702
1275 86
2123 696
1371 57
89 779
1491 857
2391 210
2381 2871
1076 2217
1520 2052
56 2963
1665 2010
841 2640
650 1073
2490 192
2278 1996
2597 1251
1343 2797
2297 540
1045 2890
1260 2001
2225 2416
162 1537
2422 659
594 498
237 2840
1826 2382
424 1867
2920 1217
71 2409
2591 2071
2316 433
2775 583
1386 805
1996 1213
638 2123
1692 2890
632 652
522 2005
835 1437
1822 2068
115 767
1803 1431
437 917
912 2471
1013 468
2313 1282
292 1040
1511 1488
2247 1982
1443 2653
427 2188
187 1256
1190 1064
477 1573
2908 2177
894 916
1157 2137
1002 2521
2591 1363
2126 677
467 2875
707 2577
2350 1486
2546 2629
1177 1024
2485 780
953 1294
2419 1600
1275 2147
601 718
2296 2774
1135 2392
1318 2767
1232 1387
2591 481
1867 2533
2542 1332
1845 2456
2085 599
968 2656
1593 2366
2634 2887
1817 1252
1273 2315
1264 2931
239 1900
2001 568
1197 1670
1749 788
1150 1477
1463 1631
2591 1100
286 2774
2332 2434
813 2270
247 720
2051 2809
197 804
790 1224
2604 1864
2147 1386
2547 180
366 2362
521 2253
2508 738
476 1327
1802 451
1234 663
678 534
772 1688
1192 734
2933 1293
1279 2544
844 1586
2878 322
2762 2043
2591 1963
575 949
2379 2910
952 2595
307 2177
1272 703
2961 534
1641 1055
739 1022
2550 1779
2396 1901
270 1736
1998 2858
59 1763
2065 1547
2455 1823
2447 995
2206 2744
120 2339
1013 796
27 453
2512 1620
2316 1343
1169 2552
2332 624
1718 1811
1155 75
920 1182
1121 2448
1063 1719
1070 2862
2599 2097
2832 1130
473 1488
2349 2228
791 804
633 692
1051 208
1718 580
2384 1709
2107 1699
2220 1263
2177 138
1094 2751
399 1389
1133 2505
1654 47
1797 2369
2924 727
2471 1117
1517 999
881 2339
1871 1992
1578 1310
1736 758
1876 422
1413 2176
66 383
2123 744
516 117
1878 1295
2503 213
1740 564
1685 778
1197 974
2623 31
653 2643
137 258
95 351
2469 1609
451 103
295 369
1167 387
2371 1724
1318 1423
744 2815
1378 1341
1692 2778
721 492
1546 2608
917 1667
2729 2874
2261 366
694 1864
1408 1222
629 1766
89 1448
282 368
911 971
517 1758
1324 987
741 2480
1812 1204
1017 1230
80 1370
1483 772
2101 2206
2026 2528
1424 1094
715 1009
546 649
11 273
2248 2482
2706 229
2500 1028
206 869
1159 1337
1845 1433
1971 2143
2829 858
1512 2924
2356 1461
2928 223
1610 1742
1422 2357
1333 1821
1759 1919
1031 1427
243 2205
361 2514
1323 1088
2719 316
2445 544
614 783
686 2899
1968 1102
1348 1087
1323 782
1481 839
2211 1074
1273 1245
1200 2864
177 2697
1609 1851
2227 1475
2114 471
1410 2352
1356 2796
547 935
1932 1367
1586 1410
2109 680
1920 18
592 2196
2028 1332
2705 1934
392 2134
331 109
2139 855
2580 536
114 1168
1571 1474
1898 457
2845 76
2769 1200
2078 900
1245 1310
820 258
1342 1921
2201 2923
1733 2912
2190 2885
1726 2758
1545 1065
1622 852
1829 756
2216 1095
2466 1160
188 1243
1983 1955
2118 2346
680 846
917 1826
851 1308
2697 659
126 1563
2401 1180
2411 676
446 2291
641 2661
783 2945
280 1839
2292 2290
204 2470
808 1334
198 2707
2100 2653
2867 397
1977 2338
2063 1990
1700 1093
2547 2877
2636 794
1448 674
1000 2039
1609 2060
2866 2481
573 1866
685 2940
2167 2861
2144 1445
2521 1980
2329 645
668 1014
522 575
1532 2765
2658 397
2901 2841
961 1020
1223 2491
101 2881
2946 1469
752 76
1054 2833
1404 2372
1787 1188
1397 1809
2288 1509
50 2603
2023 2284
145 852
92 143
2099 429
2767 1903
2951 30
1267 315
2193 662
1686 526
2288 642
342 1385
1457 1085
2473 572
1894 1843
2591 176
2130 452
1452 1260
1433 214
2034 1938
2802 640
2591 2446
1855 307
2834 2352
1431 2645
2344 467
799 2264
1307 2523
1088 1739
2723 1645
2879 643
150 863
2309 1800
2179 2281
647 1258
549 2517
2785 1166
2080 483
1674 2883
1177 2699
1754 998
1747 2926
473 722
1319 2873
2004 1555
2765 603
860 1839
235 531
1131 105
1795 2871
132 2909
2591 78
913 1958
608 1560
2591 579
724 855
2009 1623
2186 774
1113 750
2117 1186
2341 1275
2714 2639
371 460
1522 1599
1754 1347
2236 1746
1972 953
1081 431
440 2253
355 1760
396 1764
637 2555
1096 133
431 2241
2214 2252
2192 2364
813 1273
736 290
1607 550
2826 1848
2742 2789
193 1330
382 2092
2803 527
2300 1952
2472 1250
2514 2642
523 278
2726 2260
1176 2593
69 660
1485 2877
1381 1817
295 870
666 1682
899 258
227 1407
301 1450
1327 961
670 2790
260 1312
2165 268
2333 2703
1203 252
977 1902
211 2255
1676 1147
2914 440
1020 102
1722 2317
2501 1069
2195 627
222 1397
354 1523
2649 518
104 906
2698 1453
1990 177
1163 532
572 200
2396 1727
1563 1565
166 1161
1221 1805
1953 543
477 112
1744 1477
2093 2012
441 308
942 1053
1559 538
2531 2115
2153 2008
10 1462
1781 823
208 1657
701 2723
1302 2350
2556 2809
2470 1579
395 1635
1748 1283
2251 1891
1249 1280
2577 2248
1158 2053
2734 1430
1622 187
2853 931
183 586
2412 2832
944 249
2241 65
926 1476
728 2766
836 913
1869 2647
2960 640
1632 1801
2322 1458
665 1783
671 1994
1919 1795
2494 2515
1214 1594
552 12
145 1206
1165 2395
1580 1319
1182 2046
494 700
795 1391
2792 325
2858 912
129 2930
1633 533
1300 860
1602 2829
168 2700
1927 1337
137 258
1369 2551
2215 2736
2717 75
663 868
1779 1218
781 2880
208 1178
652 2434
1278 58
695 316
234 1272
2319 1495
407 205
1291 423
1255 762
2112 497
1296 1853
776 1893
2617 69
1852 2174
2183 1122
599 1360
2415 469
2941 450
1677 2734
1811 1818
873 1521
1467 348
1612 2101
2731 1254
1078 2702
2204 1636
1922 1632
1065 2256
1680 1466
117 17
1178 1119
2505 602
2336 2472
370 1521
2016 894
2142 2264
1643 1145
1340 2023
2439 2819
2364 151
830 1849
1056 536
1663 2643
2105 2765
1430 798
938 1763
2132 500
2051 2541
432 1917
223 630
856 709
1822 485
305 596
2556 189
1711 111
1160 431
2588 1480
285 2402
1954 2396
418 1725
308 1544
1872 967
1084 1754
1140 1126
187 2155
2825 342
908 1471
2711 2920
2338 1318
1237 453
674 393
2450 1735
1750 2013
2072 2603
887 1772
1014 2650
1159 1120
1163 185
1254 2456
1075 1737
918 2239
2189 2242
1004 1291
1476 1551
2281 2130
1900 410
2722 191
2877 590
1693 221
1585 345
329 1401
125 2773
993 1142
2356 1053
1808 2928
2144 1175
1358 445
842 240
1398 53
2154 2947
820 258
293 2287
591 2938
1545 154
2263 542
2304 716
861 163
1271 2194
2017 1702
2700 2488
194 95
2563 2857
2898 1705
1422 1031
2708 1056
2087 1094
1911 1179
800 2667
2655 2222
941 2353
695 2887
1566 649
2162 636
1793 842
2618 2606
1870 140
1513 1351
1629 1315
2850 1396
2462 168
802 45
2670 857
794 2677
888 1775
1785 2057
440 1784
2089 1695
2466 1081
179 2192
2148 1988
2642 101
489 2562
1236 1882
27 864
2766 1684
1995 2166
2593 304
1385 56
414 2854
2424 576
2619 2208
2014 1465
1302 2351
673 2300
1838 13
268 1819
757 1798
2591 176
1543 1851
1677 2321
2086 1686
2420 2198
682 2751
1465 2093
637 1255
1727 611
2758 1154
2591 2100
2510 88
74 2257
2931 2040
1514 2445
1746 1093
1689 1798
1519 432
274 1003
2138 777
1049 2861
2404 316
2207 675
1468 689
2143 2403
1075 99
2335 2332
2813 465
2748 258
2854 801
2142 988
861 2316
2752 2941
2045 1939
1486 706
1844 1021
390 315
1598 1312
1863 319
600 181
357 2421
2932 780
1233 38
626 800
1658 656
2936 604
1977 790
2463 131
759 1205
1370 2277
149 1998
2811 2772
1670 1505
1281 800
2567 77
2922 1708
903 776
890 1339
712 600
1156 591
824 1960
2413 1530
2544 822
297 2451
676 2966
1656 972
2053 9
1589 2836
391 279
2829 4
2578 651
112 1909
286 2826
684 1861
2835 2750
826 2158
1114 1150
1475 2311
1215 1323
2667 2611
1201 2108
488 1153
2522 2969
904 2436
2809 2573
95 936
2711 1656
1059 1257
1023 555
2877 1810
1131 2034
969 799
979 1831
1462 1354
2873 440
2592 1901
2481 1635
966 945
952 1559
638 2626
2712 2856
2524 421
1864 1219
1269 835
150 809
2357 1003
2134 1117
256 306
2370 1970
864 52
1897 752
2831 2204
1559 2775
529 2406
471 1561
881 1602
1705 25
639 2626
2006 407
1313 2648
2791 1697
1409 2543
158 189
768 2079
2915 1118
221 970
1294 44
377 1248
1983 1861
497 2395
1001 2628
2259 1197
84 1385
2141 1031
500 2566
2605 384
1070 2915
2640 1627
2812 2561
2245 1183
942 444
1135 2387
2959 417
1652 1741
2343 1343
2562 995
159 1374
815 1357
390 1744
732 2400
794 1025
2768 705
1280 297
1392 2086
5 2587
1966 2917
2958 2462
2175 258
1643 309
1303 2934
75 2937
2831 2174
269 905
68 678
2962 1221
699 1784
607 1566
1921 1588
1806 1709
2591 1621
2403 686
2582 2904
2167 1037
2591 2808
796 107
727 983
1207 732
2879 1328
2409 2673
990 286
2580 2310
2737 1788
1484 2179
2435 1733
2617 443
78 405
2624 1852
1519 655
2132 1805
600 416
321 816
635 1374
1113 889
1186 183
1515 2224
2161 1412
1155 1984
2511 2419
2201 1837
1481 2292
399 2212
1331 2424
1741 1256
653 493
335 2568
28 1050
651 2351
2271 1802
2579 825
347 932
2275 677
2932 469
14 2166
1872 1980
453 2802
1841 2091
1939 1822
2221 506
2179 1237
1417 1039
293 202
1685 2195
335 717
1246 2353
1572 2852
2959 1043
1948 798
595 1729
927 2209
1184 1428
933 61
2498 1018
1317 1176
2315 839
1000 2019
2376 1868
2953 974
1600 1012
398 702
1311 1247
2029 606
965 1328
2280 1655
313 1271
2667 2687
2319 608
554 1890
2767 238
130 532
1538 80
418 1736
1020 1929
1005 1769
1439 1114
631 1254
1560 2138
1837 658
551 2522
1022 1316
2904 1333
379 2926
2847 2863
2924 2903
677 1542
1311 2963
1908 358
2399 1032
2754 2058
1115 2574
117 2888
469 2949
485 258
2787 1096
1840 90
39 28
885 195
1079 552
704 2639
1528 2296
1782 367
2488 461
2885 692
1467 1449
2844 94
405 2771
1138 66
498 2315
1906 1417
1451 1671
267 2348
1132 933
124 1098
3 1971
690 1795
574 2233
594 1273
2614 1749
1052 550
2140 2705
795 629
2337 2659
1524 2217
2586 65
1650 29
819 1315
1717 2188
2587 1703
135 620
2740 582
284 296
2117 2326
331 2910
1529 2648
279 2320
1831 2411
1975 1514
1365 811
2047 2575
2098 1524
676 1088
1133 666
2509 2568
2482 2495
2507 789
1836 1730
1038 2741
2682 2273
324 2737
1097 2776
2965 2886
1505 1608
1734 1297
210 1573
2671 114
2591 2131
178 2358
66 836
2741 445
2109 265
161 1203
195 2282
1830 399
1241 621
2169 2805
1004 567
348 326
116 943
2076 632
2158 2215
1132 2544
666 1055
964 2840
2591 243
1646 1671
2686 399
2825 345
664 1987
662 1531
1695 823
538 1150
2019 1065
822 419
2776 258
1445 2686
28 2680
936 2139
2170 889
1958 2773
1846 1967
27 2130
500 2620
2066 480
890 2658
2736 650
911 2199
1923 297
2586 1271
447 2376
1575 2031
2856 2621
965 2260
2812 519
2273 119
265 1782
1394 2058
1873 1044
1179 2947
764 959
1583 1386
2666 1058
2172 1492
2339 2829
1234 1353
57 225
2597 323
767 1108
2784 1383
1034 2518
686 2401
423 123
499 2659
1429 1502
763 2381
632 832
217 2273
1268 115
2155 2009
2538 2640
47 258
2320 2512
531 2708
570 1546
2939 594
1915 2063
1581 1281
1603 1367
1327 1686
1802 662
1440 2405
2657 396
2302 1672
1767 937
1501 1983
403 2440
792 1516
426 162
1688 1674
259 1650
851 2190
2474 697
228 394
2477 1106
1738 2511
2345 803
2339 385
2607 1289
640 704
899 258
1926 610
896 1629
1683 1915
530 559
463 1099
2577 155
43 1304
2019 1808
2327 561
1036 562
2823 1205
2297 1711
1555 1830
291 2853
70 813
195 2807
1713 862
447 280
1363 1492
2455 1842
1988 1227
710 66
898 292
543 455
1372 2397
1292 1650
2788 2477
701 2536
2622 60
569 1767
2647 2663
2733 2274
2712 2299
118 1453
2960 2747
1125 1579
1026 1849
2186 2569
224 2509
1051 2854
1112 1482
1461 1907
984 508
847 1932
2313 5
1225 1806
2427 1300
1912 1345
2057 2179
522 2319
238 1393
447 1937
2134 607
525 476
2184 2175
1220 1308
1260 1199
1185 1169
1913 1690
808 1426
945 1974
981 366
725 635
1818 2501
2833 346
1530 2433
164 1104
462 1438
496 2644
2610 840
410 1320
2155 1829
1246 2742
879 664
548 535
2650 1728
1855 601
2024 1478
1759 763
1656 206
1850 2552
2720 9
1890 719
1815 933
2486 1896
2310 1689
541 1055
1029 900
1448 2865
233 2057
2509 2594
2927 1303
649 1517
939 903
2956 1964
2060 873
728 1550
1762 621
878 2366
2523 43
955 537
1673 1438
32 1352
726 1749
1316 1306
2043 748
2889 1638
2478 1722
131 1737
2221 1840
1953 1871
825 1449
166 2255
1303 883
2194 2168
38 114
563 1005
245 2703
2138 2431
685 1638
430 1497
2222 1627
620 945
2591 2619
179 219
959 946
571 2852
622 2424
126 1964
2255 720
1826 1090
2818 2723
1688 2081
318 918
1785 2508
502 905
2782 674
277 381
2664 1417
1705 174
1094 785
754 1544
2014 2230
2933 1054
1427 2452
2875 48
2005 1495
1995 968
2964 1902
2808 2237
1465 2530
533 1966
327 885
1620 827
777 258
36 2828
701 598
2274 1952
2238 1751
1751 2275
2037 2868
1784 2926
662 2849
2566 753
2277 1183
645 510
2854 1657
2900 2378
1751 2126
1101 258
528 2262
2292 1377
2123 1180
1242 1770
2115 1713
2620 2154
2180 2535
2582 2540
419 1697
354 401
768 1977
1772 282
1032 258
486 1902
2954 1773
1742 2583
909 820
922 1931
2591 1363
1560 747
2364 421
1502 927
1058 1778
1416 1
267 1512
2926 2002
1388 1004
281 559
2174 796
2131 884
572 1302
693 2127
1557 710
2957 1595
1692 2162
989 342
1719 2823
1677 770
1457 587
2259 2953
427 797
1037 574
1510 1587
1099 2512
2239 1085
736 2563
42 1085
2060 2183
821 2047
496 1368
2025 1446
1766 106
613 1445
2924 1952
957 820
2203 1982
2479 777
2275 1945
2439 1729
1842 1550
2558 312
2485 830
2376 2041
245 1614
1774 541
2816 1089
541 203
2645 2775
1795 1176
2319 2045
2759 511
1379 2972
47 258
321 2600
2119 685
557 1292
2706 841
244 2141
974 1505
2591 2172
2062 1897
1011 2676
2823 1324
2024 1693
1191 1705
949 1149
232 1434
1016 575
2469 1057
1104 1526
2412 2461
633 2328
2627 2754
451 2849
1694 1596
2365 1214
45 2930
2794 685
990 2372
549 896
223 840
771 325
1077 1294
2785 2929
1187 2760
533 576
721 417
74 1135
1889 1561
474 1012
771 1732
304 705
1219 121
1349 413
2761 1813
615 126
2750 2882
232 2159
705 2549
888 2725
1415 1842
1314 378
1792 1928
443 2502
1753 258
351 327
2291 2191
1180 2641
1617 966
1720 1204
356 2229
506 1874
2426 568
2280 2411
264 865
129 739
2865 1381
429 1418
2419 474
2317 930
2121 1977
768 2543
2143 2224
699 379
2411 1351
2088 1743
457 2269
2592 2954
2140 2889
1060 2093
719 696
588 1124
2234 2173
2378 518
2591 270
1636 623
2651 2647
2447 1498
2124 1504
2457 285
838 1738
1190 2745
2324 1239
352 1600
2508 446
1782 2495
363 2243
387 2859
2669 2362
1006 75
1525 158
1830 620
2829 1491
1497 2836
30 2274
2117 367
512 745
837 9
702 2712
2328 584
2793 688
139 2176
2186 2014
1528 2272
685 2050
1195 798
136 2654
569 1312
2269 1726
869 456
1959 855
1910 1949
1726 2500
1161 741
660 1166
1879 2798
2591 270
1055 1951
2846 886
1321 209
1940 2120
2810 1983
2092 1880
155 2482
339 1972
1866 1591
674 1381
180 1229
590 215
395 313
204 1125
1054 2475
266 2302
1798 292
171 908
1597 764
964 1755
189 656
758 990
778 627
2199 1197
708 1098
1837 1286
1483 1349
2627 1394
2571 1456
224 1883
345 2856
2572 178
209 485
480 95
1673 941
994 2694
164 88
579 284
1882 258
688 690
1610 494
628 2336
1627 1378
2690 876
2227 2900
567 1680
1859 2616
1536 768
1700 867
2139 2111
1038 94
2805 1595
2591 579
810 2968
1208 2597
589 1990
959 2811
687 394
1623 2839
975 713
2308 708
1426 2298
2591 628
737 623
2051 2606
1365 1305
455 1284
468 1914
2609 1530
986 2143
988 1619
502 2743
1442 2803
341 2444
1455 2344
1018 2507
759 463
836 1103
2919 2072
1123 2502
735 2276
1252 2328
1606 2490
2537 1957
1668 333
1500 874
126 2582
2622 1662
730 1695
538 2630
2828 1611
697 2588
2621 1043
1512 581
346 742
23 386
2689 730
1283 2358
584 625
2030 1776
1640 2629
656 331
1016 2197
1042 63
1161 250
2417 1468
235 547
1197 494
294 1847
1639 50
884 1493
1661 228
1649 118
203 1951
435 897
2497 179
1935 2327
378 1387
71 682
360 2679
81 1292
2404 1177
1385 1187
1595 52
842 1375
1993 755
1327 1406
339 40
2132 2284
539 466
1952 1429
976 2107
1932 436
2425 591
456 2227
590 1442
1449 326
906 2466
2207 627
2715 1542
190 1241
1675 1478
2211 2743
2487 238
1169 758
185 1508
111 1548
2848 235
1607 1210
316 549
2443 373
1464 463
305 2271
1235 255
1261 1152
2254 148
2777 156
1857 1231
2728 470
1792 1140
1539 562
1723 1352
2448 1354
2450 2662
280 1868
2040 51
174 2829
2199 1610
1568 1684
1698 517
855 2946
643 2393
1603 436
1173 301
400 2691
2062 1174
2212 2102
1438 1590
908 916
2591 418
1050 1379
391 266
1227 981
1176 1992
777 258
552 2119
1108 1248
963 1554
1089 2197
1080 2658
891 2049
1699 1898
1396 2590
590 241
770 62
2739 1724
2459 2902
2591 2513
1734 2086
780 2359
2365 2293
1777 1011
2349 1603
2744 2971
2110 747
1228 604
21 487
985 2888
2578 1405
317 618
2346 2728
1394 2664
1539 18
1865 464
1034 893
1854 1203
2219 1088
607 320
163 433
651 913
1364 2692
1492 1624
1856 427
1211 629
664 487
2940 1997
671 2234
2791 2877
2591 1962
231 1908
1191 881
2718 2660
1940 1930
2767 2369
2234 1841
2591 360
1142 1215
1350 1151
121 1830
1339 1170
1767 1348
228 290
12 2027
575 2045
760 213
1109 2441
2249 2817
587 2160
246 268
2340 2474
1788 2115
1117 320
723 258
2359 2644
2129 1899
2280 1513
1429 647
2551 92
140 1827
1120 83
1869 542
603 133
2110 1212
147 2156
105 990
783 1690
2331 2014
165 775
867 2184
1789 258
618 2750
316 902
268 2018
2819 2731
194 2239
2952 953
2514 2545
1023 1651
1821 1894
1095 2312
815 487
279 1099
593 1984
937 262
2347 1147
1757 2288
2034 2567
560 1007
1248 2556
1721 879
1 748
1189 2195
1522 412
2122 695
979 2280
1596 1093
738 1237
1410 2432
2154 1532
1752 772
976 1721
955 1078
15 785
250 2268
639 2047
387 489
2807 2088
580 1781
25 2020
2071 1675
2591 2513
2287 2867
673 959
209 1390
166 247
608 362
2326 2515
2964 1021
2514 2616
2912 1815
745 1019
537 1727
656 2812
1476 368
2230 2916
2461 2925
420 1287
490 2800
2476 414
26 965
951 2782
1572 43
623 1910
482 1796
2146 1095
991 1510
2664 648
1721 1699
2821 73
248 2364
797 938
1699 658
2790 1540
1106 1589
59 1756
2933 2674
727 223
1570 2194
1428 2923
2857 2329
262 1122
1612 2005
2348 154
62 2463
2355 483
2660 1976
855 501
910 1444
2841 871
99 929
2518 1927
1534 1569
2909 395
637 945
2303 1760
1387 2931
2742 1517
1535 606
2795 1006
2095 389
79 614
558 2035
912 2134
787 231
2786 2193
1600 523
442 403
1403 466
681 1068
2068 258
1364 725
700 1608
291 2531
2257 1202
582 2066
524 258
2727 2858
1758 1517
2127 1631
517 2742
73 2909
1259 348
764 2313
112 1154
2957 239
523 920
2321 408
896 819
2151 2253
1129 875
2171 548
465 508
1430 2496
2363 878
1185 1723
729 1127
2491 1718
2370 1066
1334 343
2591 915
1083 1163
2469 2090
1648 2317
1222 1043
101 1007
1009 22
630 2467
1113 26
2532 1933
181 1921
1409 2079
1983 1145
509 472
1878 1789
2290 1519
722 2740
1321 923
2520 2636
475 323
2558 1739
1486 1728
1596 1165
282 1552
2152 472
2530 2615
846 2326
2323 2324
1739 2501
1199 568
942 2457
2431 258
2774 1717
2652 1949
1559 1615
1134 2751
1881 79
860 1899
601 1838
254 385
1572 1523
17 2036
958 2282
2802 2036
2353 2789
2591 24
1206 2155
167 2026
2125 586
2499 690
229 1331
2918 1033
779 1696
1074 2479
144 1305
2687 2412
932 652
1353 1139
58 2162
2450 256
1391 814
2089 2374
62 2527
805 701
712 19
2032 2416
1879 1694
184 1489
780 1048
1287 1771
2373 2738
2399 2430
2854 1178
1978 258
2944 761
687 991
1921 2473
1790 2021
1703 1258
2542 2631
376 1091
175 1904
774 2461
1538 1415
1793 1493
877 602
163 1343
2599 709
1430 2527
1519 1330
2591 1185
1711 2046
1596 497
789 2865
177 2422
706 2120
588 1855
1389 1447
474 523
1173 2811
1442 1800
810 2787
2736 1676
1059 1143
1372 634
2032 2651
577 1733
1163 1632
2603 795
756 2921
273 879
817 1619
136 1765
812 1890
2884 2636
262 1812
2252 753
2899 2575
1473 1585
647 1553
2645 1615
2863 651
1770 2411
1531 730
1938 77
1730 2616
1800 1049
18 121
999 2547
2552 1528
187 2323
1760 544
1803 255
2112 114
1150 1220
1560 1212
2557 2820
1291 992
1107 1400
1361 2959
1736 2552
34 569
1330 23
2427 447
2159 1854
677 1339
2033 874
87 907
2620 753
919 2741
995 1421
237 794
212 2752
288 2722
99 2651
22 1072
2091 589
1657 1119
1734 541
1304 1501
2201 617
1866 449
250 1865
41 1121
2452 2955
1946 653
98 2404
981 2669
340 789
2707 217
2245 2417
2477 1835
368 428
1658 1042
315 1189
1583 2534
2351 125
2226 439
1735 1017
2061 411
2646 687
1832 2278
782 354
1891 1041
558 745
2528 490
2022 459
2750 2334
634 271
1735 1762
1515 2403
527 207
864 1614
421 2413
1623 2347
1507 805
2923 1286
2793 2499
2649 1439
1297 177
1681 2683
750 2726
1239 761
2385 2183
420 1346
2459 1587
1537 2717
2058 973
22 2788
968 2667
2633 2565
1149 209
2847 2178
2943 437
2711 560
1111 1732
435 2848
1613 2684
233 1109
1818 1996
2919 50
966 1255
1511 2547
684 2365
487 1496
1875 2810
2329 2832
823 951
188 1062
1216 2946
1141 2204
1407 1292
1985 1568
1346 1067
1702 2608
1531 2089
69 1669
1366 1382
2056 364
410 1995
792 2672
2761 1422
1646 302
1003 1371
2251 2124
2344 1388
1365 2254
750 965
2792 1490
2335 652
2130 2960
402 2952
1626 2473
236 1750
2523 1523
1870 2429
2209 242
2461 2340
1434 341
1290 212
2065 2667
2709 619
2501 1451
2040 2407
2594 1454
2690 1814
2949 2644
1805 2620
607 546
2675 2297
143 2724
739 1503
733 1825
1911 1679
1145 1999
402 807
2449 577
2695 309
408 810
81 398
2362 1129
2656 2331
2537 690
2204 737
1903 289
1361 1222
153 81
1636 2307
252 1694
267 2039
2081 51
952 1439
2463 2968
1513 1718
78 32
1375 910
1924 1291
2636 1299
2591 2226
402 41
2827 1074
1369 1194
2565 2827
543 1710
2905 245
203 1005
409 1214
2334 825
1736 105
950 1026
878 1414
612 1398
2871 1992
636 1270
2529 2628
842 291
825 750
862 912
1325 120
323 2662
1690 554
459 984
1818 1061
1166 2008
1260 562
40 2927
2893 1218
2950 175
1035 1516
2852 1809
1069 2810
1468 980
790 1044
1054 1314
742 1969
1236 2068
1611 787
1503 2528
991 474
561 2454
8 2882
1065 2458
742 1465
491 2347
972 775
2917 2780
35 1925
1088 312
1704 2755
1549 1476
2069 193
2862 1118
1614 1581
2431 258
1298 2055
1502 1553
1555 135
1774 1641
2299 2621
1536 2121
837 740
1170 560
1346 1771
297 673
1362 1000
1481 769
1340 806
2454 2613
1967 2885
2240 1160
2702 1402
8 1309
1534 2950
1811 2278
2819 631
11 331
175 1653
1274 2940
195 1469
2424 236
2725 1809
2248 1821
2693 138
2358 2585
1270 2526
200 2350
1344 188
2085 1108
834 2220
1588 211
2360 2786
2394 1819
540 2046
1055 1005
859 2958
923 2713
1190 1956
1254 2882
2376 303
1594 2785
2858 392
1577 2232
1783 1071
2471 1965
970 882
2462 922
2637 1350
2732 1487
2800 1365
2681 1569
2820 1707
130 185
609 1831
733 2838
1793 324
2591 270
1285 921
749 1692
868 2011
113 783
2179 27
1511 2791
1765 1975
1420 175
1466 2210
1389 2000
2018 2244
2771 221
801 2842
876 449
1021 1078
707 2540
1406 1020
2696 2152
286 234
2548 33
327 2111
498 1578
2032 671
985 2960
785 2605
1319 2864
966 130
1618 883
2390 1039
1109 2169
225 251
111 1426
903 1267
2821 2240
967 1372
819 1450
1241 1780
2548 2190
1552 2167
1660 1634
2438 1617
2454 1409
1456 2247
593 2718
1579 1540
2564 2560
214 739
2734 408
152 1416
2436 2427
128 2330
205 1730
2826 2180
863 254
1172 2106
1292 702
895 2504
1986 422
2106 911
980 2016
416 1266
2242 1232
1969 2081
154 2256
2059 55
2012 2622
2383 1757
2614 826
1782 1186
983 647
934 149
1193 1513
63 2561
1140 1040
2288 1975
635 1075
2492 510
306 1230
2107 1837
2433 714
2272 1856
2243 1796
2755 712
2654 1975
2669 415
1504 113
766 1569
959 5
308 2363
1490 2418
182 2227
1639 275
696 2641
79 3
2515 188
2145 1524
727 2735
1860 2320
1745 224
2402 2538
1944 1399
736 566
1747 2290
198 77
2710 944
1834 258
2883 746
454 2823
2683 1196
730 2374
88 1323
2884 237
2851 2945
1184 2201
1890 2133
2680 2348
465 833
2752 366
1199 2438
22 1634
2103 908
855 195
1041 113
2868 1892
1839 2911
2859 2398
605 2192
2077 2739
2930 1022
1424 1134
106 1644
1425 1924
2756 427
1954 537
1245 769
472 307
2842 1789
1458 1772
545 1860
1297 203
2010 667
1533 1036
1220 2207
2652 948
350 499
2027 2021
1613 713
2348 2305
2007 258
170 817
92 557
1414 1267
298 733
1977 843
1561 2736
1345 1790
2083 174
909 1753
709 2031
1247 40
1240 1179
1741 2323
2554 2520
2757 858
257 1646
1579 1434
728 2022
1842 2277
871 435
2101 2827
673 2313
333 365
238 1942
1905 2822
2116 1235
1544 939
2415 2570
1103 2497
865 529
1501 684
1838 407
2196 771
1799 773
2202 2939
416 2889
2056 370
2782 962
598 1645
854 2631
1626 1934
1628 1221
272 219
524 258
2920 1007
2692 635
2256 2610
1487 1947
2238 2006
2031 2890
276 644
407 361
1036 1219
1606 2016
2149 812
1329 163
2418 2129
2667 2186
1062 167
1641 203
470 2308
2583 1608
2083 25
13 1945
1203 1879
1573 1909
404 553
2517 1783
24 2870
1378 2213
1233 2671
2375 406
1344 556
1262 1008
897 2453
2591 481
13 2715
2531 1128
1593 1463
691 1228
1389 350
1042 2812
2484 2617
1142 1104
1997 1161
269 1926
2410 1976
2513 2679
281 2296
1764 377
1079 450
51 680
359 688
620 1389
1988 2764
2152 151
1703 2533
2309 1552
688 1919
770 1679
724 1216
206 2607
2489 1265
1751 1707
2749 1938
67 1967
856 1575
1348 262
1309 1259
982 1195
314 1627
2104 1606
2964 2
1843 1762
1632 2868
828 263
1295 258
439 127
2590 1803
937 1087
2240 2909
1263 2746
75 2660
2168 2713
1814 16
629 1432
2950 2760
1230 1575
1010 2329
2735 1502
2444 107
2234 1683
1468 1606
1816 1619
207 574
2381 2601
2247 1157
875 1536
376 271
1939 1212
2881 2814
662 2689
654 1233
197 641
807 10
1980 657
807 953
2180 1863
2230 2530
1612 1644
2438 2033
1147 347
2382 960
56 339
445 765
1714 258
2456 1259
2471 1698
1432 35
422 2738
995 757
2592 512
1380 2955
2098 1076
60 1186
2002 655
2362 2794
1987 2948
2188 147
2196 2436
2316 2242
1757 2654
1900 1581
1960 1509
1775 1961
2603 2704
1239 363
2410 1364
552 1129
265 60
831 2554
1678 799
1175 2686
1807 893
1073 2076
1386 2228
83 104
1312 937
1107 218
66 651
501 293
2426 1514
996 1637
571 1397
1822 1882
342 2681
1167 2443
835 1239
1731 258
2103 2719
508 2103
84 2681
2688 1779
1725 758
1316 2632
30 2924
661 1138
444 2099
2404 1471
648 1807
1935 1590
352 1558
1198 2309
757 1792
167 448
375 448
1951 1436
2016 192
675 1340
2395 1295
1769 37
1882 258
1270 382
240 1788
2031 1027
2292 2905
2071 2024
2211 2059
1385 2950
1095 1124
941 1667
2916 2012
2160 978
2044 2483
970 149
271 222
822 1485
2688 626
975 2684
987 541
558 1393
221 329
2530 2407
1997 365
1164 1473
1137 2340
2889 2940
1674 51
1452 1250
1783 2304
2362 2119
1771 593
1243 2097
389 1748
1763 1673
908 2414
386 2189
2400 2216
1255 1974
1454 2
2622 846
44 1394
1300 280
276 896
1479 2518
1576 2048
2708 693
841 1633
1991 1871
1162 2785
2941 2560
2760 1653
1461 760
572 668
2515 802
2213 2958
1798 1611
1696 393
1412 1485
1936 329
909 2175
951 1448
1960 642
289 2935
1029 1106
2857 2902
1756 462
2262 2646
461 2419
1091 1572
1839 1604
764 665
1275 1583
1678 170
487 521
839 2957
2184 1731
2320 877
1050 2019
2580 1463
1585 342
2232 2200
1690 83
1582 1791
2965 725
1455 2164
1398 2360
1240 1679
2146 2428
1480 2515
615 413
658 1987
2169 27
2659 1132
1226 2933
443 592
58 1368
1557 2096
1628 584
46 2898
1046 263
930 2943
1766 2633
818 1664
580 2278
2097 2026
1942 539
2258 1452
1020 1360
456 667
1112 2391
2114 1889
2425 490
260 1182
1089 2241
6 2067
1195 2020
353 691
1314 2331
1087 2489
934 2221
547 2708
2256 2437
1707 2088
1605 1464
2448 1993
1201 1440
2945 2224
278 1182
489 2398
2946 835
1790 310
495 2159
1938 2707
586 2599
2679 842
110 2422
2133 744
2537 2210
748 1598
1484 1209
2721 1879
364 1521
1157 1470
2727 15
2628 299
2095 2500
275 2393
566 2857
2568 2964
1858 26
2931 1674
2070 117
1036 1199
604 859
882 1998
557 259
2489 954
1132 1127
2800 1355
1247 807
937 2183
1398 1313
2534 1932
1832 1781
76 258
1069 321
1885 37
918 1457
1208 475
775 182
1834 258
2170 2851
137 258
2135 403
907 525
1558 1012
1086 2564
2914 521
2009 1833
1580 2553
151 2908
479 1652
560 165
1445 1715
983 630
1133 1641
2136 646
536 1336
1225 2443
1647 1482
268 2575
2654 642
1624 1920
1416 1558
1835 1589
2867 2841
1308 675
2423 612
971 1610
2591 2226
717 977
1854 468
797 930
2591 2295
669 205
1116 2255
705 2596
862 392
2643 2284
830 204
2692 1532
2091 1392
798 328
2591 1185
1122 1518
340 715
754 1637
2497 1551
1024 959
901 1098
1752 615
2559 626
1961 36
2258 136
2133 2466
1937 1456
157 2061
2120 2163
1844 2429
1402 72
2852 1035
2591 2131
220 728
680 2117
2048 881
1167 1025
403 338
1356 788
1527 2465
755 1030
1724 1001
1682 1301
2519 258
2727 1094
2760 40
513 1382
1464 279
1569 175
2200 2201
526 1201
2630 851
831 503
1178 2399
173 802
2282 890
2305 727
806 2214
1231 908
2809 11
1764 599
2591 579
2110 1236
2219 2966
341 737
1578 2169
1222 417
2700 2064
1269 293
576 1750
1438 853
2311 2595
1303 2627
86 1425
1784 249
618 1535
1466 1957
2713 258
1544 878
1509 2682
882 1713
2591 2295
650 1147
1975 2303
2591 1261
2389 1459
2513 1675
1893 1110
1376 1911
2166 1314
2894 2238
2806 1041
646 1365
2780 1748
2414 2150
36 1798
2157 2078
1967 633
2595 2775
625 1911
2534 2228
785 577
1202 1626
1146 2473
1866 1192
2840 1025
2 918
2136 865
595 2298
1547 2611
2082 2578
1181 1107
2969 1573
230 2115
2628 2285
2165 1211
2099 82
1432 2633
1912 1590
464 1903
411 901
2703 410
2772 716
2830 1193
769 2957
2888 640
1050 1545
1295 258
1010 2412
1280 2596
31 1052
2591 1962
2025 1138
667 1092
1186 1344
2570 2949
2771 1936
2840 2677
526 1360
2004 1175
478 1888
1756 1673
2120 1181
2277 2417
1807 950
1773 1403
2339 2757
1877 2668
1823 2259
2224 638
800 566
1131 2749
2033 956
2968 603
270 1131
2087 682
1756 437
2504 837
2492 1130
2067 329
1128 2727
8 2456
2606 2573
2895 2031
1233 2854
2495 1735
1251 190
2568 486
1992 1249
352 1
1981 2030
384 2912
389 2739
2566 2154
1086 2941
1031 924
2090 2060
68 2613
2043 1562
1595 1900
299 766
2392 1541
65 1149
168 1931
1551 2146
808 595
531 935
1256 1171
2872 357
380 872
2361 1923
901 1313
1134 2054
2122 2404
52 2550
1675 1693
2210 266
1591 1453
1712 1052
2807 1080
980 2460
2000 834
577 1117
1200 201
2255 741
1053 2503
1447 2872
704 687
2934 1786
862 784
1191 2083
2972 2458
1444 1424
2286 2735
1325 863
449 2598
358 2792
488 2584
2077 1607
1725 105
2554 2003
2114 1082
2806 79
638 2401
2517 301
1111 809
108 2565
1951 1885
29 1408
2867 460
1771 943
1647 2269
2271 2193
1107 2609
2815 711
2340 2732
743 1421
43 792
2218 2733
1183 2104
826 788
1174 1654
929 1994
1873 140
799 988
753 1532
273 109
1092 2649
1253 2361
1686 793
1905 122
359 2499
2 1078
1792 2484
627 1340
225 1926
78 439
2519 258
2175 258
2525 1313
2033 1083
397 2368
1779 736
2023 2214
47 258
406 1971
976 2379
948 1023
1577 2539
1401 1648
1930 2388
1289 1584
2781 1158
2147 1507
1562 226
1418 2640
844 2328
386 1293
2407 680
2208 2844
792 1501
193 803
1795 1871
1583 1507
2944 2612
1129 2027
2149 295
303 1740
320 649
96 1510
2017 2150
499 2267
573 876
1807 2518
277 296
1517 960
1002 733
2308 1649
605 248
1651 1731
950 1799
2782 1696
2772 70
664 551
1802 2850
2074 1844
2428 2312
1971 2149
443 660
37 444
1322 2299
26 2289
2591 2446
2546 280
2429 537
1489 546
2013 1028
1204 1257
1659 2542
1106 1410
2401 744
419 7
2372 2826
438 2935
2024 2771
1409 1941
651 1103
1755 2384
2723 1605
1878 524
813 641
1928 578
53 2786
1936 934
1347 1373
2233 718
1091 222
2492 540
2652 170
1916 2632
592 904
1046 104
2371 1164
582 318
350 2337
1705 2339
2670 2862
2730 2483
925 2380
2540 2248
1238 1291
585 2914
1728 2386
1698 917
2838 845
1920 613
493 500
1563 2904
1078 1457
2531 1444
1640 2129
302 64
1903 1942
2574 2843
2068 258
323 1843
564 1759
2641 1089
2662 1241
362 2138
216 1894
2020 1070
2591 2446
2010 2116
2255 1285
832 2397
2214 2965
1989 305
2695 1660
2325 598
993 164
1716 2311
852 2155
2618 2809
1004 2325
514 1156
184 499
2150 2913
1539 1219
2591 481
696 1081
1357 1496
1833 2921
622 1647
655 1226
1299 2677
2250 712
329 1383
1576 1325
1816 909
1094 2449
96 1600
2567 2602
2573 1721
1806 222
554 369
2466 2866
1848 703
75 2410
623 1678
165 897
141 1077
423 2516
2007 258
83 1890
1235 1431
561 68
978 2323
1666 2657
1077 1565
2591 2100
1160 2318
2487 558
2106 434
208 1174
1914 2236
1561 491
1956 2415
64 1861
1719 2173
899 258
2714 461
586 856
2464 1140
642 1514
713 2837
1453 1770
1621 1723
1448 1696
2408 2523
306 856
2470 2790
1372 376
2539 300
215 1800
1082 2075
2648 2193
2443 888
144 2254
177 793
863 1459
1904 781
2111 195
41 1077
1901 1773
2054 2605
1589 2432
2118 2922
2797 492
1064 2485
1831 1513
1811 2498
2407 2622
1702 1658
1855 169
2616 1574
1620 2042
2233 2006
1174 1119
2325 2723
485 258
127 530
2591 360
11 1721
1504 614
2282 2088
169 2177
1624 1864
1992 2768
2263 1234
918 42
1496 1369
998 1275
2087 1134
1252 430
877 39
1412 419
2548 1967
38 801
752 723
815 2914
1564 2819
246 2394
575 1495
96 474
684 409
2822 973
1965 517
1215 1526
787 404
2764 981
1200 804
72 187
2591 24
1139 2011
67 33
173 1433
62 810
1706 2545
80 1234
15 912
380 46
239 2703
717 2964
72 852
1587 2297
1393 1019
589 1327
2888 2036
1487 2819
2747 1661
146 267
2495 256
105 2567
492 126
1836 1706
932 1372
1546 1658
320 1279
582 1820
2441 2805
782 1739
1117 1566
2591 2131
1067 1006
659 2187
854 1332
1239 2612
493 1805
2202 1950
530 2784
1446 1554
1180 2815
957 2776
181 2705
1915 1734
1999 1162
2635 2580
1143 2375
1295 258
876 2698
892 1441
2079 1873
1634 1029
2456 214
1684 984
2357 1427
656 273
1909 139
1638 1997
507 1326
1379 1065
938 1756
886 422
494 1505
2049 2652
2958 85
733 1980
1914 1384
2824 491
1039 2485
1332 2509
2237 136
610 2007
954 2370
414 208
1708 470
231 1084
541 110
379 1377
2328 2182
1114 1136
2426 2303
1529 2830
2397 271
1962 1131
916 2150
931 71
488 802
421 218
2480 1423
2591 1963
2414 276
2478 2180
393 1817
1509 2892
2198 1234
580 2498
186 2419
2380 2078
1443 388
2632 1813
215 1552
1713 2858
393 33
1515 1884
1479 950
2732 2439
2128 2316
353 2222
1357 521
660 2153
2092 1761
210 112
2394 2018
253 416
1289 2227
850 2418
1390 258
1463 2759
2451 2300
2546 860
2784 1401
2893 228
718 407
1488 180
2719 1471
148 1051
2948 2969
1436 2356
2295 1723
816 1145
553 358
1383 1648
609 1770
1072 2078
1630 483
326 50
2490 1262
1713 15
885 2820
387 373
2808 2258
983 1502
302 1643
2898 2083
2239 936
1081 2318
2610 353
2437 1418
1445 160
2719 2414
1616 2549
2902 2492
2441 2468
2493 750
2812 109
518 776
1217 2814
2650 706
1669 1166
2869 2732
864 452
510 111
369 2133
266 543
1293 2716
1954 2592
372 2521
1368 1296
1016 2319
1227 2752
525 589
1542 2711
2395 1834
370 1720
1851 364
2096 2863
2561 2553
1823 2766
897 2113
1963 1850
2624 1141
1965 1566
1205 1133
2018 1630
2162 1296
1518 1143
2326 1344
2925 2474
2635 2398
102 1440
259 616
2422 1436
212 2261
199 137
1307 1572
1932 2818
805 2325
2838 964
2870 2034
2254 654
843 1044
2159 1013
1569 2760
1035 2672
988 957
2691 225
1985 2766
67 1817
534 1844
1671 2695
2108 2539
232 1540
1836 1989
1927 1690
1666 1058
365 2338
893 1159
2275 890
2265 2492
17 2262
2860 2010
484 2730
2205 381
1898 551
295 638
1400 1613
355 1617
1399 1965
2268 2767
1565 1208
913 1338
1581 626
263 906
2435 607
2971 137
2591 2808
1071 1950
1815 2161
963 2322
2591 1443
892 502
931 2087
202 363
525 1058
1597 1024
2518 1159
905 610
1373 2147
1815 2544
196 1988
411 2525
152 2762
2929 2008
2741 613
535 1541
16 979
2278 1018
1286 1647
90 784
2783 1935
1270 1854
2102 499
1848 2967
275 2165
1449 2879
2446 2279
18 2678
2776 258
2126 1945
2428 472
1297 110
2966 1818
2691 1441
1294 1993
1310 2957
1392 1990
2226 2024
2779 1881
2874 92
2527 2787
1015 2505
2121 365
613 1555
583 851
471 2075
2834 1677
1744 1220
1367 2416
319 2891
449 734
2037 712
2111 501
1984 1068
2769 197
1752 1349
1407 294
940 2816
1172 374
2109 2622
1464 731
2892 2148
256 556
675 653
2034 198
1522 2464
121 1500
100 1151
2200 1428
1043 141
2721 2476
1478 2737
2565 2211
1423 238
1155 2718
2228 2818
1146 2082
1102 622
1937 303
729 2025
532 1801
953 1618
1213 321
2398 536
1974 74
2029 2579
2779 2806
2569 1465
1418 314
838 2585
1906 2390
1367 1063
626 968
193 2722
345 1385
2257 2392
2956 707
1411 2959
2084 2748
470 2052
781 1851
2540 746
2591 2071
1812 1518
1946 2962
2039 154
2048 1705
158 2541
217 2148
1168 2430
592 358
2740 486
947 297
2893 736
2583 997
1823 2022
461 96
463 1133
249 193
920 1711
2591 2295
2591 2513
2371 1413
772 413
545 463
1950 2533
2273 49
431 313
2442 253
1710 1284
2689 2590
1897 1654
35 57
289 2614
2317 938
1194 153
1396 2116
2350 2650
1028 1210
2397 2384
2297 510
1347 1490
1127 1446
974 833
2844 1358
2722 23
2755 2442
2148 2967
2887 764
1668 166
147 1763
151 218
2923 658
1662 2185
2606 976
2569 1060
2093 2109
192 2017
7 1198
406 2851
39 146
1714 258
2718 1068
1532 2314
1208 1821
891 2481
450 12
1593 2127
2740 1229
2078 1835
1473 989
2298 2835
866 1400
1334 2298
1975 2682
1318 2487
2263 478
1346 2795
1887 153
2474 1564
1058 396
2971 1101
2733 581
1928 1040
2672 1599
791 641
2182 1376
2775 2630
1397 743
388 919
583 1846
2105 1075
2694 941
2961 2594
316 2699
2859 2580
262 2276
374 434
2549 1512
1162 2373
1516 64
382 2721
1645 759
2967 212
2115 2727
1730 2545
1085 1959
919 1358
2420 2263
914 2850
2591 243
2171 357
982 1948
661 1446
2261 2669
1809 2672
2431 258
2591 1963
2916 2474
2038 1598
578 443
2970 992
55 2007
2530 2012
812 104
156 325
821 2899
1916 1306
1449 2726
1228 242
2725 1498
157 2433
801 1168
143 259
2009 756
353 314
1130 287
1810 1820
2494 488
247 250
2005 608
2403 639
2932 830
1883 172
2814 2010
1423 2897
19 2140
1002 1872
190 1956
748 1904
2703 1917
1984 2660
2165 2394
294 702
833 98
2533 54
357 1263
2155 1171
2880 364
2598 2335
1943 1228
373 1775
2468 245
780 204
214 2801
178 838
1701 2455
2459 2265
830 1048
1165 2842
2369 1393
1505 2122
133 478
2845 899
351 2139
2284 1364
2915 80
2600 925
2617 1594
2599 2895
318 194
2824 520
1193 1655
2516 1464
1332 678
1128 1424
1183 2685
2609 975
2634 1597
1394 1906
2094 681
804 699
793 659
2229 1772
547 2635
679 2831
1159 773
2914 2151
116 593
366 253
2058 2390
1082 2009
2882 1467
2363 693
743 2231
1480 488
1331 533
1934 211
155 2117
2027 2454
1918 1954
127 2067
867 909
2011 2942
2716 1483
1229 2066
1358 2853
129 375
466 2796
2386 2388
1408 721
477 2758
220 1823
2783 1912
1402 1652
865 1365
953 1462
1378 2623
567 598
1493 291
762 834
415 2140
2156 2367
849 232
2822 2124
1853 382
686 2626
2682 698
635 2314
2133 696
1353 2417
2789 960
2264 2168
1357 2151
1165 1878
1045 1027
672 2013
2831 132
1923 2887
396 2085
2820 2282
2334 1467
2392 1557
336 2309
1956 1780
1123 592
962 2548
1979 1892
2843 2579
2173 1324
1009 1381
532 1508
2396 512
201 699
2707 1244
385 4
1608 1923
1552 2216
1473 2532
1284 1616
2781 2504
1904 2090
1655 1351
672 112
1354 475
2480 464
2591 2100
2483 13
1788 882
798 2670
1399 2694
1565 1993
2773 2696
2823 731
437 1144
562 2678
293 1437
784 1399
1370 2245
1134 785
1926 2084
425 20
2591 1621
516 2191
311 951
1996 1451
1400 975
2434 2408
1929 2618
298 1796
474 2675
115 2460
98 695
25 2301
2417 2104
1738 152
1052 922
287 1426
1619 2175
1137 2869
469 204
2169 2281
2119 875
1331 2676
2004 121
1334 1115
1116 668
2629 2875
1966 2095
630 927
1435 1392
1779 800
2496 1070
761 298
2352 2734
2870 824
2904 1208
2555 2000
2618 2539
883 2855
2502 2153
1379 444
2699 2517
503 435
1863 147
2479 137
1359 2588
689 2016
2744 2479
1245 839
2678 135
2748 258
2448 1208
1368 2249
257 1875
43 1035
1715 1472
1040 231
2591 2172
2784 2756
2217 2780
418 1169
2770 1317
2602 2826
19 181
600 2140
1387 1060
2591 2808
880 2755
588 484
2086 110
2637 100
1586 2834
185 74
1712 2572
368 2216
1499 2844
1660 2157
1373 86
2329 1137
1317 2601
563 1301
1210 2529
610 723
536 2759
1068 1275
431 2586
2928 2437
2038 260
2639 2563
1382 587
2591 360
1994 1683
2274 2903
2369 2035
1825 237
1581 14
845 1755
508 171
2862 2455
2770 2381
883 2754
1810 241
888 2447
399 2555
119 2764
1942 726
1998 90
2503 2402
858 2203
2011 115
91 1548
2094 2777
1345 561
88 1526
1103 125
856 2895
2789 1395
226 1543
646 2526
1829 1623
2506 258
2061 714
1973 1719
731 1015
554 870
2783 2560
1874 1944
2673 184
1166 150
1863 1196
2804 139
2825 2712
2869 2377
735 2489
97 2265
2225 1973
409 1298
2510 1148
2486 2073
44 755
1244 2148
1750 2077
2664 2390
442 2423
473 1883
2585 152
150 2389
504 1406
2591 418
1136 426
958 2807
2536 1645
1119 2506
1761 2798
2745 2485
1434 1013
2178 668
85 17
136 1250
2460 1108
2164 1425
259 861
663 1139
1876 380
1888 2666
371 831
2176 1585
454 322
2788 786
24 1131
2086 177
925 2157
1921 1934
2684 2837
2068 258
1030 190
1941 1918
1124 601
296 1960
1444 71
714 901
417 126
1828 1570
1033 351
396 767
2603 1211
2432 2342
334 573
633 1628
581 727
172 977
2676 1966
2655 691
629 2244
1796 2884
663 2666
1110 778
2724 861
1388 1924
2559 14
923 1390
2235 2003
1946 1628
762 1508
2225 671
2367 1912
1753 258
2778 636
2393 1211
2314 2032
2668 2137
1037 2894
2189 433
378 1264
1534 1420
1071 2939
1012 569
755 1906
573 1105
1369 1887
1118 1842
2850 2689
134 458
1170 1656
2402 841
1640 860
2266 2714
2049 969
123 391
2591 2709
540 808
1665 1289
426 2195
326 643
153 557
2308 1814
2571 4
1314 346
261 2734
2252 725
21 551
2224 369
2885 2962
264 646
816 309
1075 2032
850 1640
2948 210
445 931
2378 1439
840 691
223 2655
706 2386
2418 467
2452 1288
816 925
974 1857
2679 324
1171 1239
1161 2338
2505 563
2739 1210
518 390
2313 946
559 1856
2765 1737
2212 350
1376 770
308 1637
2596 30
1655 1718
1306 2704
1540 341
1450 716
586 1062
1585 84
1562 1904
2113 308
1746 497
876 1591
2886 847
2935 1749
785 2435
2773 248
2929 1474
2374 1335
2445 1083
2870 2749
1691 63
1479 93
2591 1621
388 2604
2430 258
1801 2306
1491 2203
1574 914
2406 1380
1426 343
2192 2524
1776 2856
359 2537
2549 2733
1484 738
2294 1412
300 2379
130 762
1400 157
2267 1815
2601 1253
134 2663
1746 1023
168 2266
2443 489
2591 78
515 2728
1604 2793
1266 1638
2097 514
2966 2498
201 2661
1322 1411
1192 347
252 2236
478 663
2778 1296
2538 2876
2131 2208
337 2112
1011 2424
2481 969
234 1848
2892 1681
1730 305
1592 2738
528 2266
2279 1533
377 1929
1380 1288
1867 1258
2520 2073
714 124
2591 176
354 257
1801 2257
1139 2657
2284 2252
872 2048
2224 686
1570 2264
1196 829
2206 362
843 1224
1143 1066
622 1112
175 226
2497 272
2967 2181
2594 2964
1061 1213
1573 2804
2441 27
611 145
475 1030
2958 2572
450 1129
1027 264
2770 1506
343 954
2221 1998
1027 2136
879 21
2815 1016
2573 331
455 2768
299 2681
2877 1198
2937 1527
389 1607
2016 848
1368 495
227 81
618 2843
100 2894
2037 1979
2038 569
2333 432
496 2162
2482 2450
703 319
923 485
1957 266
2725 743
1902 1366
846 1480
2954 2035
2892 196
1220 162
2772 2939
2150 2608
2644 232
2228 701
408 2527
1841 2896
302 1983
1624 1539
2777 998
2830 1223
227 557
29 1411
2839 298
557 1981
2538 314
2902 645
694 1539
1598 1057
716 791
1450 2769
992 1466
550 838
944 2874
998 1373
2591 1443
253 2119
2900 939
875 2050
687 96
125 605
1813 274
1940 2897
1575 1692
790 140
1827 558
1764 1020
887 1207
2174 737
2222 2936
828 2624
915 277
2864 2710
1772 732
1931 1738
325 2164
2702 479
1485 1697
222 2725
1535 2579
1957 1953
2851 2143
1839 2354
1625 1652
363 482
2591 2619
2073 794
131 603
1845 2584
1968 1777
500 2252
2208 919
832 1225
68 1642
1262 570
439 6
2683 2181
943 1754
758 1404
2338 2268
2666 2657
726 826
235 996
1817 844
2925 2615
2008 2427
2676 576
1405 2351
2620 1179
1794 2609
1517 1511
1564 1947
539 826
1952 983
1396 1584
475 1251
2260 821
446 516
219 2152
994 1698
2672 412
1158 2720
152 352
2612 2243
172 582
2889 1668
344 709
1721 2910
2738 1474
412 1687
1454 955
2260 639
1335 2507
1881 1041
1631 20
2864 440
91 1087
2449 2134
1119 1032
2380 1876
1661 2639
1888 1139
1029 1835
678 2594
1423 1903
1813 1031
1140 578
433 2797
266 2320
977 318
535 2746
1973 2878
483 2005
1342 2705
1074 2971
1377 1519
927 233
2191 528
1263 1557
1096 1869
503 2486
2732 595
1234 2245
1015 877
1286 1112
1048 670
2504 2053
2799 2167
1938 2602
1148 676
2850 2849
2778 2136
1157 911
155 1782
367 183
2880 2627
2299 2959
1895 814
490 2938
2052 876
1121 1462
369 2401
2219 1811
2252 2692
1562 2469
1189 2207
2895 1045
2484 1126
2444 252
2081 2883
244 2704
2146 509
2452 1051
2413 2135
628 2279
1171 756
2412 1137
2043 34
2609 157
2084 2007
284 824
2790 1852
1509 217
1503 1916
2286 2610
741 1318
806 2410
1015 666
2759 2781
2616 101
471 2824
469 2359
2521 967
1588 1116
857 2455
1329 2189
2354 359
2247 2106
643 246
2161 822
641 330
581 2903
591 2800
2716 378
1243 167
1198 1442
1564 2588
2368 435
1570 1321
55 1101
1322 1361
1366 42
1731 258
1130 2732
838 2064
1095 1855
375 2026
511 2504
546 1279
1888 1666
1404 286
763 1317
753 2105
1401 427
2399 2506
2420 133
1841 1915
800 1547
2856 56
109 585
1027 591
1849 2470
292 787
2185 1845
404 592
2759 895
1820 480
1283 1001
2971 777
596 751
2651 87
2925 2377
2851 1515
1804 2147
85 168
2099 2402
61 1556
1952 2587
2205 1757
905 55
2069 288
788 2824
462 1912
2749 2567
2377 1564
802 1243
60 2494
1892 1342
1796 1825
