50 300 0
33 32
31 39
20 9
36 2
4 3
48 32
41 34
6 34
5 4
18 37
22 9
3 35
14 21
15 20
43 50
5 7
34 21
25 48
32 2
45 16
26 22
19 34
38 25
41 42
28 4
35 39
6 31
37 41
24 48
21 28
21 41
3 35
16 46
17 48
43 45
30 10
43 47
6 26
35 4
47 5
37 15
31 8
29 17
17 12
35 14
40 26
31 1
49 14
9 33
41 26
10 33
16 5
22 28
6 24
12 1
38 9
48 37
48 42
42 5
28 24
29 26
39 19
41 15
7 8
25 31
33 24
12 20
39 17
27 18
15 6
49 40
31 49
7 23
42 39
31 39
20 25
41 19
20 35
10 47
37 47
20 16
40 2
25 42
18 37
24 17
49 16
7 48
41 48
48 26
2 18
40 9
15 19
29 10
49 34
18 39
19 3
43 50
5 45
1 14
21 4
50 10
16 13
26 28
27 21
10 8
48 16
40 21
45 3
18 3
11 23
12 42
15 32
39 43
15 28
16 35
27 38
31 42
42 20
21 11
49 18
47 22
34 24
39 29
34 11
34 20
22 24
25 32
23 34
50 10
40 30
25 22
31 42
20 13
7 16
20 17
6 7
12 38
26 5
40 17
46 50
47 45
38 49
12 28
44 17
19 12
2 19
17 47
10 23
43 38
39 25
22 38
47 26
34 40
41 4
44 24
45 18
23 29
22 14
7 12
43 49
37 36
43 29
19 1
34 13
18 50
20 11
33 24
16 36
43 15
38 25
23 44
46 30
38 22
12 28
36 10
22 26
15 41
14 28
50 11
34 14
31 42
13 43
33 22
18 45
13 23
13 5
10 32
44 43
47 40
2 49
36 44
27 23
4 47
8 34
7 35
20 33
37 5
6 18
50 5
11 14
43 13
7 40
3 46
38 15
9 17
30 34
10 6
4 44
49 16
15 14
40 4
22 5
28 25
3 44
30 13
41 33
11 40
33 4
23 42
8 7
42 7
22 47
31 3
19 35
5 43
12 22
10 23
2 33
5 44
29 26
33 19
29 3
10 19
34 29
4 24
12 46
46 20
42 9
35 11
44 47
13 1
21 31
26 21
38 43
42 24
50 45
5 4
16 18
33 18
5 10
24 17
6 43
36 41
2 25
3 32
6 48
17 13
16 22
12 49
49 33
2 9
33 27
18 41
23 47
46 36
10 6
11 16
25 4
42 35
34 16
21 15
32 20
22 3
22 7
21 14
1 22
38 44
31 2
25 43
35 27
9 40
18 12
19 11
49 19
36 21
36 43
23 48
12 20
19 31
47 25
41 22
19 45
24 36
50 22
37 7
25 39
13 15
24 41
41 26
40 39
49 36
