50 10000 0
6 42
44 9
38 23
47 30
34 23
12 32
44 11
22 45
3 14
14 19
6 43
16 13
11 45
3 42
41 20
2 45
32 37
3 29
43 44
48 2
7 47
11 27
17 22
15 8
26 28
45 21
24 1
40 31
39 10
29 17
5 31
42 45
26 8
25 7
1 2
42 33
6 45
38 18
32 41
44 48
11 14
29 21
6 27
10 28
18 22
21 34
10 42
45 46
17 38
3 31
4 20
39 34
1 44
27 29
44 46
29 32
33 39
36 38
42 33
44 48
18 23
13 12
15 48
31 50
14 7
39 1
29 26
40 7
17 4
3 26
13 32
12 46
43 48
14 23
31 44
14 18
32 11
15 37
22 37
40 36
39 23
18 47
32 26
14 22
17 26
18 10
23 27
37 11
15 5
2 47
28 3
6 1
50 25
36 25
44 25
10 27
26 3
26 32
49 13
4 13
12 2
10 48
44 7
40 35
42 31
31 29
34 17
35 48
35 29
36 35
10 32
2 45
8 20
30 2
11 36
19 36
43 30
26 22
13 33
1 32
1 39
42 31
37 25
26 43
35 46
40 48
50 32
14 29
5 17
33 34
46 24
29 44
3 34
46 10
21 32
47 3
45 28
2 20
25 5
8 13
41 40
17 44
45 29
11 21
5 19
20 11
21 49
25 40
18 34
11 48
40 35
14 31
14 10
11 5
18 35
10 17
23 4
4 29
2 9
25 42
10 11
9 24
17 22
49 38
44 13
35 1
16 9
49 4
17 15
26 3
45 43
33 7
38 43
39 26
21 13
46 10
48 8
33 13
4 43
23 44
3 17
7 9
5 44
32 31
2 8
19 29
4 17
38 6
36 43
19 6
28 5
6 45
12 11
39 21
44 12
50 43
42 48
15 6
33 1
26 44
25 6
19 24
22 8
37 3
17 7
25 33
10 29
31 21
5 15
26 33
34 26
15 6
10 29
4 40
47 42
23 48
5 34
26 44
13 16
1 18
35 16
29 32
10 47
10 17
28 43
21 44
9 4
7 37
18 42
41 11
45 35
36 26
22 40
16 33
3 49
41 47
24 29
26 20
41 34
26 12
27 48
19 1
41 19
16 17
36 18
39 18
47 5
14 49
49 26
4 50
43 29
38 12
26 23
22 7
15 11
1 11
40 8
42 16
40 18
1 43
10 27
27 2
36 43
29 19
12 23
43 45
24 4
7 41
9 30
7 22
2 9
23 1
50 11
47 43
24 3
13 31
20 13
11 16
38 1
5 17
4 39
4 34
36 20
3 33
29 9
19 29
35 41
22 28
39 38
32 9
4 30
36 10
39 31
36 13
31 19
40 13
10 24
22 43
40 10
14 38
50 7
22 20
33 48
23 27
44 16
13 17
32 2
5 40
15 2
1 29
11 10
23 44
15 39
17 36
15 41
28 21
48 49
3 8
35 47
5 17
5 32
28 13
31 50
19 27
21 4
28 41
30 35
27 3
43 16
13 6
23 3
33 16
6 25
21 11
48 24
19 12
34 43
7 21
49 2
32 36
12 38
30 44
32 28
6 48
37 21
18 6
5 9
12 25
49 35
23 6
11 23
32 41
5 50
48 4
16 18
1 50
42 47
25 21
46 26
30 29
1 45
38 24
36 2
25 39
47 10
44 39
45 41
38 24
42 21
42 47
49 38
13 17
27 12
5 42
15 20
49 3
38 35
5 6
13 23
16 7
45 12
29 47
22 48
37 34
28 14
23 9
10 2
35 20
15 9
14 35
47 33
19 18
28 32
35 22
16 48
18 31
17 15
5 11
5 22
30 37
24 4
15 42
21 38
13 37
14 39
39 30
14 9
1 10
41 8
38 1
3 45
49 11
28 9
19 39
6 5
22 23
17 9
8 36
33 15
12 47
15 11
11 4
47 45
20 50
46 6
40 38
18 13
14 24
28 27
48 41
1 3
39 50
15 6
37 28
21 1
20 39
4 17
44 5
49 46
43 35
33 25
1 42
35 32
41 34
2 14
12 22
19 2
39 28
15 12
33 4
41 15
47 14
33 44
3 2
10 16
5 46
28 49
25 33
14 24
30 16
29 26
28 8
48 12
26 3
46 28
45 22
8 3
7 22
29 9
16 46
31 37
10 22
16 28
41 44
15 13
37 45
1 9
28 31
42 37
10 13
36 15
1 21
42 34
21 31
47 22
28 17
25 2
47 8
37 47
38 27
47 30
47 35
17 25
12 3
30 12
15 6
5 11
37 39
13 43
45 19
25 32
3 40
13 46
49 30
43 12
40 25
39 8
8 3
41 30
11 21
22 21
19 39
40 18
37 40
31 8
27 39
44 26
27 40
25 29
12 23
43 45
39 38
50 17
3 24
3 26
5 50
32 39
46 13
41 49
41 26
10 12
50 42
19 36
3 39
30 2
25 22
31 30
21 3
48 17
6 22
5 11
28 20
42 14
40 16
30 6
45 6
10 17
42 23
9 8
20 13
6 42
49 21
28 6
30 46
30 22
12 29
45 41
28 23
6 12
23 19
10 18
15 39
15 46
7 17
23 36
42 33
20 7
15 33
12 39
29 38
38 50
7 25
22 3
11 42
34 33
10 27
1 36
3 27
41 36
38 7
10 23
32 1
4 3
44 22
18 21
45 39
4 27
1 30
48 28
39 7
23 22
49 25
43 14
4 36
5 29
45 39
18 40
44 1
33 39
50 28
30 2
31 5
39 13
34 48
34 38
37 21
4 38
37 40
47 5
50 40
6 46
43 44
6 43
10 34
42 41
28 13
49 37
20 39
19 13
34 39
20 6
29 10
12 14
47 32
47 45
7 33
18 28
33 46
39 28
36 49
12 8
35 37
29 41
21 15
35 3
26 21
8 32
23 40
23 43
29 4
16 30
41 3
18 48
2 18
22 1
42 19
18 25
47 38
8 14
40 8
38 49
32 34
3 15
48 4
23 27
11 8
12 34
20 33
13 41
29 50
42 8
45 43
19 43
23 34
41 6
43 33
50 35
28 41
15 35
11 15
45 5
40 36
40 2
12 45
16 21
22 13
7 38
29 50
22 8
38 16
4 34
7 50
11 39
16 39
4 13
26 15
7 15
24 20
11 38
18 29
13 45
44 5
32 5
35 3
41 26
41 23
29 46
21 12
47 25
13 48
32 1
25 29
33 36
3 15
12 44
10 47
28 48
49 15
37 48
40 16
24 12
33 16
3 18
21 48
23 38
42 12
1 39
38 15
42 41
15 10
1 24
30 16
45 33
22 18
24 26
3 27
46 10
25 49
30 39
45 31
7 23
16 22
35 34
46 28
29 40
10 25
22 23
4 36
6 17
36 19
23 43
28 29
16 33
33 9
1 33
11 19
40 33
33 37
33 32
43 38
31 12
43 7
21 4
18 38
29 14
39 20
23 49
49 18
9 26
24 43
36 2
40 38
36 50
22 49
16 39
5 33
47 6
49 31
50 46
44 29
11 10
24 18
10 2
18 7
33 40
14 6
47 24
32 35
24 2
23 20
15 38
29 10
22 17
23 14
27 36
38 14
41 47
20 22
6 16
46 11
6 17
31 49
13 23
23 3
13 28
24 20
38 32
23 45
32 6
13 45
41 15
30 21
9 7
36 30
41 28
23 32
46 26
16 24
8 35
28 4
12 41
41 47
7 50
8 26
40 16
18 5
43 49
27 11
23 29
11 50
28 38
15 34
30 24
27 36
49 46
23 17
28 14
46 17
22 47
45 43
8 24
18 43
48 18
38 35
41 29
3 17
37 49
31 27
47 4
47 10
28 14
43 17
39 24
19 36
6 39
20 26
23 47
5 45
8 2
1 42
19 12
17 42
49 33
21 31
23 5
29 2
38 36
39 23
7 3
14 2
10 3
11 45
29 39
3 36
27 48
40 36
12 18
38 9
47 25
3 20
24 6
37 44
30 8
42 25
12 14
9 18
25 4
20 2
32 37
10 17
50 24
40 26
38 46
21 35
5 49
13 46
42 20
35 25
33 21
45 31
45 9
4 24
25 36
37 35
23 45
41 46
20 43
21 32
46 31
31 18
27 39
26 1
50 43
37 8
38 31
37 41
37 33
43 14
37 2
31 24
45 26
7 28
12 33
7 17
4 38
35 16
41 27
31 3
17 21
39 4
45 3
36 25
43 17
31 46
49 33
42 50
2 14
8 26
49 42
46 28
3 28
5 50
50 21
35 36
26 32
48 17
47 45
21 24
21 8
29 28
47 49
15 9
28 35
24 39
48 27
41 16
6 13
1 23
3 45
2 30
21 19
14 44
49 32
29 41
13 10
39 25
17 44
17 29
14 9
50 18
42 40
9 37
46 33
41 50
5 21
46 39
44 12
14 30
35 30
10 20
2 33
21 3
50 18
18 43
3 47
2 47
18 6
34 42
7 32
13 10
9 19
6 17
34 31
11 9
7 45
5 8
41 29
22 16
23 30
26 30
26 38
24 18
20 36
46 43
2 21
12 23
19 33
21 24
20 12
29 3
29 27
31 11
30 8
20 45
23 20
25 33
19 3
37 12
6 43
49 8
1 27
33 9
41 48
14 41
41 9
29 34
4 1
3 36
24 22
36 43
26 31
17 29
39 32
1 23
14 16
23 42
40 45
43 9
14 25
49 14
1 10
49 41
46 13
48 22
28 45
14 41
39 48
3 21
33 20
20 25
9 26
27 20
16 32
40 42
46 26
41 36
25 21
8 22
44 4
3 5
47 13
23 6
46 8
9 31
28 17
27 7
29 28
37 50
16 50
50 22
37 22
36 10
28 41
1 33
20 31
42 32
48 4
29 45
32 27
19 42
49 14
27 10
15 30
32 15
6 14
24 25
42 38
15 48
18 6
23 13
50 22
5 10
33 6
50 42
6 22
43 31
42 18
25 21
28 31
3 50
20 10
35 9
5 1
46 23
1 30
42 4
22 28
48 25
25 8
50 18
3 16
13 3
13 16
19 26
25 14
40 23
25 21
38 24
41 25
41 2
29 4
40 46
23 9
26 35
28 3
25 11
25 15
13 14
7 34
13 47
46 43
36 49
1 8
19 48
21 11
50 14
25 22
46 28
34 2
2 34
44 36
15 37
17 48
19 14
31 40
46 30
27 23
2 30
4 30
11 20
33 10
23 24
39 47
25 14
48 5
48 21
8 25
3 22
48 50
23 37
19 5
46 39
4 30
40 10
8 4
35 11
33 38
15 45
44 29
45 24
18 19
36 28
42 7
19 26
41 2
36 40
30 21
27 16
40 37
34 43
3 21
35 15
24 42
12 5
48 9
33 27
41 34
3 12
23 8
18 38
7 40
24 40
13 29
41 47
11 7
22 37
1 48
26 16
9 35
23 26
46 36
4 41
47 38
44 11
44 9
14 11
49 26
11 5
14 28
6 33
6 44
28 30
43 23
14 34
45 14
21 20
22 5
42 32
5 23
49 13
12 45
50 8
23 38
25 35
6 35
29 25
42 14
5 16
31 25
44 47
49 50
14 27
28 17
33 9
26 8
47 30
32 8
8 23
12 30
40 29
46 39
29 22
40 38
37 21
11 17
28 21
9 49
19 32
40 46
43 49
10 8
44 13
12 35
28 35
25 47
20 22
19 12
18 29
7 26
46 30
15 22
5 1
8 36
24 15
37 11
13 15
9 22
19 2
14 43
37 26
1 19
26 12
18 42
9 40
2 49
17 29
28 1
2 6
5 48
42 48
32 8
5 20
30 38
23 38
19 34
42 24
10 26
10 15
11 13
7 31
4 36
2 21
38 11
14 29
47 24
46 17
12 7
10 13
21 15
16 23
44 28
37 13
37 42
39 2
34 45
13 6
17 2
36 9
21 9
41 7
20 16
36 29
44 7
23 49
41 22
9 40
26 3
33 47
6 37
14 50
43 39
18 20
3 24
2 42
47 9
31 10
8 28
28 44
16 3
49 17
23 33
12 6
5 9
49 16
37 36
35 17
47 5
40 44
9 4
3 11
23 43
22 37
29 15
45 44
23 36
10 11
16 9
49 24
11 38
49 2
29 2
31 10
33 8
17 50
11 38
3 29
45 30
47 46
8 45
22 41
40 42
41 22
41 46
15 39
6 27
46 21
22 39
39 1
37 2
46 34
22 39
11 44
31 36
35 7
33 21
15 34
45 49
13 27
38 16
15 34
37 22
4 17
35 49
11 4
32 24
11 43
46 31
46 34
4 22
29 7
10 2
28 21
29 21
18 35
13 1
17 21
34 32
25 34
42 7
41 5
21 9
36 32
47 19
11 8
11 8
38 44
48 24
48 26
49 25
29 40
3 15
14 27
23 14
14 38
17 27
46 38
19 6
22 49
13 5
19 9
11 5
40 3
38 5
34 40
11 38
30 26
38 48
24 31
21 5
30 43
1 5
46 32
12 4
40 42
46 39
11 17
43 37
46 1
26 19
35 12
46 17
8 29
50 30
39 38
21 29
50 34
17 1
24 38
2 22
43 3
13 48
7 30
25 3
9 26
6 5
1 15
19 29
24 43
41 38
39 30
28 18
21 30
24 7
14 13
49 42
50 18
35 7
17 36
41 38
47 6
27 23
45 50
5 41
20 46
7 9
2 46
23 7
47 15
25 26
27 36
17 23
28 26
21 1
6 28
30 24
1 32
23 11
1 43
19 46
4 48
2 15
15 35
18 26
12 41
34 8
46 16
12 35
22 9
35 37
50 48
7 39
46 33
45 32
3 15
50 16
34 43
41 40
37 6
42 38
11 22
7 1
17 26
46 12
4 44
40 13
30 39
11 38
46 35
2 29
9 38
9 37
39 41
38 5
18 14
47 23
28 41
39 14
19 40
32 33
3 32
16 48
3 38
38 34
50 11
45 37
23 42
30 42
25 2
42 23
35 27
6 27
9 21
8 39
34 27
31 4
2 28
17 1
24 19
8 34
12 17
26 6
20 38
5 42
15 42
17 5
4 38
24 15
36 20
39 40
48 10
15 37
11 18
4 41
34 9
19 6
49 36
32 1
39 40
29 27
45 13
41 20
14 29
15 4
50 47
27 28
27 30
10 9
31 30
30 35
41 21
13 17
16 40
46 42
15 1
5 29
40 9
28 40
24 10
17 38
23 12
6 33
15 1
40 45
22 14
41 26
38 27
4 11
25 3
26 49
22 6
29 2
26 43
39 29
10 23
7 26
4 27
36 21
36 1
5 7
13 41
28 48
34 1
47 40
2 41
20 34
35 4
33 13
35 33
38 2
49 21
44 20
38 9
2 43
43 38
20 49
28 22
9 21
10 46
23 16
11 50
19 10
44 32
10 20
23 17
38 47
19 24
14 44
31 29
13 35
47 31
6 18
38 37
34 35
44 14
35 24
30 3
44 47
30 24
10 30
39 28
11 41
32 6
23 7
20 21
1 13
24 28
43 34
43 46
24 12
5 34
31 38
3 5
2 28
45 37
16 6
31 29
23 32
41 39
28 18
24 32
40 32
16 11
40 37
38 13
42 36
11 34
6 24
24 6
39 11
18 17
40 26
48 5
40 23
7 29
13 40
18 20
13 6
24 1
39 38
48 2
44 38
50 46
46 19
11 35
1 43
38 6
46 1
25 10
20 1
29 15
11 24
9 44
49 41
37 46
9 20
50 29
14 26
44 10
44 16
38 27
23 34
31 44
27 28
40 27
50 31
34 7
40 35
50 48
15 5
35 32
9 25
27 14
1 5
5 43
49 28
26 12
5 16
3 18
26 29
49 26
8 47
9 14
49 28
12 22
50 32
44 14
5 35
23 44
50 25
4 5
43 24
7 11
50 21
47 22
8 15
24 29
18 50
13 20
1 38
35 24
48 35
4 50
41 18
11 33
18 35
6 30
37 10
43 4
19 8
26 24
38 28
49 24
18 27
21 20
36 10
6 17
44 39
20 27
29 10
48 39
37 21
31 24
6 3
7 30
35 5
45 17
15 25
39 25
39 29
22 33
23 9
46 29
20 7
6 14
1 9
25 29
22 26
12 34
28 9
39 33
1 7
43 14
7 29
41 25
1 9
16 45
10 21
8 11
38 8
3 23
30 39
1 15
28 8
36 38
12 36
23 16
30 45
46 36
13 3
17 41
28 29
17 5
42 12
48 35
11 39
9 33
2 36
5 47
2 47
10 26
4 39
40 10
6 48
10 23
5 36
1 16
19 46
33 7
28 26
3 31
36 46
6 1
14 21
17 22
19 7
19 42
39 45
50 1
20 42
7 39
9 47
9 49
25 47
24 10
29 49
9 24
15 30
38 30
22 40
31 24
25 43
27 40
1 48
5 35
28 38
42 45
48 28
26 16
28 48
33 9
50 16
18 29
49 6
36 3
29 41
47 25
38 27
18 2
22 23
5 33
4 6
45 1
10 9
12 18
43 2
44 22
34 26
48 16
28 35
24 48
40 49
13 11
31 48
37 29
12 39
49 29
29 13
16 36
13 49
45 27
49 2
41 43
4 10
8 45
44 20
43 1
35 34
33 17
16 13
7 25
39 42
22 35
17 19
40 1
22 4
48 3
43 49
38 32
30 15
8 47
24 35
44 24
18 31
25 2
39 33
28 14
35 32
22 29
46 23
46 21
40 29
9 26
25 20
19 5
6 14
50 7
31 3
6 27
33 22
42 10
43 36
34 47
37 36
29 8
2 26
29 28
2 50
12 11
49 21
15 49
37 44
24 28
26 34
40 16
32 48
34 2
13 10
13 42
36 9
20 29
16 24
10 36
18 11
20 16
29 14
30 10
30 11
15 19
6 25
9 30
43 28
13 46
38 42
32 23
27 10
2 32
10 37
33 23
40 46
18 20
4 32
18 24
7 5
47 43
11 40
39 33
29 11
35 25
50 7
12 19
4 11
43 4
8 20
12 39
13 3
2 10
48 43
5 11
24 1
38 48
33 14
34 1
6 19
40 17
45 9
21 18
49 30
22 30
45 16
26 1
24 47
41 43
43 1
7 1
27 1
28 5
9 40
38 34
20 33
35 40
2 6
44 2
4 28
45 49
1 28
49 2
49 29
9 7
5 45
31 7
38 50
50 1
16 21
27 17
5 12
22 18
48 23
39 13
30 27
11 27
5 34
18 32
37 12
36 10
29 18
1 10
46 9
20 43
37 20
16 24
24 50
50 44
27 21
39 8
36 14
46 5
10 6
49 31
46 43
4 9
42 39
16 22
44 2
38 46
24 20
16 35
39 50
16 48
12 3
31 16
20 17
45 29
4 38
46 37
45 5
40 25
40 4
10 32
8 38
44 21
28 9
6 20
48 15
11 19
24 5
9 13
38 15
21 12
25 40
15 11
45 28
37 18
1 50
5 45
2 38
30 7
34 43
45 39
21 25
25 12
17 12
1 31
35 47
20 11
2 29
41 5
9 25
47 23
48 50
18 19
12 47
6 26
37 23
28 37
31 46
45 34
22 41
15 18
34 43
47 30
9 42
28 7
25 16
32 25
23 49
13 36
6 24
6 8
35 48
33 27
14 28
9 17
17 40
18 22
14 31
24 17
35 37
38 33
15 7
42 27
50 14
24 22
10 6
15 31
18 47
42 18
45 30
23 14
36 46
5 48
12 27
4 22
38 5
3 18
37 32
40 34
19 32
6 15
30 43
4 5
26 6
11 19
29 28
21 34
30 29
42 27
12 31
2 48
45 19
6 41
28 39
7 41
3 24
35 8
24 18
24 22
25 41
35 26
48 27
1 42
9 46
30 48
19 32
28 35
19 47
28 15
22 50
29 2
24 8
4 31
19 6
36 41
3 46
45 43
20 48
36 35
19 17
25 5
24 16
21 49
44 18
34 11
26 49
10 15
41 8
19 37
38 50
47 13
9 21
49 10
10 7
1 44
16 23
48 32
11 15
25 6
23 25
21 16
4 16
4 20
41 30
24 45
6 21
50 2
3 27
19 5
35 49
1 50
39 35
15 13
40 6
10 40
26 3
3 18
38 2
48 2
46 29
11 37
15 46
27 33
3 7
33 35
5 9
43 30
42 23
17 18
23 39
15 27
23 47
50 48
9 21
45 8
35 32
33 48
49 18
39 27
37 19
30 46
39 15
38 24
33 19
18 14
34 3
40 3
32 2
22 34
33 41
11 18
23 29
22 8
39 19
1 26
20 30
34 40
8 12
11 15
7 32
21 12
16 14
12 41
48 6
41 40
41 14
27 14
13 17
18 7
18 39
32 19
22 18
18 39
38 6
1 42
31 43
40 32
25 8
47 17
45 18
5 19
46 7
29 5
46 19
29 43
26 23
11 5
12 48
10 8
10 24
27 37
24 50
1 17
23 10
27 44
8 4
39 11
30 24
50 26
22 26
49 16
23 45
14 23
1 11
45 14
47 13
27 2
43 25
8 5
21 33
42 48
1 17
34 9
26 22
2 38
5 21
39 29
3 19
49 40
6 26
4 50
7 31
2 25
7 42
13 7
12 21
9 25
34 12
39 43
44 50
18 36
1 12
36 20
32 2
32 31
8 15
15 28
14 50
17 29
30 42
8 41
12 18
5 23
42 4
17 23
44 16
13 1
22 48
48 44
4 1
9 48
43 17
24 45
8 21
27 26
31 38
21 19
17 41
45 1
44 28
7 31
27 3
38 30
19 33
37 3
34 32
29 32
3 14
12 3
22 45
6 29
19 13
31 32
45 37
29 19
1 27
4 1
15 17
20 17
39 18
21 42
36 45
45 16
29 48
26 1
35 17
47 23
47 3
49 48
46 31
13 36
37 32
9 40
44 13
16 37
18 42
23 14
43 17
40 14
23 17
24 4
13 49
18 39
45 17
39 29
10 48
29 2
11 18
31 50
29 32
17 35
40 19
23 12
47 9
6 37
40 3
30 32
50 26
10 6
39 13
1 8
33 29
7 10
1 39
2 26
24 11
37 17
13 36
11 14
44 31
14 27
33 50
19 43
35 47
19 28
28 1
7 37
49 42
42 11
43 24
22 32
21 23
17 30
45 38
15 39
22 49
43 5
45 44
45 18
34 31
12 18
32 47
11 21
17 30
32 10
25 27
17 1
45 37
22 26
20 25
3 44
16 29
47 41
35 12
4 8
22 30
29 26
4 26
14 16
44 15
46 30
27 30
45 43
5 15
38 45
32 43
28 35
31 35
10 20
6 19
44 43
28 5
18 27
11 36
10 36
46 14
6 33
19 7
5 49
45 44
24 32
46 48
39 27
17 11
39 41
13 25
34 14
8 27
30 43
30 22
50 39
44 24
7 17
42 12
22 21
30 46
25 50
27 29
29 5
49 19
10 8
3 42
32 23
19 26
7 20
13 31
30 34
45 12
45 34
49 13
32 45
18 29
21 23
11 41
39 3
3 6
42 30
45 50
34 29
18 40
28 13
4 49
12 45
15 39
39 16
43 18
40 12
44 38
8 45
5 41
5 38
50 33
22 27
35 16
8 11
13 27
26 6
42 44
22 40
23 21
44 8
4 15
35 25
45 9
14 48
30 26
6 1
9 5
7 31
14 45
1 20
17 41
12 1
12 34
40 3
26 18
1 12
41 37
40 50
12 4
41 38
34 42
28 3
31 4
29 31
46 20
12 7
21 25
28 19
27 42
42 19
26 10
23 11
46 5
27 38
7 48
49 50
36 46
8 39
43 8
16 49
49 7
29 24
38 6
40 33
20 13
17 41
32 46
33 16
10 14
28 14
49 33
23 39
46 43
27 5
11 26
35 20
31 13
46 7
6 17
32 8
34 46
1 15
21 22
1 36
41 49
4 10
38 47
1 28
27 41
35 36
7 30
25 19
50 29
49 9
21 47
31 19
44 39
20 43
41 42
49 3
24 13
43 28
48 42
6 28
35 32
24 43
18 1
21 22
1 16
42 23
43 24
13 36
35 15
29 6
25 36
3 41
31 49
24 36
45 40
18 42
14 50
48 18
44 3
23 36
47 9
46 3
30 47
12 20
39 13
12 25
37 36
31 28
24 50
32 42
12 15
26 16
45 26
38 49
6 21
44 32
23 10
17 12
45 38
16 8
28 9
21 29
42 19
7 45
50 37
12 2
7 31
22 50
5 15
46 20
3 31
39 47
21 1
43 33
49 26
29 44
18 10
33 34
46 14
45 25
9 50
2 3
39 21
41 33
14 35
16 31
3 13
22 32
2 22
22 10
19 1
39 29
2 32
11 36
39 13
23 31
2 49
30 15
23 29
45 47
42 18
11 5
30 4
6 42
31 35
17 26
46 38
14 38
2 11
3 40
18 5
21 45
39 32
30 38
30 33
50 14
33 23
16 33
45 1
31 45
47 5
46 16
30 46
3 24
14 20
6 32
17 8
23 40
35 10
41 49
29 17
48 28
42 22
39 40
39 34
26 11
19 26
19 35
21 19
18 50
30 33
27 5
25 20
36 42
13 17
21 7
15 13
44 25
40 14
13 34
31 12
7 16
25 46
38 34
14 11
12 28
22 23
19 29
27 23
46 39
27 50
26 4
24 42
4 6
46 25
34 41
50 26
23 4
30 36
37 32
39 11
22 28
26 4
27 21
38 5
15 27
45 34
21 4
27 21
33 31
24 6
48 11
13 36
16 31
16 13
43 6
11 25
14 11
48 28
31 27
9 30
13 32
11 41
19 9
13 20
16 20
24 33
8 23
36 29
17 35
13 10
29 4
48 37
50 35
10 15
2 6
11 44
11 24
50 30
28 29
50 32
29 17
11 49
14 4
44 3
30 26
33 28
11 38
22 12
21 23
16 15
46 20
46 2
5 1
7 40
14 9
12 27
7 25
29 49
50 47
39 5
45 36
33 46
16 48
18 16
21 49
16 6
45 38
35 28
43 32
50 19
24 42
26 29
32 5
47 46
25 36
35 18
13 21
26 1
47 28
20 28
18 39
40 8
1 44
24 30
11 36
40 41
2 11
21 26
3 38
35 32
16 31
32 46
27 29
27 8
35 5
1 24
2 28
16 20
18 7
24 31
49 25
22 2
12 49
8 3
42 3
49 22
11 3
38 32
21 33
35 8
16 24
21 48
27 12
17 23
19 41
10 25
18 47
16 31
9 5
32 6
40 10
31 18
15 37
19 25
43 38
49 21
49 28
11 4
38 44
9 31
36 41
39 13
25 1
31 29
35 44
45 23
17 43
33 18
46 1
27 4
2 5
37 50
11 9
5 48
43 9
8 47
13 48
18 29
29 7
46 6
12 21
47 32
41 42
13 3
31 21
41 49
33 21
43 10
35 25
12 46
27 22
13 27
25 24
3 13
46 48
44 49
8 20
32 41
20 3
15 30
23 11
24 42
23 1
44 24
22 44
17 16
45 37
35 50
37 6
18 2
25 37
37 31
36 46
47 15
6 33
22 41
46 47
10 33
28 41
32 21
30 21
32 20
37 38
49 27
25 6
24 19
24 21
47 35
22 26
29 11
30 46
42 23
48 28
8 33
4 7
40 11
46 7
29 10
43 11
31 46
36 45
37 15
30 37
10 47
34 12
45 44
5 28
43 46
30 1
46 37
30 48
25 45
13 9
7 25
40 4
50 44
31 12
4 1
47 39
39 46
12 48
8 27
49 36
39 46
39 18
3 37
23 50
40 13
27 42
32 31
26 31
28 41
37 39
23 4
14 12
15 27
50 44
39 35
22 37
29 1
36 37
47 22
2 24
48 44
44 22
1 8
33 19
35 18
34 30
17 46
22 26
11 16
3 17
29 19
15 25
6 2
11 45
39 20
24 41
6 42
33 38
21 4
20 1
12 39
28 12
33 8
7 28
17 31
46 40
2 21
18 27
39 4
44 50
47 2
34 1
1 16
20 3
11 48
8 23
38 45
13 36
10 17
6 7
34 36
21 28
38 7
50 34
26 50
13 18
7 40
3 12
5 35
4 5
33 41
22 36
42 19
45 25
25 5
3 24
8 20
35 30
15 47
31 18
44 12
10 16
27 49
21 5
12 30
1 22
7 26
23 11
14 45
29 34
14 22
22 8
37 19
18 10
5 8
26 13
18 14
18 31
35 20
46 9
25 44
36 5
3 43
42 14
5 20
46 3
5 1
24 39
43 5
28 48
46 14
40 41
22 35
6 14
10 3
45 34
26 48
6 42
19 33
43 14
31 5
47 29
29 43
18 24
28 38
50 37
19 47
46 11
46 19
10 17
40 31
31 38
50 20
22 14
37 2
2 31
13 9
5 42
6 27
35 46
21 3
43 31
14 29
42 14
35 10
50 4
40 32
10 9
28 7
22 16
5 27
14 27
18 6
3 31
38 10
42 45
12 30
43 29
36 16
42 15
29 18
17 33
43 35
15 11
31 42
18 20
16 10
44 34
12 44
8 48
33 34
48 6
34 10
44 12
40 3
46 42
20 36
2 28
49 26
45 22
10 28
9 13
11 34
3 45
50 19
12 17
13 8
45 33
29 19
20 10
42 41
47 4
29 1
49 44
19 13
37 7
10 32
23 43
1 46
20 46
34 3
35 47
3 18
39 28
10 25
49 24
5 24
25 31
7 32
2 41
3 15
48 36
47 9
14 49
31 30
16 21
7 13
34 17
18 48
34 19
2 14
3 10
2 18
37 36
42 39
19 47
42 16
17 48
12 49
14 2
22 14
46 26
20 24
38 12
11 13
44 13
43 20
43 8
31 36
47 38
2 48
49 26
21 44
41 37
3 17
39 37
7 9
35 24
31 23
22 42
18 39
45 35
15 22
1 27
9 26
47 17
39 8
22 3
1 33
49 15
35 13
22 17
1 10
48 31
32 26
6 9
19 20
46 24
50 2
15 24
30 38
11 47
47 19
45 46
9 8
15 23
28 47
34 12
26 16
33 24
15 1
32 36
8 15
43 21
38 8
9 20
7 1
36 30
4 46
27 40
5 46
41 28
50 30
49 19
31 10
32 29
31 27
7 25
22 34
42 32
6 9
41 10
40 27
19 18
10 20
18 22
29 36
24 20
27 35
23 15
47 48
35 9
42 12
8 30
46 11
13 32
30 47
16 49
6 37
33 12
44 34
9 37
6 36
30 4
14 23
35 2
29 24
43 37
3 36
9 34
21 50
50 1
19 16
11 25
44 33
36 17
7 50
5 28
25 2
35 37
44 8
27 12
35 49
9 31
7 2
29 5
13 44
47 3
39 45
20 39
36 35
2 37
21 23
49 19
11 44
50 27
48 50
42 35
46 45
19 31
45 5
49 17
45 35
19 7
42 47
10 36
20 39
2 1
10 22
44 4
1 18
37 45
16 37
10 5
49 14
6 29
28 47
12 7
7 43
38 46
45 41
35 33
36 4
48 18
49 30
24 16
11 48
47 43
3 1
14 19
18 27
44 15
38 5
44 24
5 3
33 24
20 38
41 28
49 28
16 35
34 26
17 30
38 28
7 14
7 45
25 46
38 12
32 3
30 35
40 8
16 38
22 6
23 38
6 14
3 16
14 30
42 38
2 17
19 9
38 35
6 1
30 17
49 39
23 49
32 24
40 36
15 31
23 36
28 25
31 44
49 4
25 18
18 9
28 14
42 34
5 50
35 47
46 16
38 14
3 29
20 5
9 4
6 11
33 47
9 29
20 21
26 29
42 50
49 20
43 2
33 45
21 43
19 39
41 35
33 37
48 27
40 38
40 7
28 21
47 17
28 45
40 29
27 47
33 50
13 12
28 14
2 23
47 6
38 32
15 34
42 20
29 50
15 10
41 43
42 20
10 50
49 3
30 1
30 39
39 29
1 15
43 28
6 13
35 31
49 18
40 10
43 13
30 15
13 50
12 27
38 10
37 50
38 6
24 48
31 38
13 26
36 8
7 9
49 33
46 11
40 42
11 42
33 29
24 19
10 34
34 36
26 46
49 21
22 11
17 3
47 13
7 33
7 35
37 2
30 20
26 24
29 16
34 4
1 33
29 30
9 12
36 8
45 33
26 10
13 35
50 6
22 48
6 21
34 43
36 7
30 34
47 26
42 10
50 2
6 36
3 5
31 43
25 31
44 11
42 17
10 8
22 37
34 11
24 33
46 12
43 44
39 45
24 28
18 47
49 27
33 29
12 3
14 25
31 32
3 19
34 26
45 20
50 41
27 50
11 30
26 35
1 17
11 48
16 18
34 42
31 2
25 7
22 16
42 14
18 33
18 9
32 42
32 15
44 38
18 28
31 16
39 22
39 5
6 14
50 47
19 25
34 48
5 9
46 19
29 42
23 41
9 31
26 39
32 30
41 35
39 34
46 39
41 32
32 35
30 16
40 9
13 18
14 10
46 5
19 33
17 41
47 38
24 21
33 4
36 47
41 29
40 28
29 2
38 7
18 19
29 17
11 16
31 11
8 17
4 48
26 30
30 36
14 6
50 25
41 13
43 13
45 41
7 1
36 23
39 40
40 7
23 12
29 46
48 12
48 42
50 40
42 33
37 7
50 14
35 29
14 1
50 47
33 49
35 45
7 48
48 27
18 9
42 9
7 21
42 29
20 42
21 15
16 17
29 45
11 48
12 47
10 28
42 50
33 31
40 39
48 2
32 11
10 41
36 9
48 32
43 40
35 17
46 47
36 35
39 25
24 18
21 31
24 44
15 36
19 43
44 36
46 31
6 5
33 10
46 5
46 49
12 8
31 5
39 16
37 6
45 11
42 30
49 41
35 18
20 19
39 18
41 30
48 40
32 48
28 48
25 27
22 30
24 2
35 23
19 18
6 3
14 41
41 25
20 44
28 16
1 17
39 8
12 24
29 33
46 17
41 27
21 37
9 6
45 22
6 21
28 1
47 28
22 33
20 6
12 33
33 26
22 49
14 11
9 29
10 38
44 23
27 1
38 32
7 47
33 20
8 7
47 26
43 14
5 31
38 21
30 2
8 44
36 15
50 38
7 31
36 37
36 23
16 10
35 24
2 15
46 38
32 9
48 9
37 15
21 6
40 27
47 25
44 22
26 2
10 29
36 45
27 42
46 1
39 24
33 16
21 39
42 47
35 30
6 24
23 46
48 25
9 19
22 5
2 7
41 18
25 17
35 37
9 18
10 19
28 3
42 45
33 23
5 2
23 45
20 41
1 27
41 20
31 19
1 20
49 31
24 20
2 49
5 19
46 23
9 22
26 9
45 34
1 19
24 38
9 13
20 16
7 14
23 40
7 9
48 35
16 26
36 23
8 15
18 8
4 50
31 11
14 27
37 44
13 32
26 34
45 13
22 5
10 23
29 26
29 11
32 9
32 21
4 16
6 23
9 28
1 22
48 35
36 34
12 22
35 22
41 9
5 28
8 24
37 8
19 15
7 34
44 42
16 24
11 46
40 21
43 18
1 8
32 1
31 15
18 19
3 48
14 26
4 13
49 41
9 46
31 4
32 14
13 32
39 47
24 17
28 2
7 1
27 10
20 28
21 37
13 31
47 6
33 29
46 30
35 20
26 1
41 47
19 39
43 11
6 31
33 47
36 17
19 28
47 18
33 11
29 20
46 18
18 26
22 43
24 14
39 49
40 33
49 31
38 12
10 43
11 8
3 34
17 10
39 9
49 24
31 8
12 23
25 16
47 27
12 3
27 30
26 31
32 36
42 44
27 6
50 27
39 1
14 27
45 6
47 12
5 6
48 3
17 48
27 24
12 33
45 24
17 13
12 47
33 8
32 1
5 50
20 9
18 3
22 12
9 42
28 15
25 21
37 46
38 42
7 39
40 10
45 48
23 47
50 4
41 38
23 43
28 49
5 36
4 15
45 17
35 30
25 35
47 46
46 24
17 18
24 12
18 4
50 42
13 22
34 13
14 38
41 19
8 9
37 27
24 21
25 15
9 7
42 5
36 42
8 32
35 4
31 22
44 28
22 32
34 28
13 2
49 14
16 38
21 27
41 20
24 31
14 32
31 45
37 24
50 2
32 49
30 7
23 3
25 38
13 50
27 10
7 30
26 10
43 23
24 19
40 7
23 28
37 3
38 5
47 37
48 9
4 7
45 38
1 10
30 39
48 16
47 50
43 24
6 11
35 17
40 46
21 42
42 7
8 24
33 12
2 22
3 13
34 5
7 50
12 41
20 16
25 4
22 39
14 20
31 42
8 3
37 9
40 5
32 23
31 13
42 22
12 36
3 42
21 10
15 5
35 22
30 35
13 44
50 7
34 17
38 32
47 2
31 28
8 22
44 9
2 30
21 36
9 42
31 22
34 49
25 46
26 48
16 9
48 50
29 18
40 9
48 24
7 19
39 34
36 3
43 39
26 44
23 37
39 21
22 5
5 3
42 2
8 3
45 16
38 40
8 49
33 40
46 15
9 27
32 6
10 7
32 6
24 33
35 49
14 8
22 39
15 11
31 18
14 13
12 29
10 48
17 37
6 10
16 40
44 10
30 48
31 50
48 11
31 40
28 41
34 1
4 5
11 2
31 17
28 47
13 17
21 41
37 36
9 20
15 33
9 30
44 35
21 14
48 39
23 7
40 16
13 45
23 6
8 50
19 37
38 1
47 15
46 23
26 24
43 28
14 6
11 17
19 49
5 24
31 41
24 33
16 3
24 50
8 10
44 28
25 50
40 29
27 12
14 10
24 30
44 2
21 26
15 17
31 25
3 16
18 28
45 20
1 28
49 3
36 14
30 42
23 1
3 10
30 7
47 21
20 10
14 7
8 42
44 38
43 34
10 26
16 49
22 42
38 4
19 15
12 31
38 42
47 35
32 16
23 33
19 35
21 14
16 4
30 44
47 4
34 36
3 6
11 29
8 16
32 43
25 49
49 23
3 13
34 25
6 18
24 22
15 34
12 28
36 42
10 4
43 29
35 47
47 38
42 34
48 30
40 39
36 24
29 32
46 29
33 15
45 33
35 20
24 4
12 2
44 15
47 6
35 2
30 38
32 17
42 49
27 39
48 39
27 39
5 13
31 16
38 41
17 3
34 42
22 41
48 44
49 32
35 42
33 13
16 41
23 43
45 27
42 24
15 35
27 46
31 2
30 2
12 35
19 37
49 14
48 12
44 43
33 37
25 14
11 35
44 40
45 18
45 17
34 48
1 49
14 42
15 16
18 29
29 32
12 49
4 2
4 33
12 20
4 21
37 28
13 49
42 36
26 43
27 28
40 34
14 33
36 32
36 15
1 27
17 48
9 14
34 6
10 25
11 2
33 19
36 19
16 31
28 49
41 14
49 32
21 40
1 38
29 42
8 10
50 3
32 24
48 3
42 8
16 12
41 32
13 1
37 1
29 6
32 11
27 13
34 47
14 31
19 43
39 25
39 22
42 17
50 28
27 4
44 21
21 1
7 37
32 16
33 13
31 44
39 49
45 31
45 37
11 43
26 14
48 7
14 36
32 50
29 27
21 11
8 36
15 40
7 17
46 48
49 1
46 22
21 29
5 43
14 21
34 44
24 7
49 13
7 10
32 14
48 26
12 27
25 47
38 20
47 12
25 40
26 2
3 14
9 40
34 7
20 43
48 21
42 30
2 15
39 3
10 4
19 13
39 1
11 41
34 45
4 26
19 38
37 50
1 15
38 8
14 16
24 4
6 13
1 42
39 9
15 47
23 49
13 15
27 18
11 13
49 40
18 26
27 17
6 17
46 12
34 47
46 28
18 12
25 16
19 46
30 27
13 8
19 2
10 13
30 37
16 12
37 27
7 11
7 6
42 38
31 10
29 48
9 38
47 23
16 48
6 31
47 21
5 24
26 30
42 16
43 9
13 32
25 42
13 15
5 16
49 47
47 2
48 5
17 27
44 29
36 17
24 47
44 6
28 8
6 30
5 41
16 45
16 36
33 38
27 40
31 28
49 32
3 24
6 8
19 31
24 44
3 31
25 30
18 42
27 10
31 40
14 4
9 34
30 1
15 16
16 31
30 2
23 16
38 10
31 41
38 4
50 46
45 42
17 33
46 44
45 29
44 7
10 43
48 32
21 38
16 27
4 31
2 26
11 49
3 26
27 46
28 30
12 41
6 24
31 22
21 37
46 22
36 31
5 36
4 37
36 43
31 23
4 30
41 44
16 15
23 50
14 43
27 10
48 49
42 40
24 43
24 34
29 5
10 7
5 29
8 5
17 31
15 8
11 15
45 43
16 13
3 11
20 9
48 32
26 31
6 49
25 4
26 13
5 49
29 13
37 42
9 34
13 36
25 21
30 12
41 14
2 38
34 39
11 42
32 5
46 19
25 33
1 36
29 31
20 4
40 17
43 16
41 15
1 5
34 2
18 17
34 28
19 24
39 25
28 36
29 31
45 3
1 22
50 35
12 8
38 19
44 13
11 35
22 3
14 31
38 3
18 8
42 34
41 37
20 49
33 46
28 5
13 29
37 1
10 47
9 11
20 3
10 42
42 2
27 15
20 48
24 5
33 41
43 19
27 22
25 5
37 50
29 18
49 33
21 20
19 31
27 3
24 4
2 42
22 30
22 24
3 30
26 22
31 42
12 26
7 24
43 23
25 21
20 41
33 38
17 12
27 17
10 5
3 24
8 9
24 11
12 24
34 6
43 46
49 38
4 44
14 48
46 1
33 44
35 8
45 48
37 33
19 7
13 15
18 7
15 38
45 39
25 44
25 27
46 35
49 46
41 43
9 27
39 37
4 26
42 27
41 35
49 47
2 48
4 41
20 26
21 19
50 30
9 50
31 9
40 20
10 31
6 23
42 26
45 49
42 15
12 10
12 20
42 10
30 23
40 33
31 29
49 42
24 47
50 47
48 39
37 2
13 6
46 14
28 3
31 23
24 18
50 23
42 13
45 30
16 8
31 34
17 45
5 1
47 38
30 44
6 39
13 42
49 24
29 3
44 23
13 44
5 14
37 7
19 37
33 34
23 4
47 36
50 44
9 49
14 29
27 47
16 40
29 24
27 48
5 13
42 12
29 49
32 1
44 35
48 44
12 38
42 40
18 46
11 50
45 39
2 12
31 20
39 40
15 4
6 42
9 44
29 10
17 14
7 50
47 36
40 38
45 27
42 31
46 28
20 35
50 1
40 32
33 45
34 27
30 32
37 34
45 25
22 23
44 33
48 40
45 16
22 10
11 15
34 10
31 4
36 6
37 13
24 9
7 35
7 39
30 32
5 41
4 25
9 17
16 5
4 44
44 40
46 12
37 6
42 46
45 27
50 1
2 16
48 37
33 13
49 25
28 14
8 14
19 7
44 29
22 12
23 1
41 29
7 37
15 2
1 3
23 11
7 16
38 32
34 15
5 28
11 28
41 21
5 18
37 1
2 20
49 10
27 9
43 8
20 6
14 28
32 14
46 4
20 16
37 28
33 13
3 17
34 28
32 40
23 45
32 2
27 12
43 37
4 40
27 5
33 3
23 26
5 23
14 48
15 16
21 10
45 33
15 8
10 23
43 20
14 32
18 27
27 6
29 37
24 17
43 21
35 19
15 11
46 6
22 12
16 6
11 25
10 13
50 15
41 21
24 17
3 10
15 10
5 1
18 39
25 49
28 47
34 36
14 40
26 41
39 48
44 16
27 6
3 33
34 28
2 45
42 37
38 15
24 6
10 19
7 36
29 28
46 3
28 34
25 49
47 19
48 2
35 5
14 27
19 14
29 37
15 30
13 16
48 10
47 49
38 35
35 39
36 10
9 27
28 27
1 4
6 38
46 29
46 2
19 37
23 25
16 46
24 39
24 37
30 49
34 17
31 9
47 16
36 4
13 50
23 48
27 24
14 46
20 11
38 40
17 3
12 35
1 5
45 36
18 3
35 16
36 24
29 30
34 1
24 29
25 39
23 18
29 47
27 22
26 47
41 33
48 11
23 6
21 16
12 24
15 6
34 21
36 41
46 34
7 18
47 46
16 14
37 6
41 8
28 1
7 39
38 21
20 49
30 42
46 4
14 49
30 26
46 12
23 2
20 27
38 33
21 8
4 46
27 33
8 7
37 12
6 24
11 5
50 10
3 15
47 30
48 13
16 39
15 49
15 46
39 29
28 39
15 7
26 3
43 16
9 8
44 26
48 38
35 47
35 8
47 2
3 19
45 9
46 13
37 34
44 48
39 17
47 35
8 41
12 9
1 44
1 49
40 9
25 35
31 7
33 14
6 35
7 19
10 2
5 35
27 39
48 14
31 15
45 40
29 38
30 43
13 3
29 46
23 27
40 2
13 18
21 44
19 2
5 4
24 49
14 47
36 42
4 13
24 37
49 10
8 32
29 12
19 39
1 10
2 12
50 11
35 32
19 50
21 3
50 17
11 47
25 39
23 48
26 27
45 43
26 21
38 29
35 32
28 23
26 29
24 1
32 29
46 3
29 14
36 14
32 10
29 19
38 25
3 27
19 14
31 42
30 28
30 24
22 35
22 49
47 13
21 36
9 27
12 4
32 27
40 23
1 20
44 12
33 8
11 50
27 28
48 6
47 44
18 41
15 8
14 49
9 18
38 44
11 6
29 3
45 22
34 11
21 6
9 38
35 34
45 48
22 37
12 9
6 31
14 46
46 10
41 6
20 48
22 4
23 34
50 22
46 13
23 32
21 13
13 38
43 44
33 37
44 20
25 6
21 19
25 34
41 35
23 15
24 6
10 11
13 29
22 24
29 2
11 16
43 36
22 18
42 21
32 44
49 22
20 43
31 3
20 11
24 30
29 26
12 48
19 39
33 26
39 14
35 34
28 17
23 20
15 24
11 47
35 21
3 30
19 35
19 5
1 27
14 47
3 1
41 24
49 5
22 23
35 21
10 27
7 5
6 21
18 49
9 33
40 20
33 38
38 8
43 39
41 49
33 6
27 50
24 37
33 17
29 1
43 32
14 30
7 35
43 27
15 39
5 25
33 25
9 49
11 45
36 50
35 27
35 15
43 25
42 27
32 42
45 31
12 46
13 9
45 38
21 9
8 30
44 36
7 39
18 26
25 35
1 12
29 18
47 40
39 35
50 23
35 47
42 45
31 32
9 5
28 15
25 41
14 28
49 2
12 21
42 26
2 3
31 21
41 27
6 20
21 38
49 50
11 27
17 32
27 45
43 29
30 34
25 48
27 18
30 35
32 47
49 8
23 9
35 49
20 6
20 34
28 48
11 46
37 5
29 17
11 48
25 50
7 8
31 44
10 26
28 10
12 38
32 30
5 17
34 14
37 34
15 20
30 20
49 33
9 46
31 41
23 21
42 3
45 24
13 6
9 37
49 8
44 35
34 29
18 36
50 47
9 21
12 26
34 1
33 5
18 41
47 26
39 17
22 47
34 37
43 13
37 27
46 50
16 23
18 42
12 9
39 2
15 35
22 7
50 26
16 26
5 14
43 22
47 21
33 4
7 20
29 37
24 28
42 35
9 16
33 11
14 10
21 17
40 7
50 35
42 11
27 49
24 5
16 50
38 46
12 37
8 7
38 37
22 19
8 20
2 12
39 18
45 7
27 17
31 20
22 10
9 24
38 44
5 33
15 27
10 45
7 17
11 23
17 45
25 24
3 47
28 15
41 31
18 4
43 50
15 6
21 34
50 28
31 43
2 43
39 48
35 29
5 25
16 43
15 20
31 50
40 9
13 38
29 12
32 12
41 8
7 46
16 29
44 45
45 27
19 22
25 35
13 22
45 48
44 29
39 26
14 46
7 43
27 1
24 4
36 50
40 38
5 29
3 7
30 27
45 47
29 32
30 37
6 21
48 46
16 26
5 14
24 9
28 5
34 15
43 10
35 18
32 6
20 5
18 12
2 42
39 17
45 25
15 30
33 1
1 36
48 38
24 30
8 26
38 6
32 8
20 38
47 40
15 28
2 30
50 46
21 37
44 2
31 38
17 10
12 4
16 25
25 12
9 12
7 42
19 36
40 28
21 49
43 24
42 40
37 34
46 14
34 6
24 38
45 37
25 29
25 36
10 31
38 7
7 44
34 21
19 6
13 29
49 44
10 37
24 39
11 4
36 8
16 14
24 36
18 2
18 41
43 33
49 38
19 9
39 21
32 8
10 46
17 29
22 46
28 24
21 32
2 16
12 9
5 20
27 4
43 6
14 1
46 23
23 6
1 36
25 10
14 43
35 7
11 13
42 49
1 17
47 43
49 9
43 3
49 29
29 30
44 26
40 44
3 27
14 22
32 33
14 47
22 20
27 2
26 49
18 33
10 50
25 49
17 48
25 6
17 24
26 32
31 12
11 12
37 32
6 38
24 21
42 27
22 38
26 41
36 25
26 43
9 36
4 41
44 34
10 24
8 49
45 14
11 36
8 38
32 31
40 45
26 40
3 36
16 8
19 41
33 11
43 41
48 35
29 26
25 19
15 23
34 39
20 46
28 10
9 43
40 9
26 49
47 22
19 41
49 28
14 16
32 42
22 39
43 32
14 18
46 39
17 18
31 28
30 35
10 39
15 3
38 43
46 1
13 28
3 9
9 6
18 3
44 7
21 44
29 30
22 9
43 41
11 33
10 45
34 14
18 16
5 32
12 34
13 38
20 18
34 48
6 32
50 14
11 36
39 5
42 38
30 18
10 48
25 30
17 40
43 3
16 17
21 13
20 37
50 8
47 13
43 23
44 1
37 26
36 7
20 30
18 37
37 2
16 42
15 23
1 47
48 10
39 26
27 9
2 41
22 1
28 33
18 45
22 10
22 25
50 25
9 43
3 42
38 49
26 23
27 14
40 18
40 4
14 15
25 27
43 36
18 28
38 9
46 18
50 38
2 46
18 24
15 24
32 34
34 13
13 45
25 45
46 6
30 26
23 29
3 28
46 44
35 42
26 30
6 14
1 17
46 3
10 7
9 42
2 50
8 27
22 16
14 39
37 25
8 37
37 43
6 21
47 38
37 2
47 13
15 46
3 9
25 5
42 20
32 13
29 44
41 1
44 23
50 15
6 30
1 14
20 28
22 38
12 50
2 24
37 47
36 32
1 31
47 25
1 17
15 35
10 12
5 2
50 36
45 44
26 39
19 40
31 26
9 31
28 13
44 7
37 4
30 10
8 22
21 39
14 7
10 11
37 43
43 19
13 30
43 4
7 47
25 36
35 46
2 19
29 3
50 27
2 5
41 11
38 8
15 39
24 28
4 12
35 2
23 16
7 29
22 24
48 7
3 8
15 24
17 12
44 15
21 1
6 24
36 49
17 29
23 24
7 24
7 20
45 4
25 31
4 38
17 27
33 2
8 40
39 44
42 45
7 39
32 17
40 41
31 14
35 8
16 31
40 44
45 16
19 16
33 5
7 5
9 11
24 36
15 27
8 13
25 19
23 33
16 11
21 11
14 42
37 33
11 5
17 39
8 39
28 10
29 26
3 4
16 40
33 27
40 32
29 24
26 16
40 15
25 50
2 15
48 21
34 30
11 27
24 50
37 17
37 32
12 26
34 49
37 27
37 11
39 16
1 8
36 18
34 11
38 9
3 45
25 28
26 32
13 16
28 2
43 36
26 16
17 48
30 23
14 38
17 31
43 20
48 47
10 33
19 7
39 14
13 21
6 36
43 48
45 41
8 34
17 16
2 21
22 10
36 30
29 4
24 26
25 46
36 41
6 25
49 13
15 19
16 23
4 30
17 1
17 41
32 18
43 3
29 48
2 45
39 7
8 5
9 26
19 23
47 21
25 19
12 37
18 19
34 44
30 3
8 25
5 35
26 2
43 30
3 39
12 40
15 23
45 13
15 23
34 19
12 23
13 29
39 2
7 12
29 16
10 25
42 7
11 31
16 42
50 25
24 21
12 33
43 26
20 39
3 36
39 2
43 25
31 1
31 8
34 15
44 42
14 13
25 46
6 11
44 19
13 11
44 42
34 22
1 16
39 30
38 41
26 22
8 47
29 18
10 29
12 11
42 9
30 20
11 12
20 40
41 33
15 43
23 16
42 12
18 44
17 27
8 45
39 31
5 45
49 20
39 16
29 11
41 4
36 38
32 41
50 31
27 29
44 40
13 2
29 34
24 16
12 19
39 21
44 7
34 40
28 18
23 14
3 19
39 27
9 37
33 35
8 7
3 12
32 38
49 13
22 7
15 36
45 34
42 7
19 28
25 47
26 3
48 27
31 15
14 1
23 39
40 6
16 33
8 43
45 2
17 46
20 33
6 15
25 11
49 27
50 39
47 16
6 33
46 8
36 7
7 1
9 1
37 12
45 10
20 3
20 11
48 1
15 17
41 16
9 50
35 29
35 50
28 10
22 18
50 12
7 2
48 27
31 42
29 2
37 4
19 22
48 11
1 24
39 18
22 25
13 38
37 41
43 34
21 24
38 31
21 48
18 2
50 18
19 47
30 21
30 46
19 4
30 21
50 34
6 38
12 24
49 14
23 36
31 23
31 9
34 2
21 19
38 19
18 7
20 19
7 32
40 22
21 14
34 4
25 15
28 16
28 40
15 33
45 2
8 36
47 24
20 10
50 36
15 18
32 7
14 16
20 16
34 24
1 41
38 26
32 28
28 46
36 4
9 18
22 41
37 25
24 42
26 13
43 2
40 46
38 49
20 25
3 38
20 29
9 28
32 16
5 1
19 1
28 13
35 10
2 1
21 41
20 38
3 16
17 18
35 25
41 27
16 11
28 45
6 16
42 9
34 1
11 9
32 21
25 41
50 11
15 26
48 21
33 5
47 30
42 9
12 17
18 47
25 30
37 49
35 44
10 49
37 24
40 38
28 11
31 4
13 50
43 5
16 49
7 34
26 1
13 35
20 33
44 16
20 50
1 20
30 27
31 2
3 19
5 41
36 8
11 29
20 48
31 16
39 1
24 13
23 16
27 17
8 38
46 25
32 2
3 2
26 9
15 32
45 24
34 19
43 26
16 28
48 35
30 32
5 24
6 15
19 17
20 6
29 8
45 34
43 31
25 16
17 31
50 11
41 35
47 25
38 35
18 7
1 43
8 37
20 7
30 24
50 45
25 32
39 50
17 39
10 9
20 7
27 31
3 35
45 13
5 24
5 26
23 19
32 43
39 38
50 47
14 28
39 25
36 28
24 18
47 19
45 19
46 28
17 21
50 13
17 1
47 11
12 25
43 2
22 48
8 35
36 16
34 12
40 49
5 16
5 30
35 47
45 11
36 50
35 40
19 12
37 26
10 14
50 38
48 41
35 11
23 10
6 17
41 19
47 45
47 15
10 30
9 46
18 43
38 33
21 7
33 2
16 49
1 40
7 27
35 25
4 21
12 28
10 50
20 37
4 28
21 5
22 16
19 24
3 45
48 49
5 17
12 32
6 35
36 47
12 34
14 46
25 19
47 44
42 10
13 35
10 4
23 12
12 31
17 40
31 2
24 45
48 38
35 37
48 44
37 15
45 34
7 8
48 9
47 26
19 2
26 14
33 9
25 41
24 36
18 17
13 39
11 13
46 29
48 38
37 10
16 5
42 30
16 50
14 31
50 4
18 5
36 30
14 5
50 48
34 31
21 43
36 19
30 20
20 48
29 50
1 11
47 17
22 5
16 49
5 23
13 48
36 2
45 49
22 30
33 8
29 1
11 23
13 32
30 47
1 39
48 21
43 46
49 40
30 31
5 36
40 17
32 7
31 16
31 16
21 9
4 30
5 16
27 8
11 46
27 30
14 21
22 10
7 30
43 38
26 38
34 42
25 2
42 4
31 5
4 50
42 9
30 47
47 3
25 33
5 6
28 42
26 42
46 50
43 16
27 42
29 30
26 34
8 33
14 32
50 8
9 40
13 4
43 40
32 29
50 1
25 17
23 45
35 14
41 9
44 11
3 27
44 27
36 11
9 40
6 17
41 12
38 34
21 27
5 18
34 19
42 30
35 11
25 36
22 46
25 32
25 23
32 49
24 13
2 7
11 48
1 41
19 48
32 42
8 20
7 26
18 45
26 12
18 31
28 25
3 38
2 8
8 30
43 44
34 33
7 27
39 27
45 28
1 25
10 33
38 32
48 31
20 9
23 30
5 34
20 37
24 35
24 21
14 22
33 32
2 28
36 33
43 38
22 47
48 17
18 50
25 49
27 50
34 42
46 27
2 21
40 22
30 27
49 28
48 42
21 49
10 23
12 6
33 7
21 28
40 34
10 11
2 7
25 15
24 2
9 41
2 37
21 47
47 26
49 32
34 11
24 8
49 48
14 48
22 4
14 5
42 29
33 34
16 37
25 35
33 12
17 45
25 17
37 44
20 17
19 14
12 10
6 49
33 15
12 49
9 26
16 27
43 16
28 6
16 6
25 14
38 32
33 38
28 26
29 40
39 3
2 11
27 29
1 8
22 36
9 40
6 18
15 20
31 13
17 41
34 2
19 28
20 18
43 4
47 9
45 40
29 4
49 27
6 48
19 26
39 41
48 27
10 50
32 16
5 1
20 21
50 20
9 41
32 13
13 18
40 34
25 16
24 48
2 15
5 46
10 28
24 30
37 23
7 3
16 20
49 24
12 46
29 30
16 42
39 22
11 12
45 16
20 18
40 25
37 30
43 8
30 26
30 6
8 5
7 34
23 12
2 43
36 18
22 11
34 44
10 2
8 45
6 14
39 14
36 23
4 46
43 9
8 9
31 19
21 32
42 45
41 30
38 36
28 18
44 8
27 34
2 20
22 3
4 20
23 1
15 36
31 3
25 18
11 47
26 4
43 14
30 33
40 21
17 27
42 1
22 19
46 14
27 13
8 26
1 19
50 27
15 50
48 50
31 38
32 18
48 46
42 20
10 22
50 23
21 31
30 37
45 39
31 8
26 40
6 8
36 18
12 9
29 9
1 48
25 35
10 2
24 13
2 13
39 38
46 47
43 21
24 8
20 39
10 34
14 36
26 21
6 3
44 48
29 37
36 7
2 29
36 31
35 48
43 24
46 20
26 12
9 50
24 35
20 10
9 24
1 19
21 45
33 6
50 21
13 40
10 21
10 39
26 7
35 49
40 50
31 29
43 21
18 25
33 8
21 25
24 25
14 31
49 33
36 43
48 2
5 38
20 41
20 11
8 2
36 4
22 38
26 31
27 44
20 18
4 40
32 21
41 24
4 41
38 46
22 28
49 43
5 23
16 17
45 48
29 30
29 27
1 49
33 31
21 19
38 45
29 26
28 43
43 21
28 37
22 18
22 7
39 17
13 32
11 46
12 41
1 36
49 6
37 11
41 32
16 3
3 24
19 28
22 50
24 21
43 13
12 2
6 21
1 30
7 17
17 10
3 4
39 9
26 37
26 38
27 48
30 24
38 22
9 45
3 45
42 14
3 14
43 27
39 29
25 18
16 22
45 2
4 5
28 5
23 10
22 2
10 16
21 42
46 13
8 12
3 46
11 9
23 14
43 40
42 37
13 39
48 36
10 43
17 8
5 20
23 34
47 27
28 14
42 39
37 33
4 29
15 38
22 34
34 3
6 5
32 40
49 48
5 14
39 20
19 39
10 45
43 49
37 35
21 28
22 35
3 45
8 37
36 27
7 13
41 14
13 29
32 24
41 18
37 31
24 32
37 16
23 48
5 20
37 15
48 46
12 35
16 12
13 46
41 34
49 10
36 6
21 13
46 31
38 36
42 18
1 22
7 48
5 46
46 5
25 20
23 29
40 49
35 9
9 23
34 33
22 15
18 10
5 9
23 12
22 45
29 33
4 16
30 17
3 43
30 17
28 24
19 33
21 22
21 37
8 46
3 20
35 5
34 22
33 16
16 11
33 29
4 15
18 4
13 45
41 43
4 12
30 9
30 33
29 46
28 49
42 2
30 33
34 49
38 48
17 48
21 3
15 46
23 1
23 11
40 21
38 32
30 46
28 37
38 35
22 7
27 8
43 32
30 22
29 47
6 20
17 26
37 28
29 45
19 21
1 38
15 30
48 15
35 6
9 23
33 5
15 12
47 1
4 39
48 2
9 17
13 29
38 40
50 31
3 27
16 45
38 24
5 11
35 22
48 39
47 40
45 42
43 14
1 20
2 27
39 38
39 3
9 25
5 12
47 48
21 19
46 11
42 19
29 39
26 34
22 23
14 2
2 34
18 3
23 36
26 19
26 28
11 21
30 47
15 33
8 11
34 28
47 15
34 13
45 38
47 31
49 43
36 24
41 49
34 5
12 27
36 32
26 41
13 34
20 37
28 16
37 8
16 27
25 30
22 17
45 42
21 36
23 19
17 11
17 9
26 49
9 48
42 44
9 10
27 6
18 30
28 32
46 31
50 20
48 44
27 8
7 28
1 22
33 31
26 40
33 14
47 1
18 17
20 17
34 30
35 31
21 48
32 17
39 32
39 48
8 32
33 36
30 8
12 6
31 7
2 19
46 44
7 21
35 2
26 25
34 3
14 37
50 6
34 19
50 34
10 11
28 19
10 25
14 32
41 37
43 4
47 6
3 41
48 18
30 46
25 3
2 9
48 2
1 44
17 46
1 24
30 17
10 39
38 45
21 1
6 43
26 35
37 25
14 32
16 45
7 8
21 14
20 19
32 12
25 30
29 30
41 40
30 29
47 34
38 40
11 12
22 24
15 42
12 21
49 37
49 5
33 36
39 34
23 1
42 29
23 37
15 19
45 2
2 35
30 41
8 48
45 38
24 42
49 44
5 10
39 14
36 10
44 48
27 40
45 12
45 37
35 12
35 19
39 32
20 46
29 46
20 33
38 17
39 2
4 10
23 13
36 7
25 10
30 33
34 25
33 49
32 13
30 36
9 37
28 13
33 18
10 11
5 14
25 43
16 39
14 26
35 47
49 2
5 11
7 15
35 1
15 35
46 24
50 23
6 37
16 45
27 16
10 40
44 10
16 44
21 17
22 27
49 15
11 40
49 16
15 10
43 24
18 22
31 24
3 10
9 11
23 50
19 16
39 28
32 35
21 42
5 1
44 17
23 11
44 6
47 6
27 29
8 42
43 24
28 45
6 4
40 24
35 7
45 25
10 7
48 42
20 22
45 13
2 9
13 23
43 17
36 42
11 20
17 13
22 4
21 26
45 48
40 12
25 9
22 26
23 36
42 4
32 8
29 47
35 49
27 13
29 14
21 3
33 4
10 27
1 31
15 49
19 45
18 14
49 13
21 38
28 49
7 9
10 34
8 31
24 14
42 24
13 22
5 20
14 3
23 33
31 2
13 34
36 15
4 45
37 49
21 47
5 10
37 30
14 34
11 1
30 3
9 19
42 24
34 32
49 12
39 25
42 30
36 24
25 22
26 2
45 35
37 27
28 45
42 13
44 23
43 24
31 17
3 48
39 28
44 27
40 36
13 26
31 10
44 7
47 43
50 42
2 4
37 10
23 19
14 47
6 40
26 36
18 32
41 29
3 49
35 7
26 35
44 10
27 35
33 8
15 46
14 23
1 45
26 46
47 1
32 16
10 9
11 16
3 50
31 16
23 38
45 25
36 31
25 35
22 5
34 33
10 40
8 44
50 26
31 4
30 31
30 13
12 38
10 25
13 8
46 40
34 19
19 4
44 38
5 22
33 16
5 38
27 16
13 10
40 11
21 34
35 33
10 18
34 47
50 25
32 7
48 25
23 6
28 39
40 18
9 28
18 5
47 50
17 46
26 43
47 48
43 50
22 23
45 3
24 18
50 26
42 18
46 33
1 45
28 37
8 11
25 33
37 39
34 3
38 27
49 8
10 25
40 8
35 12
37 26
45 18
47 21
48 29
25 37
40 46
45 46
20 42
41 15
25 5
27 4
19 44
21 24
45 36
31 3
40 27
1 47
46 40
32 13
30 12
11 29
13 25
11 37
3 23
29 3
12 25
32 34
27 49
29 46
35 49
24 22
48 28
21 18
16 5
47 2
36 8
49 22
42 28
35 36
22 32
29 31
7 6
40 24
6 46
37 5
33 47
29 32
12 17
11 13
45 28
33 1
2 39
38 48
48 42
10 43
5 38
48 18
27 30
16 12
8 3
31 35
28 26
49 28
48 18
5 50
8 22
17 19
40 19
7 16
48 30
48 38
8 34
31 13
3 9
16 20
37 13
29 30
43 16
47 41
48 27
33 32
25 42
2 17
7 33
32 3
46 26
2 3
49 22
10 8
43 31
19 44
5 33
18 36
50 32
24 22
39 8
8 50
47 32
15 23
32 31
16 29
11 22
38 37
39 2
20 25
29 17
38 11
30 49
29 14
20 42
29 27
8 32
26 40
29 40
27 48
7 43
45 41
37 43
16 44
9 13
21 6
23 36
38 16
2 15
6 49
19 45
6 27
45 43
10 6
23 5
24 17
13 3
2 31
31 11
10 7
40 48
7 30
9 2
40 39
44 42
2 44
47 17
27 8
49 39
15 49
49 27
31 39
1 30
11 28
46 5
4 31
8 9
3 12
7 25
41 40
21 22
13 35
33 14
47 5
34 11
27 40
42 39
17 25
4 5
24 27
22 11
35 2
20 45
29 17
41 39
28 14
11 5
12 36
3 39
25 39
20 50
4 39
26 1
43 15
40 21
30 8
10 30
1 39
17 42
35 41
31 26
12 5
36 24
49 5
7 42
40 1
8 14
22 23
25 22
9 27
42 12
41 23
22 42
15 32
5 23
39 42
36 7
44 2
32 27
32 34
28 43
13 34
22 27
35 33
11 20
33 3
2 10
49 20
14 45
23 2
50 30
21 9
27 42
6 9
25 24
21 26
49 22
31 17
35 19
15 31
44 17
16 23
44 41
18 21
50 47
37 3
38 27
3 30
36 48
4 43
17 33
46 13
26 40
29 4
48 50
4 39
37 41
32 36
20 18
50 12
44 22
50 33
12 43
6 14
50 23
39 24
19 20
12 41
6 43
39 42
26 32
11 6
15 23
45 11
46 20
40 11
30 27
40 3
7 24
45 44
32 24
29 6
43 29
21 14
29 38
40 27
9 23
34 35
15 43
19 4
6 30
8 33
21 37
31 4
45 39
17 18
20 44
39 49
21 31
16 3
29 44
6 16
10 23
31 26
31 9
35 44
27 39
19 37
34 21
19 46
26 25
26 22
30 34
4 14
37 30
12 37
41 11
1 29
4 41
37 38
47 20
45 50
25 27
10 19
25 22
20 41
49 41
28 38
21 3
24 19
26 24
7 9
47 24
30 44
21 14
21 36
24 15
11 3
31 3
44 43
47 27
13 30
39 4
24 49
33 40
41 9
47 40
42 17
6 48
19 31
35 28
48 41
28 19
43 22
36 39
50 39
36 3
13 5
40 30
17 23
7 30
8 32
19 31
12 5
2 15
10 21
43 30
36 44
26 47
50 41
34 31
3 16
34 30
1 19
46 11
13 44
9 12
50 33
20 43
41 32
5 21
33 42
15 28
40 46
3 27
20 32
6 13
40 48
42 40
30 34
10 38
41 32
14 13
22 30
1 16
20 27
46 17
45 9
26 19
43 9
3 42
25 13
34 47
3 21
32 7
43 47
11 6
49 17
45 11
24 25
25 11
13 16
29 18
5 22
47 30
21 24
31 15
40 1
15 36
4 32
38 33
46 35
19 43
30 28
6 49
46 12
1 10
22 19
5 12
32 12
31 37
41 36
19 43
45 28
37 28
14 22
36 20
7 48
1 28
35 32
29 42
34 31
41 11
44 3
31 46
28 32
16 37
13 24
21 22
35 49
40 2
24 25
22 41
34 19
47 39
20 13
12 16
31 33
47 49
25 9
17 15
1 12
15 29
17 13
4 15
27 36
2 6
19 8
27 12
31 14
49 10
6 16
26 39
15 20
18 38
8 12
48 31
25 37
23 45
3 15
21 5
49 23
32 42
50 12
41 30
28 37
47 32
12 43
10 5
15 49
20 13
20 25
7 5
31 12
10 21
12 8
33 18
13 17
26 49
48 17
39 40
19 35
14 31
40 31
28 2
34 19
25 21
30 24
19 29
14 41
15 10
26 25
41 29
14 45
48 45
26 36
33 22
27 16
31 4
13 21
44 21
34 19
16 8
37 11
19 39
12 14
37 16
43 3
25 20
8 50
20 38
7 11
14 17
23 32
45 49
36 17
16 9
41 43
35 28
41 21
46 13
16 4
10 49
34 10
29 31
44 13
25 16
25 8
20 34
6 14
48 41
13 22
38 39
12 22
44 14
35 29
35 7
50 15
34 26
30 41
35 4
37 10
45 13
41 48
19 22
12 9
12 31
41 23
33 13
8 18
37 39
22 20
29 50
12 45
40 39
9 43
37 10
19 43
34 26
38 10
22 12
36 16
28 42
21 16
20 13
22 30
23 12
12 25
27 4
50 36
8 11
2 11
31 25
1 5
31 33
9 35
22 12
48 22
15 34
31 38
5 6
33 3
47 1
26 25
16 40
1 48
21 42
17 36
13 38
20 35
32 21
12 23
10 34
8 31
23 21
39 2
20 14
29 5
48 28
29 32
37 41
3 40
45 31
11 3
31 43
27 23
30 18
3 38
29 30
39 30
11 49
2 23
47 28
3 45
27 4
14 18
9 19
42 24
20 49
42 44
20 43
13 44
43 49
19 2
21 24
24 17
37 45
31 14
24 30
16 34
44 43
8 16
21 10
19 16
48 11
44 15
22 12
18 13
28 22
4 31
42 8
48 2
20 46
26 27
24 13
6 15
30 37
14 48
40 33
23 3
45 48
12 6
9 38
3 6
48 29
49 30
29 16
34 49
21 9
22 29
37 50
40 21
1 2
8 43
23 39
43 4
34 25
30 5
24 46
4 15
10 11
1 15
24 37
29 37
24 17
25 8
6 44
12 2
37 50
5 37
44 34
19 2
37 5
3 12
37 18
13 19
32 36
6 49
11 13
36 17
50 47
12 49
30 17
47 3
50 11
11 3
19 42
11 27
46 20
45 34
26 23
48 41
10 21
11 50
19 43
30 23
34 43
40 22
8 39
5 9
11 40
39 10
9 4
22 20
37 42
48 16
26 25
35 32
18 9
42 47
31 33
34 31
49 45
1 10
41 26
11 17
40 50
26 37
9 41
36 33
3 32
31 47
46 11
18 4
14 31
19 2
35 3
21 9
25 35
24 2
27 7
19 28
26 35
18 9
41 44
17 26
11 10
18 49
34 44
5 41
45 3
3 6
43 34
15 7
48 3
48 50
49 27
14 50
40 50
32 46
34 47
27 3
17 30
50 24
4 30
30 37
24 33
34 7
6 29
8 29
43 2
31 33
23 27
46 48
16 45
30 7
18 6
35 27
23 39
44 28
11 9
4 43
29 49
34 23
30 13
42 17
37 1
50 16
11 49
37 22
13 44
2 34
12 27
26 43
39 50
7 28
21 29
16 20
30 44
19 22
42 17
26 37
15 30
41 33
29 20
32 47
36 50
3 41
18 10
16 32
22 34
2 3
7 36
37 24
40 6
9 49
40 38
18 15
42 27
28 29
28 42
40 44
24 48
15 3
19 45
14 30
47 18
12 39
28 16
8 10
4 5
42 14
42 36
25 27
20 22
15 1
35 27
15 3
49 40
12 3
13 19
7 14
32 4
30 16
25 2
13 14
46 9
48 37
23 7
20 2
33 38
15 25
35 47
37 27
24 29
14 3
46 12
21 44
29 17
5 31
32 12
27 20
47 3
25 28
29 44
6 33
9 14
39 40
44 45
36 22
13 49
6 50
35 16
30 3
50 36
26 33
6 9
8 35
49 11
10 26
12 7
49 38
28 5
20 40
39 13
43 22
44 18
37 33
25 10
2 13
44 49
21 19
22 5
39 34
33 18
33 46
26 46
44 2
4 33
13 12
16 7
38 15
46 18
14 47
18 13
25 31
41 18
41 19
1 14
7 36
14 5
30 31
16 26
8 23
44 10
41 42
22 10
26 18
27 12
22 39
9 26
50 25
29 48
10 19
38 6
6 47
36 19
28 24
27 25
13 47
34 10
1 41
13 48
26 29
47 43
48 11
44 18
46 28
18 38
3 18
20 8
18 5
22 6
20 25
49 4
22 8
28 37
41 9
20 40
46 30
35 17
16 12
38 17
44 32
4 47
43 1
4 27
2 37
39 3
28 3
19 8
1 16
16 3
45 18
31 39
45 18
11 27
25 20
2 26
18 30
17 1
44 7
16 13
48 7
18 49
28 36
22 5
7 47
1 7
32 46
44 14
44 39
50 19
45 38
32 30
28 27
47 6
30 3
47 6
9 1
5 41
13 8
7 49
46 35
10 17
14 27
6 17
23 11
35 20
5 42
44 41
9 7
6 29
11 41
45 39
14 28
7 17
4 20
14 21
9 29
1 17
24 37
24 49
5 28
18 42
38 49
27 46
31 17
50 28
31 22
39 16
21 23
34 39
44 4
47 17
40 17
50 44
16 31
10 25
11 36
30 19
50 22
35 39
29 36
34 17
34 49
20 11
13 10
40 18
2 6
33 30
7 50
36 2
13 21
27 46
4 46
16 32
29 6
11 25
23 22
14 33
4 35
38 32
13 26
37 23
13 20
46 39
47 9
19 15
48 34
23 13
50 31
3 25
13 19
6 37
42 18
29 35
28 21
47 43
49 47
37 48
36 41
36 47
27 18
8 22
28 34
41 12
32 8
39 20
21 23
39 4
8 2
29 9
48 6
49 17
25 47
11 33
18 40
39 29
48 46
5 15
2 31
30 35
28 40
9 11
12 6
26 16
48 15
41 35
39 43
10 35
39 43
48 28
37 21
9 8
31 45
40 16
12 4
35 16
14 20
44 50
34 36
32 25
39 2
22 40
50 6
7 25
40 29
13 9
35 22
1 24
25 36
9 16
23 46
26 34
46 3
38 25
37 12
10 26
29 49
19 15
18 50
11 12
33 9
33 47
32 46
46 42
43 25
17 8
10 1
28 32
34 23
43 35
22 28
24 30
47 43
26 31
44 16
20 44
19 34
3 26
22 19
13 50
32 21
40 37
34 49
45 37
2 27
24 30
34 33
8 23
24 38
46 48
33 22
2 46
20 49
42 48
42 19
44 22
33 35
49 1
32 29
46 12
50 20
38 6
22 10
3 11
46 15
23 34
8 14
39 21
19 44
32 44
7 18
17 19
37 31
5 44
41 26
7 15
42 49
44 20
29 45
24 39
22 44
9 36
21 6
6 19
39 34
14 23
14 2
41 29
43 46
45 6
44 18
13 42
39 20
24 17
40 44
5 26
25 24
12 6
45 40
47 27
20 27
4 12
23 20
46 40
18 44
19 13
13 7
6 46
28 46
31 19
35 48
46 26
38 8
20 8
11 4
44 1
4 28
33 29
32 42
6 17
11 34
11 34
50 31
6 29
11 19
4 34
50 35
3 45
18 2
19 23
42 19
37 27
2 9
40 33
21 27
34 25
32 9
36 25
15 30
41 47
31 41
39 42
3 36
32 40
11 9
16 25
7 43
40 4
1 47
11 26
49 11
15 6
9 33
25 9
32 9
5 16
2 8
25 34
41 18
50 45
28 35
28 31
29 41
24 40
3 13
21 5
25 19
17 18
48 32
5 14
34 33
3 9
24 49
50 30
25 48
41 4
22 37
22 5
29 13
13 7
49 12
15 39
25 38
5 29
46 5
41 25
22 21
48 16
33 21
40 6
21 48
10 48
21 8
14 48
14 15
25 18
29 41
50 5
33 24
14 23
47 37
16 10
8 20
10 32
28 4
26 2
30 29
44 17
35 5
40 23
6 22
36 21
8 27
22 50
47 12
30 45
31 6
36 43
27 19
30 26
11 47
33 27
41 30
21 38
17 27
39 21
29 3
14 28
20 38
50 49
49 34
4 14
23 25
10 31
7 34
27 36
27 14
36 34
37 7
50 17
30 19
6 20
10 28
1 34
17 10
40 18
50 18
27 7
11 33
46 50
14 2
22 14
14 40
2 17
35 10
4 10
35 9
34 21
39 47
17 22
31 35
35 26
29 30
17 10
45 24
8 28
17 50
20 38
37 15
25 12
49 22
28 24
14 10
21 30
2 38
36 50
35 38
36 14
21 31
34 49
13 30
43 32
48 24
38 47
5 19
18 28
7 14
41 29
9 2
38 31
45 33
25 32
27 32
31 3
25 30
4 5
32 29
15 38
15 31
37 47
6 26
47 37
19 5
2 23
11 32
34 44
1 30
30 3
32 24
17 13
18 46
21 2
14 37
35 30
29 13
7 21
46 29
42 17
30 6
21 16
47 49
21 23
39 37
41 32
14 49
22 3
39 27
23 41
45 39
8 3
17 39
35 1
17 13
32 9
9 50
40 12
30 33
9 19
25 38
16 39
39 6
39 23
39 22
44 21
25 14
46 20
13 48
19 44
10 41
22 37
10 37
22 16
50 42
9 39
20 44
7 26
20 25
26 7
16 13
13 19
3 12
41 11
37 14
50 19
30 1
29 20
46 18
18 9
24 22
27 20
44 32
5 11
50 30
38 11
8 22
44 48
11 5
9 24
33 41
5 35
23 19
14 40
1 28
48 41
42 20
5 47
1 16
18 10
45 3
13 35
4 27
22 20
16 41
35 34
4 10
48 40
23 33
26 15
34 6
1 16
42 50
17 3
35 7
34 12
49 46
18 46
4 6
42 48
17 43
23 41
6 22
20 22
11 43
23 40
3 49
1 27
37 3
16 23
45 26
11 23
40 6
9 30
25 39
9 18
5 16
31 39
17 10
39 27
44 21
29 27
26 37
42 2
13 34
22 30
21 10
49 11
8 37
11 3
40 20
11 14
38 2
12 36
22 27
17 26
1 6
40 37
24 44
36 14
1 27
17 39
36 5
27 10
10 16
23 7
8 31
26 19
24 28
31 13
26 36
4 35
29 3
27 45
42 26
40 41
45 13
25 21
11 20
30 42
48 25
31 41
11 9
18 14
30 33
32 8
6 5
38 37
37 48
34 42
26 3
34 46
23 21
8 36
35 2
7 24
46 40
23 1
1 12
14 16
50 43
26 1
38 9
43 1
38 32
7 46
1 32
36 50
37 16
24 39
28 39
1 38
48 38
17 1
13 46
43 40
7 18
9 30
30 25
8 20
43 13
41 2
29 25
45 10
16 22
44 10
39 43
19 38
2 17
42 32
23 19
12 40
16 35
15 36
48 6
20 8
45 8
15 20
38 15
36 15
3 2
21 25
48 36
48 50
2 22
41 39
28 32
28 8
40 24
9 33
41 40
11 12
30 44
28 5
7 26
20 44
19 13
4 31
8 11
16 43
36 14
34 17
12 15
12 31
1 26
13 43
44 41
27 10
16 5
32 17
25 11
19 10
23 16
37 36
17 31
31 9
20 14
8 30
12 9
12 27
6 36
23 15
21 15
49 8
28 30
43 15
41 32
30 31
8 26
7 29
45 1
45 26
13 48
14 18
11 33
28 7
19 12
28 37
4 14
26 25
7 13
30 17
25 32
29 50
47 40
50 21
47 14
16 11
14 12
44 42
7 43
26 22
41 31
29 12
49 3
36 34
42 44
32 45
34 10
29 20
40 13
8 30
18 28
29 47
42 25
19 29
40 46
22 25
40 17
25 10
25 1
12 10
2 10
20 10
4 40
31 11
48 45
13 10
28 45
22 31
13 36
9 13
41 4
29 11
11 29
23 22
36 34
39 25
29 21
9 40
28 41
12 50
34 14
19 26
36 22
50 36
24 20
6 20
30 10
41 20
20 11
31 49
25 39
22 2
16 31
39 24
38 25
18 41
13 16
30 8
36 24
36 48
19 15
37 29
3 9
25 45
36 46
44 13
37 27
28 32
39 29
32 31
10 28
6 35
26 5
7 14
23 49
1 23
33 1
20 2
19 17
30 17
27 37
26 29
48 43
30 7
27 32
34 27
13 45
42 31
40 14
17 3
8 30
49 16
20 7
48 20
13 21
40 9
11 6
16 48
40 11
16 1
6 24
7 30
31 35
13 42
11 45
21 41
44 22
8 48
28 30
12 46
15 44
47 17
33 24
2 32
25 3
45 25
19 38
20 46
11 34
22 5
3 4
35 47
16 7
19 28
7 11
9 34
34 32
13 20
36 6
18 43
40 14
41 7
43 2
24 47
41 6
26 36
4 16
25 22
32 15
16 44
45 6
11 47
27 8
21 14
33 2
46 4
33 38
35 36
36 7
29 18
48 45
45 5
35 20
35 46
25 43
34 33
33 11
45 24
22 7
24 14
33 35
39 48
39 10
6 4
33 35
16 23
3 1
32 39
37 43
47 37
44 14
46 22
9 36
9 7
39 4
20 6
39 3
39 37
25 49
11 27
24 27
6 7
19 43
10 43
49 16
14 37
25 1
23 50
6 28
4 10
40 10
5 22
8 2
9 4
19 4
12 4
50 25
34 42
33 22
34 41
35 29
1 45
15 25
42 33
6 33
21 19
34 42
16 2
4 37
11 42
37 13
41 19
25 50
21 14
14 41
50 41
11 19
31 15
23 43
11 22
23 24
7 5
28 13
49 9
35 47
10 13
49 13
49 15
20 18
40 19
6 38
1 5
15 23
29 31
21 3
43 18
35 13
19 40
35 1
2 30
21 43
9 8
5 33
34 33
15 45
42 22
19 36
41 40
47 22
6 39
24 46
40 27
44 1
23 40
45 14
42 20
28 15
37 31
7 17
19 49
37 29
35 2
38 45
37 12
39 5
12 17
35 22
35 49
26 34
11 24
6 38
49 37
30 15
30 19
25 48
25 49
35 44
2 4
44 32
48 37
21 15
16 45
9 46
11 37
17 27
24 43
38 41
33 44
23 37
41 11
5 27
25 41
12 6
11 49
26 43
2 43
49 20
21 11
36 41
39 35
5 12
42 25
38 36
10 31
5 36
8 26
12 3
35 50
24 1
24 15
24 11
22 50
27 11
22 1
11 37
9 23
23 10
30 16
21 48
37 44
21 24
31 34
19 11
50 26
23 24
38 15
39 10
27 39
29 22
5 20
6 12
46 50
30 1
22 12
39 47
1 39
38 2
5 19
1 44
28 36
37 42
18 37
3 13
43 46
24 25
19 40
18 26
29 1
5 49
3 22
32 33
19 15
18 30
6 35
7 18
12 17
28 21
20 27
16 47
1 5
1 30
48 20
36 27
10 29
38 4
21 7
10 45
5 46
22 41
7 11
7 42
26 46
31 33
8 22
34 13
42 6
16 47
42 26
5 44
12 5
23 9
50 39
35 19
6 31
32 31
16 12
29 34
14 37
9 46
14 35
18 47
3 39
15 22
11 29
8 18
26 34
18 21
3 13
50 29
45 38
4 23
11 15
35 13
30 25
27 7
49 11
18 24
44 26
19 35
18 40
26 19
32 5
49 43
38 47
14 50
9 28
41 25
46 35
47 49
40 21
10 40
19 6
40 21
1 24
10 45
6 36
36 35
8 41
7 30
7 47
38 47
22 32
13 41
1 33
37 17
6 26
18 36
38 14
49 30
2 46
42 43
4 47
33 47
8 9
40 16
37 26
10 20
37 47
20 10
48 11
46 30
30 15
40 12
31 27
21 34
21 9
21 32
32 26
11 6
50 24
21 37
14 10
39 34
20 13
31 2
50 13
49 3
40 12
1 16
28 2
50 22
4 29
5 32
28 29
35 45
43 2
12 1
6 43
23 8
15 11
28 39
6 22
9 44
5 25
50 40
28 3
40 4
7 47
21 20
23 17
19 41
4 30
41 28
7 35
35 21
42 28
32 43
3 29
34 23
35 45
44 26
5 46
32 4
8 31
5 46
50 6
42 12
47 29
32 36
35 4
1 39
17 21
19 44
17 2
47 4
44 2
1 9
31 25
36 37
36 1
30 32
5 15
29 27
21 19
21 24
39 33
29 28
44 2
9 41
7 41
45 46
24 31
5 7
46 43
13 24
26 10
14 45
15 31
50 18
45 17
30 38
18 43
43 30
17 36
24 50
40 10
32 15
14 21
20 41
3 30
3 48
31 47
28 11
21 23
15 40
35 32
5 48
10 35
44 45
26 47
25 17
44 4
13 48
23 2
44 38
9 34
9 19
27 14
44 10
28 46
22 1
48 40
40 42
32 9
30 17
30 43
7 34
25 27
11 4
26 29
49 42
22 43
37 8
29 49
30 6
32 36
27 44
16 48
20 23
42 26
26 24
47 7
13 29
26 20
23 18
9 45
20 48
33 39
13 17
2 39
2 11
13 36
18 28
50 38
13 35
19 7
12 7
18 32
41 28
2 8
9 25
27 37
20 25
2 37
38 3
30 41
27 44
3 49
39 42
25 33
5 34
23 40
10 18
48 19
4 47
23 8
31 4
43 36
8 10
22 44
19 21
22 41
12 39
5 43
17 33
28 14
10 23
46 47
47 12
47 6
35 18
48 11
9 43
2 22
42 50
36 32
32 39
30 33
3 37
13 46
26 18
36 27
37 35
45 27
43 24
29 2
29 25
34 39
12 33
4 36
43 32
42 14
8 30
32 34
27 35
35 40
25 39
49 4
13 6
5 18
3 14
8 14
23 15
22 26
40 46
14 28
47 2
19 3
27 19
34 1
35 25
39 14
43 1
35 11
25 41
25 35
37 39
25 29
2 10
16 30
2 10
30 9
3 23
35 46
19 39
48 1
31 46
35 16
14 33
15 14
22 49
28 32
3 42
4 18
30 5
15 20
27 50
25 7
16 17
6 46
9 36
48 50
45 10
8 6
16 41
25 31
35 3
46 4
13 11
27 1
45 27
20 38
48 31
21 39
23 37
26 45
41 48
32 46
10 35
7 34
9 36
18 44
40 24
9 26
37 17
34 44
38 4
20 11
12 15
38 16
15 21
32 44
43 4
15 22
34 48
26 42
9 39
30 36
26 34
11 24
11 21
42 7
36 48
5 36
18 42
22 49
2 25
14 41
45 37
50 16
25 5
24 1
3 30
9 21
12 36
13 14
26 20
6 35
11 34
22 46
16 18
8 5
11 18
6 36
36 34
25 2
3 8
16 24
49 38
13 22
6 31
33 43
32 2
19 37
40 25
31 17
34 28
25 8
49 17
36 25
19 11
27 11
49 43
19 38
16 47
7 40
7 10
48 39
25 3
36 6
5 46
47 40
5 47
13 40
12 20
35 21
49 9
49 31
10 45
8 25
12 34
46 31
5 50
27 28
36 4
44 34
10 16
17 46
33 24
35 10
27 33
19 12
46 17
11 50
2 26
27 6
11 12
26 18
12 50
19 21
29 10
31 21
41 7
15 28
27 41
22 20
30 47
32 47
27 14
46 9
43 8
13 27
46 4
3 22
21 1
43 36
32 38
39 34
50 33
4 24
44 48
9 3
21 42
18 47
16 18
12 30
28 6
11 41
25 27
15 36
28 8
2 9
39 30
7 15
30 25
16 10
42 24
47 2
20 11
2 46
18 17
4 20
20 7
43 13
23 29
26 20
17 18
13 34
28 5
37 29
33 34
4 20
10 12
23 11
9 19
47 41
31 2
37 15
31 4
40 25
12 25
29 37
28 10
8 36
45 24
32 14
40 15
20 13
45 34
15 28
44 5
16 44
11 43
11 26
40 35
42 33
48 39
3 43
13 46
38 30
28 36
29 22
35 10
1 34
19 1
47 46
8 25
4 27
46 39
30 45
46 21
10 20
41 22
33 19
39 16
34 37
32 37
6 26
18 45
30 36
42 14
50 24
10 3
9 23
42 21
36 3
28 39
42 5
47 22
12 42
41 32
23 30
28 48
10 35
5 42
35 5
18 50
1 43
33 42
6 40
20 42
1 15
20 28
29 18
38 39
10 6
31 5
37 21
17 50
9 31
34 2
4 50
21 49
14 46
1 21
6 45
25 30
28 14
30 10
43 5
47 6
32 41
16 31
17 9
33 47
13 33
38 34
7 27
30 7
35 42
45 3
22 37
38 8
50 7
30 38
48 16
21 33
10 18
11 29
18 32
3 29
49 21
9 45
33 39
27 3
42 21
27 28
15 40
11 31
47 41
2 46
20 10
50 35
42 15
24 3
17 37
10 42
3 32
20 5
47 12
37 17
32 31
39 15
50 29
21 13
32 34
45 35
22 2
22 34
24 4
41 46
4 46
40 15
8 39
14 46
13 5
6 2
50 37
12 22
13 35
37 23
15 43
46 19
47 46
24 37
14 22
25 20
24 19
21 50
16 19
32 46
17 29
48 45
43 18
43 27
49 11
39 20
36 15
1 41
37 18
26 25
19 31
35 13
20 9
16 36
38 10
24 20
48 34
15 34
47 39
16 1
44 12
8 37
24 19
32 18
16 35
23 24
24 18
29 44
11 45
17 25
25 34
37 11
18 23
25 49
43 32
12 29
24 39
19 46
12 41
47 16
28 7
19 2
38 15
10 3
47 24
47 1
27 50
20 4
48 31
36 17
38 45
24 21
6 46
4 14
5 4
27 37
30 31
24 36
44 30
10 37
32 42
18 22
16 12
48 4
16 19
50 20
11 27
22 45
43 32
38 36
9 2
17 8
4 5
14 42
18 19
19 4
37 24
18 27
32 46
37 43
23 26
43 39
13 30
1 3
31 44
1 25
8 21
1 19
24 13
43 46
41 37
43 3
1 30
24 40
20 47
23 11
32 20
29 36
47 30
44 22
40 38
49 9
46 20
5 30
50 19
20 16
4 19
45 50
7 22
28 9
25 33
9 13
36 48
20 33
5 3
34 45
37 46
36 32
31 21
37 24
29 4
31 21
42 35
29 42
5 27
40 1
21 40
21 8
30 40
24 6
34 41
28 34
25 36
26 10
47 31
25 31
2 36
26 3
35 16
33 15
42 7
22 9
5 22
44 24
43 18
15 45
31 33
45 19
2 23
38 4
33 41
4 5
44 13
39 46
26 44
7 12
24 1
47 18
11 26
8 23
1 16
35 38
21 9
27 21
7 6
7 31
2 46
20 30
50 6
8 49
34 39
44 45
34 44
31 44
50 6
34 47
15 5
17 13
43 5
29 6
8 4
1 18
35 25
13 38
4 8
28 7
47 1
14 24
8 40
31 39
24 34
4 5
49 1
8 1
47 30
10 49
29 6
6 5
38 5
27 42
7 42
48 18
20 2
9 48
43 35
30 15
44 11
24 50
43 10
18 37
8 13
37 33
49 40
42 50
23 21
13 28
7 28
42 6
27 28
9 34
50 23
