50 10000 1
33 32
12 26
3 29
20 1
16 32
38 27
10 40
18 7
37 13
6 35
14 33
12 40
28 6
48 25
8 3
49 27
39 45
22 27
16 18
16 10
33 3
37 31
24 38
50 16
5 38
25 16
3 47
34 42
50 27
27 24
23 6
6 18
28 22
15 29
27 30
40 37
20 14
23 48
8 18
42 2
45 29
36 30
25 2
1 15
35 42
25 4
1 31
16 5
32 44
41 11
46 35
9 36
11 31
41 38
19 25
26 24
27 22
29 8
4 33
31 14
32 47
27 24
49 40
32 28
34 13
38 2
33 6
14 4
5 38
36 17
22 8
14 8
40 41
28 36
19 12
15 12
23 7
44 7
9 32
47 41
16 49
29 10
49 24
32 7
30 14
7 2
21 28
49 28
48 36
8 39
40 48
13 35
13 4
42 27
28 31
2 45
43 19
47 28
40 8
1 6
1 39
40 39
14 18
27 48
22 7
1 6
40 16
3 1
25 41
6 46
33 50
7 28
9 44
5 11
1 13
28 3
13 16
42 49
14 9
33 10
29 26
32 18
26 7
42 43
3 38
20 1
14 27
7 15
2 19
11 43
28 8
35 22
7 28
18 10
26 50
23 43
47 5
43 4
7 17
43 32
25 24
14 43
50 13
3 14
7 1
13 26
40 19
30 24
26 11
39 50
15 2
45 6
36 17
4 29
30 13
47 39
26 22
41 1
47 22
22 16
46 17
16 3
11 43
28 38
41 34
17 32
45 20
29 28
18 16
34 13
23 21
24 6
13 17
48 3
14 11
43 50
11 14
24 8
26 23
18 9
25 26
15 45
17 20
32 34
24 11
43 28
12 44
32 25
27 47
29 16
8 38
13 30
1 7
45 33
32 44
12 34
1 48
22 3
18 39
20 30
30 24
21 16
18 26
35 7
26 16
4 7
49 8
45 36
13 41
12 45
29 26
7 26
35 20
21 36
24 21
47 46
16 46
16 48
32 13
2 46
8 43
48 36
44 49
41 28
12 8
28 48
49 31
30 1
17 24
20 10
32 5
38 3
8 31
23 46
28 29
46 12
7 40
36 23
16 27
18 42
6 48
12 6
49 17
27 28
41 4
17 38
12 47
13 23
22 20
22 9
5 4
32 23
33 44
26 39
33 7
16 34
40 44
32 11
33 38
50 47
27 46
1 3
24 46
30 33
2 5
8 27
23 12
9 12
24 1
35 39
19 37
18 5
16 24
11 23
15 29
17 50
29 19
4 12
12 47
48 7
43 31
4 14
41 46
7 11
45 11
1 15
18 37
8 21
15 49
25 3
43 24
25 47
34 25
37 12
35 7
39 27
36 14
29 44
4 39
22 36
43 44
21 31
49 42
27 12
45 23
30 17
46 9
33 43
42 2
13 19
45 5
35 33
11 6
1 14
9 28
1 37
27 34
48 6
6 22
26 45
50 31
42 44
9 27
33 20
2 1
4 11
47 20
17 25
39 5
29 14
33 29
41 3
25 44
28 20
36 44
40 35
17 46
22 5
22 30
32 44
16 25
45 4
4 9
19 8
43 41
5 6
33 1
21 8
10 13
49 33
49 10
26 33
49 29
19 29
15 50
31 4
16 46
33 3
16 39
12 27
27 39
39 6
21 20
50 11
45 35
16 22
27 8
25 15
12 5
3 15
1 19
19 46
12 37
11 48
18 27
12 47
50 13
21 23
49 1
44 8
22 35
11 1
36 22
38 22
40 33
5 50
44 21
18 20
32 17
10 33
38 21
4 36
31 11
27 25
40 4
33 21
37 19
30 1
43 19
39 48
13 11
45 25
42 5
49 31
43 9
3 20
43 30
6 11
44 24
29 7
19 8
12 11
40 9
44 13
23 34
6 1
5 29
27 48
18 50
37 44
5 16
1 27
3 37
6 20
28 3
33 26
18 15
29 42
44 18
4 16
35 18
24 7
8 17
50 31
17 32
23 22
25 14
11 33
34 2
27 6
31 43
27 34
7 8
41 46
1 14
9 15
40 28
29 25
18 12
33 13
29 12
3 25
38 25
29 9
9 43
35 28
39 16
45 50
11 7
33 16
32 26
30 38
14 13
10 20
5 38
36 50
26 33
42 41
29 34
17 23
16 21
30 4
24 12
3 48
49 38
48 49
40 22
21 13
31 27
31 47
16 42
16 49
36 33
16 6
37 42
3 5
17 23
43 19
34 1
5 25
29 25
7 23
38 11
27 4
37 9
12 29
35 8
28 9
31 21
6 48
36 25
1 28
18 16
33 41
4 18
44 43
32 19
46 36
33 34
44 8
22 17
11 43
31 48
49 7
13 9
38 3
41 31
6 2
9 41
37 40
50 29
36 9
48 32
34 43
38 18
42 37
41 20
36 14
25 22
9 36
20 25
8 43
49 24
41 33
1 44
9 14
49 34
8 32
34 30
23 12
14 6
2 15
33 19
40 30
26 17
43 45
29 23
5 37
28 12
18 3
32 3
13 6
29 4
26 3
43 45
5 26
26 31
6 2
31 37
50 14
11 50
15 22
15 34
14 18
11 14
7 1
18 38
33 18
9 14
37 26
26 23
21 2
31 11
37 9
2 8
43 8
18 33
11 15
7 21
47 38
38 22
30 29
21 47
8 47
13 2
13 19
36 3
23 15
30 39
1 32
43 4
33 34
8 34
18 48
16 13
30 17
20 11
23 10
23 13
10 38
45 49
10 42
44 38
27 45
25 4
20 39
33 20
1 33
32 29
5 12
45 38
19 12
11 24
46 43
44 49
5 13
41 39
39 8
25 15
17 19
37 6
14 41
50 43
12 9
26 12
34 29
45 47
47 26
26 30
3 37
31 24
18 36
47 41
44 29
7 44
48 8
4 41
1 49
41 18
35 9
7 14
33 6
29 34
27 37
13 29
31 38
17 12
34 37
30 49
16 11
50 12
45 28
9 36
26 19
3 36
45 27
29 13
23 5
13 15
42 28
22 34
46 36
26 25
28 36
29 16
2 15
29 50
17 6
27 35
50 20
48 42
33 11
27 39
50 47
8 38
34 19
38 31
12 8
47 36
46 5
25 33
32 39
12 8
37 46
39 8
2 36
21 6
46 17
2 3
33 20
37 36
42 49
2 4
46 16
44 39
49 43
5 1
21 20
23 32
9 42
22 1
31 29
43 9
41 3
22 28
27 37
22 4
9 17
47 10
50 5
2 28
49 34
6 15
50 25
16 47
49 27
29 32
37 25
41 15
2 13
33 23
32 34
46 25
5 45
22 20
40 36
8 6
41 27
38 12
33 40
38 19
18 50
10 36
8 32
25 40
6 13
22 28
33 16
45 30
49 31
47 33
26 5
4 18
47 25
2 8
45 1
43 26
2 38
13 40
36 22
35 50
1 27
16 14
30 37
46 9
1 24
18 1
17 37
2 3
10 50
14 6
39 16
6 1
29 20
10 26
6 5
36 9
23 11
15 14
21 39
39 43
32 11
48 50
38 20
24 8
35 19
8 50
3 33
17 49
6 33
46 23
14 10
3 7
30 44
18 6
5 32
32 15
3 39
14 31
8 12
50 24
25 10
19 11
4 44
49 7
10 22
34 25
12 41
38 31
16 10
3 5
22 23
22 3
45 40
47 19
18 28
27 2
9 44
40 41
21 6
36 44
3 39
10 14
4 32
43 16
9 41
49 15
7 14
39 50
31 36
1 27
41 27
24 21
24 49
48 28
35 27
7 36
3 43
25 16
26 7
28 29
19 43
35 44
17 15
7 8
50 22
22 47
37 14
1 49
27 33
2 25
34 7
3 32
24 29
49 1
23 21
23 24
15 22
11 3
34 29
34 21
2 44
24 14
29 7
4 3
1 44
43 25
9 7
28 46
30 21
24 30
50 44
17 28
7 30
27 49
14 32
18 5
50 15
30 41
3 29
38 11
48 11
26 22
44 35
14 25
43 18
44 25
26 46
48 44
23 37
19 9
30 13
46 18
29 20
5 20
41 30
43 2
38 48
32 17
5 50
50 16
23 12
31 18
41 1
43 19
1 6
19 42
32 34
33 24
11 48
28 26
31 1
7 39
50 34
42 35
44 23
23 13
38 4
25 22
5 50
42 50
22 14
19 11
34 18
38 22
38 20
28 32
43 47
30 3
29 46
15 5
36 37
28 35
43 16
20 50
16 42
33 47
11 15
9 1
49 10
16 27
45 44
26 12
43 46
17 47
18 5
28 50
8 47
38 14
8 35
22 11
31 46
9 14
26 5
32 27
40 22
20 21
31 5
21 38
24 49
42 37
1 47
40 42
36 22
33 29
28 45
5 7
1 26
37 26
9 45
42 45
50 3
11 32
18 49
47 21
4 20
39 12
18 22
35 8
48 5
25 5
22 26
19 30
11 46
37 16
28 19
15 19
3 19
44 6
29 9
16 32
1 33
7 19
25 48
14 6
47 1
17 4
18 29
13 8
29 23
22 37
35 44
31 36
32 28
21 22
30 24
40 30
41 46
42 1
7 6
39 48
42 27
19 6
30 22
29 45
35 39
38 33
42 8
35 4
18 47
23 43
11 46
35 3
5 18
10 14
34 23
4 12
2 21
7 2
8 48
42 44
43 18
45 14
34 8
26 27
32 50
21 47
1 30
28 43
24 7
42 7
2 21
31 17
48 42
42 34
40 14
20 17
25 41
7 9
47 30
6 26
2 21
6 18
28 8
12 42
18 22
12 35
43 3
44 21
38 41
39 12
19 17
33 21
39 41
50 46
38 39
39 47
13 49
34 47
27 19
45 2
19 25
17 13
14 27
27 37
31 46
48 3
50 44
10 9
21 24
28 23
50 25
39 47
20 41
33 38
39 2
25 41
25 17
46 12
16 12
8 1
47 32
15 31
39 38
11 40
13 24
5 48
10 7
45 6
21 48
39 17
37 11
26 14
15 36
46 6
7 8
42 6
5 50
19 50
44 31
2 9
31 21
19 35
9 5
25 28
38 48
18 43
45 12
23 12
10 36
10 34
13 19
48 23
16 25
5 17
8 1
2 34
49 38
44 37
41 6
5 2
26 21
10 23
6 46
26 15
12 30
12 30
32 38
10 1
5 20
45 47
37 21
29 12
35 14
50 31
7 5
10 15
31 36
25 32
23 11
42 49
46 35
6 35
14 1
43 39
1 23
42 46
5 1
16 12
40 28
8 18
29 5
44 32
44 11
47 39
13 25
16 10
6 31
14 9
23 49
1 32
18 21
42 23
48 8
4 40
9 2
24 32
7 3
11 34
16 18
44 47
31 8
9 27
36 3
37 33
1 3
14 28
44 26
12 18
2 17
24 50
9 48
2 46
28 42
35 17
48 31
38 21
23 16
34 19
9 20
5 39
43 5
49 34
33 30
13 49
12 40
47 1
46 11
18 12
1 32
39 12
43 42
28 47
15 9
15 2
49 25
48 40
40 12
2 20
21 10
36 40
34 5
44 19
33 41
17 25
42 49
34 29
32 2
33 34
4 40
50 17
10 9
10 29
22 7
42 44
16 42
14 17
11 15
39 20
33 31
20 26
23 35
5 34
49 31
47 16
39 14
34 44
38 37
1 47
32 43
13 43
3 34
33 15
50 3
11 43
26 22
30 26
22 16
15 9
2 37
23 9
14 49
28 34
44 8
30 26
31 47
23 40
21 14
5 41
17 24
33 3
26 43
36 25
23 5
47 41
33 12
30 23
16 15
1 3
5 7
7 12
32 24
7 5
16 1
25 29
48 34
44 16
45 14
26 17
37 48
20 40
26 48
28 25
13 9
11 40
2 42
21 1
48 23
47 43
15 18
20 29
19 48
29 30
3 15
47 35
15 11
25 40
47 31
12 36
37 13
16 20
34 40
9 32
14 21
33 6
8 50
33 20
23 9
23 47
28 37
43 34
10 41
3 8
35 10
33 47
8 32
47 40
5 13
21 2
26 7
26 12
43 15
9 11
21 13
19 17
12 48
13 35
16 8
44 21
49 37
50 43
50 2
18 12
21 34
2 34
12 47
12 36
29 43
2 9
14 50
44 38
18 41
37 6
15 4
44 38
30 12
33 24
42 2
3 25
27 32
45 27
46 34
19 11
42 34
8 20
44 34
48 34
21 25
4 48
45 36
46 43
13 18
17 10
22 31
10 17
21 10
2 20
22 9
18 17
47 18
27 32
42 32
49 42
26 21
17 36
18 4
2 26
27 29
44 1
1 16
30 5
21 1
45 13
6 7
42 18
24 41
23 24
8 44
22 19
21 12
3 48
3 22
48 8
30 36
27 36
13 24
4 2
36 19
4 30
29 27
14 16
3 22
2 23
25 13
47 11
41 46
14 6
26 40
22 14
14 28
3 27
3 44
21 19
38 31
15 48
44 34
45 2
30 8
8 24
50 13
16 29
41 23
36 42
6 41
49 5
23 18
50 49
21 6
19 28
39 11
3 7
29 4
45 47
7 4
9 49
45 1
29 32
12 32
41 33
33 22
21 11
4 15
39 48
33 2
14 42
14 1
50 4
38 10
36 37
43 20
14 30
22 36
36 2
35 26
7 50
36 25
35 10
30 37
22 12
8 1
31 1
50 17
7 29
36 28
28 14
46 38
9 5
20 15
6 26
23 33
36 9
24 28
29 34
13 45
9 24
39 35
39 42
8 41
11 42
23 31
32 4
6 10
30 18
29 49
43 18
22 48
4 3
49 14
11 38
6 30
40 45
44 8
27 34
24 20
20 1
17 43
43 36
7 32
49 23
5 29
8 3
12 7
8 10
17 26
23 18
13 7
18 40
25 2
40 4
23 35
45 32
27 5
39 2
5 20
1 38
27 12
50 37
47 31
38 48
43 36
27 42
26 27
24 17
26 16
49 3
21 16
33 42
5 8
26 50
4 43
6 17
35 33
21 30
41 33
43 38
30 48
39 41
49 40
38 6
40 11
44 27
30 21
10 8
6 34
22 50
50 41
46 48
11 43
13 27
39 31
29 7
44 22
47 13
28 22
44 27
41 48
15 20
11 19
25 27
38 3
25 41
10 28
33 4
27 34
13 4
26 49
32 17
10 46
18 35
7 8
12 39
49 39
8 32
33 50
19 24
17 7
36 4
29 18
37 13
22 39
10 28
11 41
31 4
45 11
21 3
43 36
14 4
41 21
32 28
31 35
32 5
40 11
14 32
49 46
28 30
39 46
1 11
3 27
21 16
8 16
28 47
33 31
20 45
17 15
28 46
2 23
13 6
47 9
26 43
45 40
41 29
42 41
5 17
29 22
20 44
43 36
32 21
30 9
49 41
28 3
47 32
31 23
14 39
32 21
7 38
35 9
6 38
9 43
45 25
26 31
46 12
8 37
40 34
40 42
27 2
40 18
32 27
50 12
21 3
46 47
3 31
47 30
13 47
17 49
46 42
18 33
31 2
9 24
27 11
32 37
21 11
14 1
29 43
32 41
42 1
17 48
45 29
28 39
31 9
50 47
38 35
11 44
29 24
35 48
16 19
40 19
43 14
48 31
21 25
45 27
24 40
4 40
41 29
36 6
24 39
19 48
3 17
18 31
10 3
15 42
7 35
9 14
22 17
26 43
50 42
32 45
12 15
4 1
22 46
7 4
32 44
48 46
36 13
21 5
20 31
11 12
15 25
29 19
4 3
16 19
18 17
33 17
40 1
32 38
6 47
4 14
27 13
27 20
1 40
12 24
23 7
15 24
38 30
36 50
25 5
36 48
1 47
24 4
41 25
41 2
10 41
12 24
8 45
39 8
11 46
17 21
24 49
5 26
1 20
9 16
2 29
31 38
8 46
41 5
36 35
22 41
21 47
28 46
9 38
50 18
9 38
16 10
50 34
40 16
43 24
4 33
28 30
41 21
23 32
48 40
35 26
43 47
43 42
21 12
11 21
8 33
13 37
33 46
32 43
3 47
42 41
10 31
6 7
8 2
35 25
4 1
14 16
8 46
23 50
39 3
4 50
29 44
8 21
50 29
36 13
41 42
21 24
35 25
29 31
26 11
15 23
28 38
8 50
19 40
34 9
10 3
35 43
1 41
15 35
10 5
21 20
21 42
45 5
38 15
16 21
16 49
37 34
38 4
29 20
7 23
19 28
29 15
5 43
3 27
32 37
7 47
36 30
50 27
44 24
48 36
48 36
12 36
12 35
27 37
9 33
16 40
28 41
9 49
39 16
41 30
47 21
4 2
27 16
26 45
49 30
15 36
48 2
40 35
42 2
28 42
12 20
8 45
10 28
38 32
18 2
10 36
39 40
36 26
6 44
28 27
40 16
2 3
4 14
10 48
22 13
22 5
44 11
43 2
41 22
12 3
7 20
47 23
23 19
45 40
12 6
37 16
47 48
35 25
47 2
29 40
15 16
17 8
2 41
8 15
23 8
6 20
21 33
44 37
43 12
44 25
26 2
7 1
35 27
13 6
42 19
36 3
29 2
44 7
21 18
18 28
27 44
18 47
42 45
1 11
32 4
6 12
33 28
23 29
35 3
30 44
35 37
14 24
22 43
42 10
48 33
31 41
3 10
13 45
37 5
19 18
7 36
42 28
30 5
9 42
35 25
13 29
42 23
50 31
32 22
11 29
43 50
16 13
16 2
18 30
3 14
36 46
30 37
6 3
35 12
20 1
32 1
49 46
46 22
20 37
31 17
37 10
10 2
47 11
40 37
16 43
33 15
48 41
40 13
2 15
23 5
37 47
34 19
34 37
4 27
6 27
42 12
13 43
36 28
41 40
50 26
7 10
23 1
47 22
3 48
17 36
8 12
32 31
18 50
22 23
4 36
4 31
18 49
1 6
30 41
48 23
28 7
37 42
2 48
24 34
35 20
44 9
26 49
7 2
12 43
37 15
26 39
47 25
18 12
12 33
16 5
38 43
37 43
2 30
32 44
17 32
12 23
36 31
37 35
22 4
20 49
3 28
35 47
43 6
40 8
26 15
33 32
36 29
18 40
5 45
27 20
20 15
45 24
12 38
32 2
33 5
26 17
39 44
8 2
10 22
35 16
2 6
31 12
31 8
44 47
48 31
11 20
12 29
20 9
15 33
3 6
14 8
49 10
43 38
47 8
47 14
45 33
5 8
19 22
13 33
34 14
1 13
39 43
14 31
18 32
23 15
49 26
50 33
36 29
18 13
17 33
43 37
40 15
17 11
48 22
24 6
4 13
13 1
29 19
14 44
8 1
37 40
21 36
14 43
11 3
29 50
31 38
36 47
18 45
47 45
7 26
32 15
16 34
44 33
43 24
24 12
40 39
30 26
11 13
35 6
2 42
29 2
7 41
24 47
36 17
45 44
11 38
2 34
18 48
14 31
6 12
44 50
18 2
36 25
10 14
4 45
15 12
49 39
7 35
23 44
38 36
42 12
36 38
3 46
15 40
1 15
44 18
34 3
34 22
1 7
18 6
20 47
34 36
48 47
29 11
25 11
22 50
21 43
31 8
21 15
44 39
33 6
40 16
29 47
40 23
27 46
45 21
6 25
23 41
12 4
44 13
3 47
36 27
37 2
37 3
42 6
16 5
18 34
18 19
10 31
38 40
45 32
10 33
6 17
34 12
2 21
35 39
24 39
4 20
50 15
4 13
32 30
44 21
14 44
35 29
23 18
39 44
15 33
32 19
36 35
17 33
36 4
35 20
9 49
40 13
40 19
5 43
8 2
39 40
17 9
37 5
38 40
13 37
13 21
38 41
38 15
34 35
6 50
9 11
33 40
47 30
2 22
14 37
43 4
37 33
44 4
24 21
22 33
27 45
10 11
11 50
10 29
4 38
9 5
27 45
25 23
50 4
43 47
20 48
6 34
16 22
1 39
2 35
23 24
15 9
18 1
38 23
13 21
42 17
45 4
12 20
44 48
50 49
7 1
49 22
13 36
14 28
13 50
36 10
34 28
21 44
21 44
6 3
20 9
16 33
7 17
20 9
27 33
15 28
10 6
38 9
30 50
41 5
2 15
16 24
34 42
31 44
23 10
21 38
41 7
30 23
17 29
11 46
35 45
12 9
10 23
14 48
12 49
1 12
26 17
46 5
42 5
49 22
40 28
15 37
5 10
33 1
17 40
30 9
10 42
46 15
23 17
21 43
31 7
18 29
17 47
4 33
22 25
15 18
40 26
50 43
20 48
36 21
3 16
36 21
26 34
49 41
39 21
11 25
13 39
36 42
12 28
18 48
23 18
20 12
48 44
9 32
17 13
16 34
18 16
25 29
10 33
25 15
34 50
8 34
5 40
24 15
35 25
49 12
9 37
3 41
30 17
15 17
37 50
12 8
44 6
3 22
50 27
11 32
47 46
21 25
10 14
28 13
36 29
24 41
29 47
41 4
4 31
17 38
39 35
19 18
45 12
19 32
8 47
44 37
12 30
5 11
17 3
10 15
31 46
38 14
48 23
9 6
12 24
2 8
4 30
34 35
45 26
31 43
47 21
28 44
33 34
16 42
50 37
39 6
49 27
3 33
30 6
13 32
18 6
21 9
46 35
9 21
40 2
18 21
28 38
48 23
32 39
11 41
50 30
27 9
18 17
2 32
29 23
9 36
40 26
17 16
13 7
2 39
3 7
4 16
15 31
14 43
38 27
10 20
25 5
45 43
12 2
9 35
20 39
13 5
32 35
25 27
34 29
45 3
18 40
32 41
10 16
28 2
49 19
32 16
22 11
35 5
47 48
4 43
25 34
27 4
37 10
38 34
19 7
10 45
18 39
46 16
34 5
29 30
16 4
27 5
27 28
41 44
27 36
31 22
49 31
24 41
3 17
28 1
6 17
45 10
8 41
41 38
20 34
19 20
37 43
9 38
49 45
29 15
41 35
24 40
46 50
38 34
29 3
30 19
25 13
1 36
17 32
34 39
14 48
44 14
37 50
25 43
35 40
24 44
21 11
4 49
22 10
27 30
22 28
25 29
21 8
10 23
15 26
12 32
5 40
9 24
35 28
44 24
36 38
13 20
25 44
39 25
41 19
45 10
28 44
40 39
27 26
14 5
42 46
45 50
30 1
32 7
32 14
29 42
14 10
44 24
31 23
20 45
38 46
33 49
29 18
22 35
21 43
45 28
30 43
24 33
8 46
12 21
49 24
47 33
28 26
16 33
13 6
37 49
32 24
47 35
20 29
3 25
19 23
13 15
2 32
10 3
1 7
14 46
6 41
35 30
8 48
47 7
47 35
7 14
41 1
23 33
33 46
39 30
14 35
6 7
34 36
5 37
42 38
33 42
5 33
28 15
7 28
11 33
25 32
12 6
19 14
50 22
5 26
36 8
15 38
48 44
18 17
27 3
36 49
29 16
23 4
16 9
42 19
23 35
9 36
44 28
47 26
37 43
21 38
10 20
13 3
24 49
25 50
45 2
13 19
5 38
46 9
4 12
28 2
3 50
46 38
38 21
8 33
3 13
31 30
5 16
23 45
24 33
29 7
46 41
38 41
38 2
11 32
6 35
23 20
9 11
17 30
18 45
48 8
48 4
7 29
21 33
36 39
13 4
37 2
17 26
20 50
31 46
29 31
26 27
7 22
43 11
34 7
33 42
27 50
1 27
27 30
34 36
34 5
7 23
1 43
22 48
41 24
27 8
36 35
39 41
16 9
37 49
28 39
31 9
32 8
27 50
38 41
20 38
11 12
13 37
9 48
38 47
4 26
47 1
27 20
14 7
40 36
24 22
50 11
18 49
30 42
7 2
50 32
5 21
11 18
12 15
24 26
34 32
20 38
38 8
28 18
45 18
15 49
49 7
33 24
28 48
47 36
39 32
34 19
17 39
1 6
17 9
25 27
48 40
50 37
14 26
49 12
26 43
4 22
43 45
3 7
31 36
29 17
26 10
27 48
30 18
43 9
2 26
7 9
34 49
16 44
3 8
37 21
39 16
22 44
33 3
46 15
23 21
27 28
22 8
47 42
21 7
1 34
32 6
8 35
36 7
10 9
8 20
14 4
9 15
22 8
49 9
17 8
40 6
16 1
45 17
17 45
42 22
1 15
11 33
31 6
40 39
5 32
14 3
26 39
9 3
42 39
34 13
8 3
29 33
10 26
28 34
6 30
20 40
40 3
38 24
27 7
5 10
13 9
50 40
4 31
26 39
17 2
9 11
33 46
5 19
38 44
11 34
39 21
1 35
13 5
23 13
17 14
29 2
1 2
2 42
34 17
36 18
36 46
13 6
9 32
39 7
40 28
41 5
28 39
31 34
39 19
34 50
43 13
9 37
39 15
34 40
43 19
11 5
15 29
1 36
41 49
49 36
33 10
6 36
38 34
37 29
16 35
4 49
42 27
38 43
35 25
44 37
17 38
50 45
12 22
17 41
8 15
15 41
22 47
27 13
20 38
10 34
30 1
24 38
4 1
36 7
32 30
38 12
43 19
45 40
50 26
48 5
48 17
30 9
44 28
31 36
15 5
27 17
33 26
34 32
49 16
22 32
1 34
17 42
49 17
42 21
4 48
27 24
9 1
18 44
34 14
39 42
3 17
24 47
19 49
45 32
45 8
3 39
18 35
15 28
19 10
42 36
12 33
1 22
5 42
36 44
29 44
39 8
1 47
31 2
24 46
8 6
1 47
37 34
6 16
12 13
15 12
40 23
27 31
23 32
30 45
2 3
36 35
47 27
32 37
20 3
30 32
23 9
13 1
10 40
2 49
33 25
1 28
8 14
8 43
17 46
6 45
29 1
4 46
47 31
9 38
29 41
48 32
24 12
47 40
38 31
26 27
41 42
39 32
10 41
29 23
17 43
48 38
15 49
33 7
26 17
43 20
34 40
12 32
29 31
45 38
14 38
22 48
22 12
40 10
26 2
25 13
39 21
34 38
13 18
41 50
45 24
10 27
34 30
42 12
42 27
46 47
33 42
31 7
25 49
42 48
13 11
3 43
48 37
4 47
33 29
3 26
6 31
33 1
5 50
6 11
2 43
10 6
22 31
30 24
42 45
50 31
8 39
22 36
23 18
5 30
22 13
21 13
45 28
22 8
19 5
8 34
21 41
1 31
7 43
44 5
44 30
16 4
11 33
23 20
11 33
28 8
45 35
31 32
34 46
31 23
48 50
16 12
42 39
44 11
45 10
4 26
11 3
22 29
5 11
37 24
47 46
49 13
31 45
36 44
30 13
35 24
19 50
48 22
16 30
20 34
18 46
1 21
17 25
45 32
13 39
47 1
31 21
15 40
4 14
6 33
3 15
48 2
24 12
8 38
49 10
9 20
32 4
14 17
7 47
33 32
7 18
3 20
43 41
6 29
1 36
16 26
49 21
32 36
26 6
7 5
31 33
44 43
43 18
7 24
10 17
15 28
25 41
30 21
10 19
8 17
40 47
26 28
3 23
22 43
20 24
16 23
24 36
7 39
38 29
17 33
50 25
25 22
5 33
39 29
37 22
31 3
17 22
19 50
3 27
14 18
45 3
26 45
32 30
47 36
39 4
33 40
35 47
32 48
34 35
9 40
25 29
16 36
6 38
31 22
23 11
42 10
1 18
18 24
22 43
29 46
46 9
40 44
5 49
24 34
43 2
49 30
13 50
13 31
25 36
15 32
11 24
23 5
27 28
42 48
17 21
25 47
39 35
26 39
23 10
46 47
30 12
34 9
11 7
43 20
48 31
22 19
27 4
13 11
14 10
29 27
22 26
38 30
3 5
6 48
35 45
32 20
17 19
13 19
40 41
39 24
3 33
31 37
15 39
29 20
49 23
7 30
8 48
42 5
37 27
18 45
38 19
34 6
28 29
43 36
7 9
25 31
49 10
2 43
28 47
13 37
50 38
35 2
9 46
42 31
45 7
29 18
38 34
15 14
16 50
23 16
43 11
45 4
29 18
20 14
25 15
3 34
41 35
33 43
11 15
16 7
14 27
48 26
34 27
14 38
25 45
46 21
25 5
46 34
12 40
42 29
8 11
8 10
24 10
23 39
50 2
43 50
14 26
41 29
43 7
8 30
28 38
12 43
49 34
19 47
22 18
2 11
23 17
37 46
1 39
46 43
36 10
26 15
45 48
30 40
13 39
45 4
27 12
16 33
14 21
21 12
35 36
35 16
26 32
31 49
8 10
24 23
12 16
42 27
17 29
8 11
7 35
8 43
40 1
8 21
16 29
12 50
16 46
7 5
49 50
14 2
4 30
9 48
1 38
31 40
40 38
33 10
18 25
50 22
22 48
42 40
7 11
17 3
25 21
4 13
42 7
46 26
46 12
26 49
23 29
22 5
50 25
46 31
28 47
15 20
41 48
8 10
31 12
2 1
46 16
22 31
49 20
23 32
37 45
27 50
32 48
12 35
14 12
8 14
40 2
34 22
40 32
12 39
44 10
12 36
13 20
28 6
28 27
45 46
17 4
13 4
21 37
14 25
46 18
3 13
41 42
18 34
7 39
12 42
41 39
38 16
11 32
36 22
26 41
35 49
4 30
3 42
17 43
24 15
9 30
48 10
43 45
20 40
7 42
36 31
22 44
45 33
19 29
47 16
7 4
28 44
18 1
26 23
5 13
35 21
41 40
41 34
34 49
41 29
28 12
36 34
17 32
50 46
34 30
14 41
43 23
23 41
39 7
33 32
10 16
22 50
42 22
12 7
32 31
49 7
27 21
18 8
29 18
5 35
22 20
49 37
3 48
19 1
33 41
32 35
47 31
17 24
10 34
44 34
4 40
1 2
30 31
14 45
32 12
27 47
11 27
30 37
20 27
30 47
47 24
15 16
14 41
46 25
47 34
4 27
30 28
20 16
20 2
45 3
11 14
22 50
26 17
42 50
32 16
8 34
50 42
21 32
49 12
38 10
44 39
24 10
6 16
45 31
28 18
7 30
26 25
32 46
48 16
22 21
42 50
28 26
37 38
40 6
8 46
5 45
1 12
24 27
23 35
25 26
12 27
36 1
22 46
39 36
5 40
19 30
13 17
5 49
2 30
2 20
19 42
10 30
6 16
13 22
42 10
27 36
35 1
13 19
5 24
37 28
12 10
34 22
12 4
17 27
16 11
50 26
22 12
20 22
8 44
10 20
19 35
48 40
14 28
19 30
15 22
6 36
38 39
41 20
33 12
42 2
10 36
43 18
33 12
38 14
27 28
8 11
15 13
43 19
24 46
11 10
27 2
48 2
48 26
50 13
24 17
5 12
27 50
10 18
34 2
30 3
43 31
42 22
1 43
45 34
26 14
15 16
46 14
43 24
23 13
40 27
24 22
16 2
31 1
32 33
22 12
12 41
25 30
2 46
44 29
22 15
43 40
6 2
33 17
27 38
16 12
32 16
12 38
34 29
48 14
34 16
41 50
41 45
27 11
41 48
34 13
5 15
8 27
43 21
44 42
40 20
15 40
21 37
34 11
31 47
46 17
48 3
42 8
6 40
39 18
7 46
23 16
27 26
39 41
37 12
37 18
32 13
24 3
45 18
16 25
45 22
43 9
22 28
24 21
7 32
34 22
48 17
16 29
26 6
25 5
1 27
7 31
9 5
33 26
44 16
39 13
37 33
3 14
7 13
42 40
27 29
14 30
42 4
28 35
27 23
19 17
46 6
11 6
27 2
49 4
9 12
17 45
29 23
49 46
19 50
50 47
28 12
32 20
6 13
34 27
50 41
43 23
14 13
31 49
33 49
37 48
4 32
6 33
46 12
6 38
49 22
8 40
36 39
43 1
15 1
47 5
30 37
18 30
28 38
20 12
20 34
28 37
13 39
18 40
26 31
49 28
6 14
43 36
20 50
2 50
5 1
13 18
43 44
18 23
11 31
5 30
31 21
33 11
41 29
12 19
50 34
24 36
37 18
24 46
3 12
12 17
34 48
26 16
49 25
2 44
39 6
49 44
36 38
23 33
23 24
48 38
33 31
7 17
19 31
15 48
34 13
15 49
22 17
1 19
7 39
37 24
33 45
27 18
3 48
13 15
11 5
43 2
2 25
50 6
1 35
4 12
33 10
6 47
48 37
47 44
16 32
41 42
28 35
1 3
25 33
35 22
43 33
4 26
6 41
17 39
19 18
29 8
46 39
29 15
3 33
7 25
41 45
2 38
34 47
22 19
44 16
35 25
38 48
25 18
3 28
26 43
22 35
7 36
2 4
20 43
20 25
28 36
23 25
10 48
49 23
31 33
22 11
4 15
9 46
12 36
43 11
45 46
33 37
18 8
17 31
6 34
49 6
49 18
40 7
11 3
14 11
24 21
46 13
12 29
37 46
45 20
50 27
13 34
46 16
11 13
28 19
36 3
18 30
14 8
7 38
45 50
27 32
6 37
38 41
38 3
26 21
37 38
37 23
32 20
27 13
6 17
29 16
4 3
2 26
41 44
18 46
33 26
24 38
41 8
14 42
36 39
34 22
11 33
11 16
50 43
18 41
20 41
43 7
35 24
1 2
9 38
30 2
46 7
29 10
1 43
12 27
40 5
11 24
3 26
13 33
20 28
37 24
44 17
41 20
11 30
47 31
9 3
19 22
43 22
35 2
18 31
36 9
24 39
14 32
7 31
5 7
44 14
11 7
25 7
21 19
47 22
22 8
3 5
18 19
3 19
42 28
29 49
46 7
35 38
17 34
29 46
24 7
16 25
43 17
9 48
4 5
13 2
37 28
22 15
10 9
9 41
21 5
28 14
16 4
7 39
5 45
47 1
29 16
6 18
13 26
34 36
4 48
33 13
16 34
19 8
8 7
5 11
23 27
48 33
5 48
49 7
2 26
49 1
3 48
23 32
31 17
39 17
21 30
49 14
13 29
19 22
3 37
47 37
7 34
22 14
37 30
32 27
47 19
13 43
29 46
38 34
31 29
42 20
45 40
50 15
38 5
41 21
44 16
36 11
28 15
4 10
10 12
48 10
16 25
21 9
16 42
24 44
30 32
14 6
37 5
39 12
32 33
4 35
46 45
36 48
10 5
19 1
49 13
29 18
27 12
21 34
31 11
17 37
8 37
9 23
25 26
46 6
44 40
1 49
18 22
39 33
46 3
11 3
11 13
27 30
40 21
42 11
10 14
30 46
23 38
44 16
29 16
2 19
6 43
49 3
33 22
1 35
6 34
24 36
45 20
39 19
47 14
6 1
21 2
15 36
12 28
26 15
38 43
48 32
35 30
47 21
6 49
41 11
47 26
1 18
50 4
21 47
27 10
21 14
34 24
14 32
47 37
39 16
9 50
6 8
22 33
20 6
7 31
11 34
32 6
37 44
18 9
41 6
8 30
2 18
18 1
3 7
45 9
14 47
47 44
11 36
28 46
18 46
50 19
17 36
8 10
18 36
41 35
18 13
28 49
9 7
36 23
27 25
14 49
39 25
42 18
25 21
33 14
24 20
20 36
4 44
31 6
14 27
14 19
5 13
48 15
47 11
17 8
15 31
32 45
32 17
30 11
21 9
6 15
14 19
7 43
41 45
1 37
41 21
32 13
11 17
5 32
39 34
17 31
10 7
22 18
37 26
23 38
2 3
24 10
12 27
43 29
49 41
10 46
36 14
48 47
20 42
7 12
31 40
46 1
46 42
40 15
21 39
37 15
28 5
37 2
19 9
50 7
16 27
22 6
13 48
10 1
7 28
17 46
42 43
24 14
37 4
40 22
36 23
41 47
36 28
29 16
36 8
44 17
3 10
27 35
33 8
20 34
27 30
20 3
8 15
44 34
34 25
34 14
38 7
25 18
17 49
14 38
19 45
7 27
34 44
36 17
6 9
28 24
39 12
21 24
18 34
20 8
6 8
3 49
46 1
11 23
19 32
14 24
34 16
30 44
19 36
44 35
34 21
49 27
2 15
1 47
36 46
33 39
40 39
35 29
41 37
30 10
4 37
32 7
43 35
17 46
14 15
8 10
12 3
9 14
46 23
49 20
2 9
9 21
5 31
37 47
48 10
33 24
24 10
41 20
21 23
42 33
14 30
2 38
5 8
1 9
25 40
5 14
43 40
45 19
50 40
32 16
39 12
24 23
16 6
26 15
15 10
1 10
37 5
42 13
35 16
12 50
48 31
13 27
44 26
17 30
40 26
45 32
19 34
35 10
10 28
45 36
48 38
44 41
28 11
7 47
7 33
5 42
18 10
50 19
28 48
2 7
29 30
26 43
20 31
41 37
16 21
45 42
21 45
46 43
12 25
3 47
27 39
12 42
6 23
13 15
38 12
3 32
17 15
37 33
2 40
15 45
26 34
4 49
31 28
42 8
39 42
40 48
35 2
2 42
42 5
19 42
19 14
23 13
25 39
8 11
17 9
8 16
40 50
36 8
6 35
11 7
39 45
39 2
29 2
13 46
4 34
15 2
39 34
36 38
24 49
34 37
42 37
14 30
30 14
38 12
26 27
15 22
16 15
23 38
41 36
2 33
38 7
43 42
20 37
16 44
9 28
14 35
26 11
48 26
9 10
3 30
36 37
38 4
24 40
44 20
10 1
45 3
5 39
41 38
21 2
36 27
28 25
44 45
5 38
35 41
22 39
26 1
21 9
37 3
49 22
50 38
40 5
15 27
40 36
15 22
4 31
38 10
19 34
40 46
21 31
30 40
4 18
32 6
17 7
30 1
32 22
38 10
38 49
36 17
5 25
8 44
20 30
13 5
20 9
34 40
39 29
47 4
49 25
3 42
11 21
24 47
27 26
20 30
14 31
1 11
38 33
23 43
50 38
43 16
6 1
36 8
25 6
43 45
38 20
28 15
10 35
32 7
12 50
15 28
28 25
35 33
46 35
26 45
27 4
7 15
38 24
18 23
18 5
27 32
16 36
7 23
32 43
13 23
32 22
3 46
49 46
23 42
30 39
37 26
47 6
26 2
5 47
28 39
4 31
18 49
44 37
13 30
43 34
7 43
46 27
46 31
6 44
21 26
19 41
14 7
4 31
47 3
9 29
35 49
39 47
48 19
40 36
15 45
26 49
15 39
9 39
18 5
31 2
6 5
25 22
48 29
25 44
50 4
45 34
40 20
21 43
31 49
50 36
22 32
1 8
10 32
6 39
11 49
17 9
14 20
7 3
11 37
7 28
10 43
45 9
20 35
8 1
14 25
38 26
40 20
42 9
34 28
1 18
1 5
35 7
5 29
24 38
45 10
26 45
4 39
10 14
21 31
15 50
14 34
40 1
3 2
13 14
49 16
36 48
18 4
19 28
28 13
26 27
45 24
26 35
45 11
30 22
15 21
29 47
28 36
4 41
29 27
40 10
2 27
41 16
1 4
40 17
29 44
27 29
33 44
46 5
39 13
9 36
28 44
28 14
6 28
1 50
18 14
2 17
1 39
24 21
24 23
38 9
38 46
28 1
34 41
9 15
45 15
22 10
9 40
3 13
50 49
6 10
13 21
29 47
19 32
14 10
19 34
35 17
16 5
45 40
32 17
33 39
2 3
20 37
36 38
6 3
41 22
35 25
8 20
37 31
7 32
27 22
17 8
18 46
40 31
20 11
34 40
7 9
6 5
10 5
15 8
11 12
50 32
7 44
18 49
29 23
24 26
40 32
29 30
27 4
33 28
11 8
29 35
20 35
47 33
40 18
18 9
35 2
8 19
23 11
8 42
12 23
42 1
43 38
34 39
14 49
36 23
5 28
4 23
29 34
37 47
3 23
35 13
12 4
20 33
42 2
9 36
4 10
42 23
32 40
12 11
6 39
49 9
35 4
39 29
3 33
33 39
21 15
33 44
4 39
27 38
26 31
6 1
49 46
47 45
42 24
43 25
40 17
36 27
43 28
22 10
42 39
21 36
9 2
40 14
8 17
42 20
33 34
6 37
18 20
32 33
33 11
48 22
29 39
34 21
4 45
26 40
33 38
11 8
30 37
6 43
19 2
26 36
29 28
21 47
3 19
3 21
7 13
37 21
35 2
1 14
33 26
49 13
30 20
38 24
10 12
22 3
48 13
6 50
9 42
22 16
34 22
46 7
9 31
11 34
5 38
14 1
42 50
17 18
43 30
10 19
45 37
27 39
33 3
29 48
22 41
2 49
49 35
18 44
9 32
47 36
21 29
2 20
15 4
46 43
50 43
12 27
5 9
35 8
37 13
11 43
22 18
35 14
14 26
18 30
13 3
36 5
26 43
30 4
37 23
46 30
35 46
12 6
45 2
15 24
35 17
34 40
47 40
31 9
30 45
40 30
40 4
44 45
33 29
17 40
7 19
43 27
38 1
48 40
10 25
2 50
14 13
41 37
13 19
19 32
38 17
7 35
44 8
1 23
49 23
13 2
50 39
39 42
46 45
50 12
32 36
33 38
7 37
22 17
5 46
10 11
37 44
31 24
25 44
50 33
43 6
33 7
13 41
24 11
43 13
46 21
47 32
1 47
39 50
33 12
3 36
4 44
7 11
11 10
37 17
39 46
14 25
22 50
20 31
22 21
6 35
27 39
2 9
41 18
50 8
13 34
15 26
11 6
10 22
14 20
36 29
13 10
29 8
10 27
46 5
35 31
12 42
3 27
35 46
22 15
37 6
39 45
12 26
43 36
14 36
38 22
37 31
30 25
13 32
18 38
11 8
21 37
12 32
49 6
23 43
15 28
42 1
20 43
18 7
22 1
21 34
40 6
36 10
19 28
47 16
13 29
12 44
46 19
25 14
15 7
18 44
45 14
38 44
46 47
40 9
45 31
49 42
15 45
41 30
30 45
13 33
2 44
5 15
26 13
40 38
39 9
4 17
46 28
21 50
44 19
43 17
32 10
17 6
42 5
33 26
11 41
47 27
31 4
17 50
31 4
26 19
42 39
39 22
17 20
23 30
35 17
34 47
23 43
40 25
15 36
11 6
20 12
20 46
44 46
36 42
32 28
18 37
5 35
7 44
8 37
13 36
14 35
47 2
1 38
25 22
14 31
19 32
35 36
35 36
29 50
50 9
22 43
40 39
41 31
20 36
50 18
26 34
18 41
27 31
46 44
19 42
38 8
46 49
9 50
4 47
37 27
48 11
27 38
13 11
1 14
16 28
8 47
34 13
31 1
30 25
44 37
35 8
8 10
44 33
1 46
17 41
40 44
33 2
8 9
13 27
34 33
36 47
49 34
7 16
39 41
6 10
32 41
30 5
26 15
47 10
15 31
43 6
6 42
18 35
4 2
25 15
9 21
48 40
22 3
29 34
24 40
17 32
2 24
31 17
43 49
46 4
33 19
3 17
37 34
28 40
43 31
5 42
31 18
45 23
6 15
37 28
45 10
9 21
7 40
30 43
6 17
8 16
14 15
49 19
11 37
50 40
27 39
50 25
23 22
18 21
49 8
11 7
41 15
27 15
43 15
13 25
4 29
22 48
22 50
20 6
19 5
46 30
18 29
11 9
11 12
49 37
39 18
12 2
36 29
36 17
4 33
22 21
35 45
7 3
50 29
25 24
9 35
35 1
5 31
42 17
41 33
46 44
26 43
1 44
50 36
29 2
28 1
17 30
43 47
8 7
30 32
28 23
14 32
42 30
8 12
37 29
33 44
30 36
30 5
3 49
30 28
47 33
45 22
42 26
50 15
2 47
46 39
29 10
46 31
44 7
10 11
2 31
37 16
6 50
41 17
15 1
12 38
50 37
19 7
36 42
40 38
49 29
31 44
8 25
18 31
40 45
17 16
19 36
20 34
26 48
17 21
32 47
14 32
5 32
42 11
6 29
32 39
19 13
44 1
25 14
20 50
8 47
27 23
34 39
4 13
16 36
14 31
42 3
7 38
31 10
2 36
10 1
50 49
48 13
48 44
41 49
30 3
33 44
7 29
49 40
29 26
39 33
23 33
43 19
6 42
19 2
30 11
29 47
9 32
24 36
31 44
18 6
14 18
6 12
7 38
23 21
46 25
49 9
7 20
9 22
27 21
4 30
30 16
14 36
36 30
16 43
5 37
40 4
4 27
19 41
10 3
39 13
22 10
39 11
38 17
20 13
49 39
27 14
30 4
25 24
42 12
3 11
34 22
50 43
45 5
17 46
25 12
41 47
42 41
34 22
44 8
3 41
31 17
37 50
23 47
47 8
50 43
11 49
41 48
16 44
35 43
13 25
38 8
48 50
32 8
7 46
22 24
44 25
31 16
44 28
33 5
41 43
49 20
26 4
18 12
17 39
38 12
8 34
30 11
48 23
9 30
26 33
31 13
20 42
22 43
44 38
15 40
30 12
38 8
14 17
50 15
2 19
2 35
2 41
36 17
20 45
50 8
45 12
36 42
37 47
8 34
20 36
5 45
47 18
40 37
9 32
10 3
7 30
16 36
17 18
8 1
26 1
20 1
10 22
9 22
23 7
12 13
3 5
12 10
30 46
17 37
30 32
7 22
45 21
13 34
16 1
38 21
29 47
20 15
20 5
13 15
15 42
47 37
16 40
27 19
6 21
24 20
32 12
44 40
43 39
8 49
33 43
36 25
12 33
46 38
3 11
14 36
11 50
50 11
27 17
15 39
1 28
32 47
40 37
48 47
18 7
36 3
26 8
18 13
34 8
1 46
20 18
43 35
21 47
27 6
1 37
23 25
37 44
44 32
13 45
9 20
39 21
37 46
12 38
25 30
50 48
44 9
38 31
47 23
21 17
11 40
34 48
17 33
6 37
5 19
8 13
29 26
5 7
26 47
4 38
49 50
26 44
10 32
13 21
50 17
32 4
30 35
45 18
22 34
36 48
43 45
31 13
45 35
33 50
26 30
37 40
2 29
47 11
42 25
48 26
39 30
32 25
24 38
41 3
31 24
34 12
5 36
20 1
2 33
38 43
23 8
46 5
43 4
11 32
10 14
15 41
43 25
15 10
39 48
15 31
16 14
21 40
27 4
12 37
32 11
47 7
27 18
2 35
20 35
27 42
32 38
30 25
10 24
43 15
27 46
31 28
17 1
18 28
24 33
36 43
15 36
11 12
26 46
11 42
1 27
5 19
24 45
44 49
43 4
20 14
9 33
22 24
2 36
2 17
25 2
14 23
24 4
45 41
27 35
38 11
44 15
43 7
36 7
40 22
21 29
23 25
6 17
32 40
45 3
25 9
5 32
12 41
3 38
35 21
36 11
11 48
17 6
31 10
14 39
25 6
27 45
24 25
23 35
12 33
21 47
4 27
7 47
48 35
30 4
37 5
20 23
50 15
23 43
29 7
49 28
37 38
21 38
8 32
50 46
50 35
25 45
1 6
23 11
24 31
32 31
34 45
30 3
7 31
20 43
29 25
48 6
11 32
7 40
38 32
10 46
30 27
50 48
15 49
28 49
44 29
7 16
45 41
23 45
32 7
13 22
18 3
47 29
15 35
5 33
39 11
35 1
15 42
16 48
33 21
14 20
48 6
39 28
41 43
34 10
35 38
3 48
34 20
44 12
18 8
27 21
44 19
6 15
25 35
22 38
25 44
5 23
16 40
44 3
36 15
40 7
33 48
46 13
26 48
31 22
40 2
15 25
6 9
23 50
16 8
8 35
25 24
38 8
45 8
4 41
32 47
18 19
22 50
48 45
25 27
6 24
25 2
4 29
16 10
30 49
48 38
3 5
41 17
32 3
42 50
37 16
47 43
6 50
27 14
3 29
6 45
10 31
17 47
27 30
9 18
3 50
11 18
41 30
14 11
49 42
3 8
11 32
5 19
46 9
36 21
7 47
12 28
43 4
29 16
4 10
3 46
37 39
39 16
21 6
35 48
5 28
48 45
9 28
14 41
28 15
20 37
7 46
45 13
28 35
29 16
46 27
11 21
34 15
20 25
6 38
13 39
21 29
22 47
25 30
15 38
34 46
25 34
19 6
21 29
31 1
40 35
29 4
44 39
4 5
32 22
16 32
25 3
26 23
16 17
27 13
22 9
10 23
15 23
33 1
29 50
21 26
12 22
10 47
23 17
23 24
28 38
50 37
27 3
39 43
43 8
48 7
24 27
45 4
46 28
16 13
32 23
14 15
42 48
35 11
5 6
8 31
4 29
11 48
1 13
8 9
34 32
44 14
7 25
8 36
13 5
35 25
39 13
40 10
2 37
18 8
14 1
41 29
47 12
29 31
20 27
23 17
1 10
16 12
28 25
43 2
23 8
21 8
6 30
20 30
39 27
24 26
34 14
23 48
26 2
41 32
37 41
33 4
2 31
17 26
21 10
20 50
13 43
20 44
45 33
13 48
12 35
1 43
29 45
40 50
22 48
8 3
50 30
31 19
20 36
45 10
18 48
6 26
38 1
7 11
42 47
6 5
39 12
27 1
38 6
49 12
6 16
6 26
1 2
37 11
11 23
2 17
2 30
42 20
33 17
7 34
29 25
34 25
13 31
6 7
20 36
18 9
34 46
14 50
6 42
26 10
1 7
29 16
38 27
49 20
2 22
42 34
48 32
39 18
13 8
38 49
50 31
24 45
13 31
20 5
43 25
25 48
8 4
47 42
25 44
26 25
21 8
4 32
4 35
25 7
23 50
16 33
5 35
2 49
45 49
27 49
10 2
37 11
1 21
49 13
4 1
30 14
38 21
16 25
39 1
47 16
3 48
38 18
1 48
4 39
30 26
43 40
26 25
45 49
30 22
13 25
34 39
30 5
35 49
47 50
36 12
48 25
28 22
18 32
40 44
50 22
9 29
18 42
24 8
24 33
20 14
18 3
14 7
48 28
38 31
40 38
49 32
11 33
21 5
22 8
44 33
46 45
15 47
33 40
32 31
36 32
34 13
20 36
30 45
35 1
13 32
5 14
23 6
22 9
43 21
21 35
29 15
15 22
35 40
43 33
20 21
30 27
33 49
47 13
41 15
15 43
34 36
29 44
5 4
21 10
24 1
14 17
8 32
26 19
42 37
36 1
36 31
33 43
49 3
3 48
42 46
31 49
13 48
50 28
44 2
34 25
15 30
40 10
2 45
33 36
47 12
4 48
48 45
38 15
37 46
4 1
46 18
42 27
18 6
39 46
32 1
14 46
8 14
42 37
7 47
45 21
47 50
21 39
25 39
13 41
6 13
33 40
46 44
35 29
9 12
45 25
14 11
14 32
29 9
44 14
37 34
20 31
10 15
6 43
31 20
14 8
27 26
47 44
50 49
46 47
1 6
35 16
20 27
12 48
29 27
9 13
17 18
19 31
42 49
27 44
48 49
35 44
4 12
44 30
43 46
2 27
3 5
22 18
33 43
23 6
31 3
21 10
8 3
17 31
8 45
14 47
40 22
12 49
32 24
33 36
31 3
26 40
36 10
50 30
42 45
22 48
12 37
31 5
21 45
19 21
27 33
38 49
2 21
39 14
43 2
18 36
10 45
16 8
47 26
26 30
14 24
19 18
11 19
25 22
10 44
21 29
17 45
47 17
6 39
44 19
38 19
14 33
45 34
47 36
31 38
33 14
4 36
34 14
10 42
29 26
42 37
7 37
30 50
43 22
22 26
48 11
43 2
1 35
3 21
48 34
3 24
22 39
33 3
7 2
39 8
3 42
4 34
13 6
11 43
4 46
50 6
39 6
22 27
41 22
37 8
10 14
16 33
9 10
27 24
37 35
3 36
10 19
8 44
25 5
3 45
41 43
17 16
34 19
19 17
42 8
39 4
44 31
18 7
40 29
24 36
39 23
25 21
19 16
28 12
32 11
20 30
2 41
34 42
38 24
26 11
2 47
35 28
13 43
13 50
8 48
13 31
4 9
8 15
20 49
19 11
38 26
15 3
38 6
26 10
37 21
37 39
28 42
21 22
4 21
21 49
15 50
40 45
16 36
20 48
32 1
24 33
21 45
5 24
15 38
34 17
13 31
37 8
13 45
6 31
37 24
47 8
20 38
42 49
41 50
41 21
49 31
8 16
1 5
18 43
44 21
6 49
12 16
33 44
42 17
24 46
32 22
11 38
7 14
25 13
40 37
27 18
25 16
3 42
14 41
25 13
21 6
10 22
13 40
31 10
49 6
2 37
2 13
16 17
24 22
41 6
35 43
28 50
49 8
2 33
30 42
8 6
15 34
2 23
3 35
6 37
29 4
31 21
14 3
25 11
48 40
33 44
15 41
36 27
11 25
23 37
15 27
39 24
50 4
23 50
27 17
7 3
15 48
16 3
20 3
8 41
4 24
49 9
45 29
7 36
46 35
3 38
32 27
12 7
7 29
17 42
28 23
7 14
45 20
18 10
38 48
15 37
26 32
9 6
37 29
12 19
35 13
45 33
22 6
17 32
17 14
14 19
19 14
27 34
22 30
9 1
24 18
25 24
39 16
18 14
43 47
4 17
40 31
40 33
40 36
17 19
28 17
17 24
23 35
16 19
39 47
11 7
40 12
42 46
28 34
32 29
39 7
16 6
7 50
41 33
13 6
9 35
27 36
28 46
6 41
5 30
6 13
20 8
30 31
10 32
45 9
50 29
3 4
20 5
4 23
9 41
8 11
31 41
45 34
39 16
16 35
9 24
34 23
1 33
38 8
30 17
40 46
11 16
12 6
28 33
20 49
49 46
32 28
42 14
9 33
48 3
2 40
15 42
44 39
48 4
31 17
10 38
19 5
23 1
38 14
5 20
33 41
27 34
1 15
3 45
36 35
40 21
23 13
23 46
18 8
2 21
9 22
2 22
21 35
49 29
29 31
24 8
42 31
50 39
15 8
12 16
50 4
8 37
43 37
38 31
29 2
5 6
6 19
33 2
40 47
50 33
50 9
42 37
15 11
21 45
23 46
35 1
27 26
25 8
4 47
1 42
26 22
18 39
49 45
11 28
38 19
34 44
17 7
50 32
34 8
44 21
36 44
50 25
28 36
19 9
7 10
36 9
33 38
28 24
17 4
44 14
22 11
24 6
20 2
3 10
37 36
45 41
7 33
20 29
35 6
48 44
32 44
33 13
26 20
49 43
46 9
9 13
26 11
26 43
31 43
24 39
31 47
26 48
38 31
23 15
39 34
44 21
9 6
30 33
6 3
35 34
8 26
14 16
9 16
4 23
13 25
45 26
22 50
8 25
27 41
38 33
16 9
48 42
28 42
16 17
7 46
26 32
45 40
9 7
29 39
44 21
48 40
1 6
5 48
34 22
11 31
6 29
35 23
12 25
6 4
36 47
31 25
17 12
41 36
30 23
26 8
41 32
37 33
25 44
10 40
50 33
3 37
47 49
29 10
47 28
26 19
33 42
21 22
42 44
2 11
4 10
48 46
27 41
7 25
6 26
38 2
8 13
49 28
21 32
30 49
30 6
22 32
16 9
11 15
27 11
47 27
25 7
44 43
5 43
7 22
7 2
49 46
15 3
47 25
31 7
21 39
27 41
25 16
45 29
13 33
28 7
23 38
43 23
15 29
10 29
40 4
40 13
35 8
42 6
16 24
35 47
44 5
26 9
5 41
7 16
20 21
10 28
8 38
36 21
6 33
38 8
12 46
36 3
13 30
31 50
37 22
3 2
8 12
29 31
42 18
17 12
25 16
39 25
8 9
45 9
24 4
5 22
22 20
27 8
24 15
7 11
40 22
10 20
16 18
23 22
43 4
9 43
38 14
35 21
32 47
25 24
9 37
47 18
9 37
36 20
16 30
17 4
31 9
20 10
22 34
8 16
49 45
10 41
22 28
18 1
27 30
11 50
32 28
40 45
34 9
47 4
9 6
19 20
14 50
29 17
10 17
38 18
20 8
49 16
18 10
10 12
27 30
11 43
2 32
38 41
14 29
30 39
11 23
34 23
30 27
11 8
1 11
35 34
1 30
12 37
29 30
7 37
30 22
26 38
29 38
23 12
40 27
46 31
36 2
41 28
22 30
5 29
32 39
19 2
50 6
49 21
20 10
16 8
24 22
47 8
33 47
24 2
42 50
16 42
41 34
28 17
25 5
6 21
4 41
10 18
46 43
3 5
31 42
12 48
20 43
48 9
1 9
38 40
47 26
36 23
22 29
28 30
7 44
35 25
32 23
7 45
11 34
1 27
8 48
38 49
35 7
15 33
14 18
5 40
5 45
6 32
1 18
36 15
16 7
26 3
43 3
41 47
15 14
10 49
15 47
17 5
11 17
43 29
30 9
47 49
36 21
43 34
11 13
10 11
3 38
35 27
19 37
33 5
46 36
9 34
43 30
47 9
47 34
4 35
20 10
10 34
2 8
17 41
25 19
17 34
11 4
36 31
3 27
24 7
24 26
16 22
25 44
18 10
31 12
42 5
18 27
24 18
21 4
27 37
23 25
14 16
18 17
8 13
24 34
32 49
22 13
45 35
17 26
5 42
21 5
35 9
36 24
5 31
13 36
40 38
1 6
27 30
28 17
41 42
9 19
15 8
20 19
10 24
43 2
41 48
24 2
6 49
25 43
37 42
9 24
5 43
12 50
16 3
50 34
10 40
50 13
21 9
48 8
44 3
28 45
31 24
36 11
20 17
17 11
15 1
44 46
30 42
7 41
32 37
32 30
15 47
21 40
2 7
48 22
38 19
28 13
46 27
50 47
5 33
50 38
6 14
31 8
37 39
12 13
7 49
1 19
4 41
26 14
16 6
40 14
4 13
16 37
43 48
40 30
39 44
49 1
40 36
9 4
30 10
48 35
8 1
16 19
32 34
23 36
36 2
33 43
39 28
16 38
7 35
19 38
42 37
24 34
19 10
1 12
38 28
40 48
43 4
45 16
16 13
12 3
15 20
25 13
42 31
46 1
8 16
47 16
36 39
35 31
41 20
27 23
41 48
31 33
17 28
44 45
5 8
36 20
50 27
23 5
26 1
26 50
9 5
29 39
46 28
49 35
50 22
14 40
22 21
30 13
1 16
21 26
14 40
29 11
12 23
15 9
11 5
43 19
44 6
33 37
7 20
40 16
16 44
3 40
28 11
38 34
45 22
47 23
21 22
1 11
14 44
1 17
37 39
27 40
36 35
29 41
12 6
25 50
45 22
30 27
31 41
1 42
7 15
14 46
25 27
35 27
44 8
32 40
37 11
25 23
30 50
21 24
36 46
34 41
21 44
4 30
18 28
20 9
34 1
39 48
13 35
34 17
40 45
12 18
15 38
32 37
42 22
37 44
9 43
46 8
10 37
47 21
47 17
1 38
44 7
6 49
41 4
3 20
6 17
42 6
16 22
49 25
43 23
10 38
50 6
39 6
32 17
11 22
29 40
36 43
13 48
7 43
43 1
44 14
47 37
46 14
26 42
13 11
42 31
12 32
4 24
17 7
18 50
22 8
47 18
11 30
34 44
28 48
41 14
14 33
24 9
24 30
39 9
13 1
45 36
46 15
38 12
9 16
27 17
42 37
45 38
11 30
9 43
2 50
28 35
30 2
30 50
10 13
13 6
34 1
37 13
4 12
28 10
26 38
20 29
48 12
37 45
44 26
28 50
39 28
34 18
34 23
29 44
22 13
15 19
32 50
28 25
39 16
27 18
7 1
50 34
50 13
18 15
31 44
9 14
9 47
35 14
17 33
23 7
29 41
18 19
41 37
48 11
25 1
43 4
20 29
33 4
13 4
38 41
41 22
29 20
33 42
40 15
43 34
50 6
42 17
10 35
40 48
30 40
26 29
32 46
13 32
9 24
48 41
45 12
48 22
28 15
31 38
37 10
14 21
7 14
20 36
29 1
18 35
16 9
49 1
30 48
38 39
41 32
19 33
27 39
34 32
29 34
42 41
22 12
48 23
14 35
32 21
40 7
49 34
2 16
27 50
23 39
15 35
28 42
20 43
15 23
36 1
32 14
33 4
35 44
33 11
50 19
5 19
22 7
31 43
44 14
8 25
7 38
45 2
13 17
32 2
3 18
40 25
29 1
49 35
30 10
29 9
23 2
39 23
23 48
17 3
43 39
19 35
28 10
50 45
22 21
23 26
7 36
46 27
27 44
25 47
23 27
39 26
11 46
11 15
43 16
14 44
7 45
43 48
46 3
19 30
14 4
2 32
39 49
6 4
32 46
49 24
20 11
46 3
4 38
15 32
36 24
16 12
35 2
38 44
35 36
13 10
26 19
6 38
17 40
8 2
31 9
16 24
44 11
9 46
8 40
29 42
9 36
34 46
26 12
46 27
15 29
15 22
27 33
25 30
21 46
44 4
11 28
31 48
16 44
8 32
12 25
49 37
41 43
7 40
10 48
1 28
9 38
29 33
31 45
24 5
43 46
23 4
31 22
16 36
22 32
12 14
39 13
10 39
11 30
4 28
47 48
7 22
13 31
12 36
22 32
43 17
9 1
31 40
37 39
30 40
41 26
8 39
42 40
29 49
30 41
18 40
13 19
34 31
5 24
3 44
20 27
37 33
31 2
17 46
21 16
38 24
40 19
27 29
18 46
12 17
44 11
42 10
25 50
48 45
21 8
29 6
40 27
47 25
43 41
1 7
9 48
16 8
29 49
20 18
39 5
15 21
9 10
28 31
45 50
40 27
46 15
5 38
9 40
14 5
19 45
16 34
18 48
4 16
43 29
37 36
33 26
11 20
17 32
38 27
26 20
47 36
23 45
1 13
37 13
48 11
17 24
45 9
5 8
45 2
7 34
22 47
16 6
49 9
20 1
20 13
37 2
34 12
2 23
17 37
12 41
18 25
11 35
11 19
28 37
41 40
29 16
34 40
18 40
17 16
38 30
8 50
31 9
6 48
19 41
8 47
30 22
28 32
43 46
4 3
49 28
13 41
23 19
28 30
33 48
39 13
20 24
33 19
24 42
7 27
15 1
43 3
12 31
1 2
17 38
19 25
14 33
22 12
50 43
17 48
27 28
37 15
41 42
15 45
36 50
21 45
47 26
2 23
11 33
6 3
13 10
50 3
25 28
34 20
31 18
17 47
14 36
24 8
31 43
7 11
16 40
16 46
3 42
48 10
15 47
17 26
18 1
26 11
42 20
18 12
21 23
28 45
4 24
42 6
10 18
12 7
4 46
38 6
40 34
47 49
43 4
30 19
37 23
11 46
25 10
49 28
29 18
37 13
19 44
12 34
35 7
7 35
49 18
44 2
42 25
19 16
43 42
48 32
34 45
13 18
40 11
24 47
48 27
14 40
25 24
28 3
10 27
47 29
18 8
19 13
1 47
42 32
28 38
35 47
18 8
17 21
3 9
38 14
3 28
43 23
44 36
48 21
28 14
32 36
27 35
6 29
17 28
31 47
1 23
46 39
26 36
11 31
8 3
34 7
38 7
17 10
14 4
46 40
18 43
23 29
8 40
22 40
27 50
2 21
49 47
9 18
19 41
37 36
31 6
42 18
27 39
34 14
40 49
41 6
15 26
47 3
40 42
46 30
7 22
14 35
32 38
30 45
25 29
1 48
41 31
2 27
26 11
29 47
25 26
38 3
19 42
19 24
46 3
34 41
44 30
25 37
13 18
11 5
32 3
31 27
20 6
7 1
25 40
38 21
6 34
8 36
21 40
12 40
45 14
42 31
3 28
25 3
45 25
18 35
42 1
38 31
6 50
6 14
45 24
50 13
14 34
46 29
3 42
47 7
33 49
13 24
11 39
7 38
9 39
19 49
28 38
1 45
8 20
8 11
37 9
43 18
35 47
3 45
43 19
24 32
10 8
32 35
46 1
41 38
44 36
13 44
23 40
33 40
44 18
37 3
12 36
8 39
8 34
31 4
20 25
45 42
27 38
14 11
13 21
32 24
9 24
23 12
12 8
3 26
27 25
50 2
31 50
3 32
40 15
42 40
47 23
33 36
13 31
29 42
23 46
25 27
3 5
44 20
31 38
41 46
13 48
43 11
45 31
37 40
29 43
9 5
9 37
38 36
44 35
43 44
13 25
22 19
3 42
26 2
9 20
5 2
47 30
48 41
37 35
49 9
9 32
38 41
22 23
50 10
7 32
17 42
30 46
12 47
27 5
9 46
32 8
43 2
9 15
10 46
12 13
50 35
29 49
45 32
44 4
24 7
12 38
11 3
30 37
13 34
24 18
28 4
25 39
33 22
7 28
49 15
21 42
40 23
32 1
28 37
49 44
31 45
48 47
38 1
39 42
34 28
25 1
29 35
25 22
38 12
39 31
9 49
14 7
27 26
41 28
39 12
33 27
5 3
9 34
14 27
24 10
10 16
6 44
35 8
27 36
24 20
46 31
19 5
48 5
9 20
3 41
32 34
33 6
25 10
35 14
3 34
40 2
21 38
21 28
42 30
22 41
48 46
20 35
33 15
26 50
6 29
10 44
49 27
29 14
23 20
49 35
32 5
48 7
28 8
18 8
22 3
42 28
36 32
30 8
26 17
43 38
8 6
44 6
18 11
32 5
22 40
48 47
31 50
18 47
48 29
18 11
37 46
9 33
35 13
27 29
12 20
3 43
42 6
28 24
26 31
8 21
37 22
30 50
14 43
5 34
23 26
6 38
10 7
37 45
2 23
7 20
18 36
25 2
7 13
4 3
50 46
1 34
5 17
18 28
18 39
15 19
17 2
49 2
39 7
11 26
27 37
45 36
31 41
34 35
8 3
15 44
13 18
12 41
6 36
49 28
25 15
3 47
31 45
22 36
29 15
15 40
49 43
45 49
48 44
5 35
50 28
1 40
14 9
17 38
39 7
44 7
10 39
26 14
19 47
50 20
21 27
29 46
16 5
24 47
12 31
23 25
47 15
8 35
6 16
36 19
3 39
13 47
7 47
38 3
2 37
42 6
13 38
26 42
36 18
34 1
3 38
43 24
19 46
16 46
48 14
32 2
26 18
31 45
48 32
29 50
26 46
35 36
34 48
9 17
34 37
7 22
9 18
5 6
29 15
47 13
44 10
31 17
9 25
48 27
34 50
29 36
40 49
38 29
41 29
24 25
30 14
35 40
36 13
29 31
10 40
37 12
40 22
36 37
15 13
46 48
23 43
7 19
48 50
44 28
17 26
27 11
47 22
46 47
8 16
44 2
19 12
6 4
29 31
1 9
18 44
20 32
48 11
47 19
38 42
10 41
3 4
38 11
5 26
22 14
10 23
5 14
15 30
11 36
44 21
25 41
14 22
17 5
30 38
12 22
8 38
7 12
19 44
42 20
6 42
50 22
49 36
13 8
4 10
17 12
32 43
46 48
37 20
13 35
43 2
39 9
34 50
20 48
17 5
41 6
37 34
25 36
39 2
34 1
50 35
5 12
40 45
2 23
25 10
43 2
47 13
6 29
48 46
43 29
36 28
37 30
23 6
34 48
9 10
24 18
24 28
5 25
10 18
15 14
49 31
48 47
29 33
10 49
34 14
46 24
2 4
11 30
30 49
12 29
42 43
37 3
7 30
30 3
49 46
19 38
47 11
16 49
13 28
39 36
47 44
16 11
7 45
38 14
4 31
26 48
9 14
46 50
28 10
14 29
1 43
17 50
8 31
8 14
5 26
38 25
10 29
27 28
43 3
24 39
1 2
47 16
43 36
5 7
17 19
42 29
29 26
34 11
31 37
49 14
7 32
6 37
39 4
16 2
46 24
44 39
48 9
36 16
18 20
5 43
34 35
50 49
37 27
34 9
9 34
31 16
2 45
36 19
26 17
31 15
12 3
32 3
2 40
5 8
13 45
42 13
20 8
47 32
15 24
30 26
20 17
48 9
14 29
9 31
37 33
41 34
47 39
43 32
17 43
49 14
21 49
13 41
36 29
21 17
21 3
22 8
2 46
26 14
31 23
26 44
25 4
17 7
2 7
16 47
50 31
29 36
41 22
9 16
12 49
5 18
32 13
50 38
6 37
25 40
42 43
33 28
13 47
17 37
4 46
20 11
41 48
10 20
4 29
31 8
13 35
41 34
24 15
3 7
27 42
5 7
33 28
7 35
6 19
8 4
48 4
32 47
48 47
4 26
16 6
50 36
24 9
7 20
16 8
11 36
22 20
30 28
6 45
12 41
28 23
15 39
22 34
32 48
47 28
50 1
27 37
47 25
33 46
29 17
15 40
25 23
34 40
44 2
37 27
32 9
21 7
8 9
10 19
29 34
19 2
18 28
5 46
37 2
37 45
37 11
16 37
34 22
7 2
25 29
26 39
33 40
15 44
4 38
8 34
22 2
36 45
46 19
25 50
36 43
26 22
26 39
24 15
15 22
37 21
34 40
23 45
43 29
50 11
25 37
40 6
13 29
33 26
41 22
44 40
24 29
9 16
46 2
45 5
25 5
41 16
25 43
8 38
47 35
16 43
42 8
4 1
31 4
6 9
19 43
41 11
31 11
5 11
18 1
33 28
13 1
40 49
41 28
30 38
29 18
27 9
38 8
1 34
6 48
30 39
44 17
30 37
17 35
48 30
9 36
50 10
29 16
18 5
26 4
3 9
28 10
15 20
48 8
3 29
45 40
17 13
33 26
25 46
29 25
3 39
20 7
10 4
30 35
28 27
12 39
28 34
30 24
23 18
24 21
2 47
7 33
10 36
48 28
14 25
6 2
26 8
43 2
47 43
7 49
40 42
34 24
42 19
34 15
46 9
17 1
19 5
16 31
40 44
37 10
11 7
2 6
27 43
10 3
20 46
13 17
44 8
9 21
27 41
45 27
27 7
19 22
37 22
39 18
35 30
36 28
40 3
23 38
32 9
16 21
14 36
4 50
34 18
9 23
25 44
1 33
18 27
45 1
11 4
18 1
39 9
29 36
12 10
43 7
14 35
18 21
13 33
38 12
21 39
34 4
6 50
13 28
50 18
36 16
12 26
26 13
23 42
20 29
19 27
15 45
3 47
19 9
50 35
15 45
27 46
49 50
29 41
9 13
3 17
36 49
27 7
30 23
38 18
13 41
38 23
33 7
8 4
20 3
24 45
17 50
21 16
43 41
24 19
11 26
28 49
35 50
30 41
14 27
10 39
33 50
36 37
20 41
8 20
32 15
11 15
13 40
14 43
36 27
2 25
8 31
8 20
10 11
8 1
2 42
26 17
40 34
12 50
36 20
46 10
8 30
45 5
22 18
24 50
22 20
31 29
45 20
31 7
40 33
1 33
30 32
41 44
17 29
39 28
26 9
18 5
46 30
47 12
4 22
20 10
6 23
2 11
15 3
45 11
1 8
17 35
23 8
16 25
31 17
19 46
39 47
18 8
11 16
13 29
33 2
30 11
22 39
3 43
41 46
17 19
11 40
19 32
49 10
27 48
11 19
47 48
13 15
15 41
37 16
30 40
36 49
35 34
49 42
2 19
24 10
13 27
4 3
15 11
16 31
20 14
42 46
23 33
6 42
22 30
44 50
11 1
46 31
1 16
28 16
45 21
48 37
5 10
34 5
21 44
19 5
21 38
16 3
19 17
3 46
7 45
23 11
45 23
40 41
21 4
22 42
26 6
39 35
21 37
27 49
42 5
7 48
31 8
18 36
35 30
38 43
12 3
38 35
40 4
47 7
35 43
38 13
22 7
22 11
43 27
16 21
21 44
14 46
23 3
24 9
50 22
14 29
41 16
50 23
40 11
6 30
35 12
24 30
4 27
44 5
46 11
9 40
14 36
41 2
34 8
21 2
24 40
34 43
34 26
29 44
20 47
38 23
47 39
16 1
26 21
38 27
44 20
43 47
30 14
36 23
38 47
40 10
20 33
31 24
48 30
7 29
32 15
3 1
29 44
33 8
47 16
28 18
44 15
7 11
36 25
20 4
5 35
49 9
11 4
35 20
8 25
8 29
30 20
46 29
36 42
9 14
32 7
18 12
18 34
46 3
29 41
20 35
7 36
9 48
5 19
11 38
2 17
19 47
20 25
25 26
3 19
37 7
23 13
2 37
3 15
23 20
40 41
5 7
49 33
34 22
22 4
4 10
5 30
46 45
45 26
45 41
4 48
12 38
47 18
19 4
41 10
45 4
25 39
45 10
35 14
7 3
44 38
7 14
20 41
24 18
42 27
42 31
2 32
48 28
3 32
18 3
50 33
8 44
40 4
44 31
46 23
32 41
35 21
22 33
14 25
3 48
3 10
43 40
16 12
11 20
9 10
10 18
34 13
1 39
3 29
46 30
15 5
4 17
43 16
8 5
12 40
10 47
19 13
50 17
31 36
38 10
16 17
26 11
10 33
1 9
15 40
38 3
23 10
13 36
9 23
27 49
27 12
10 24
2 11
21 40
14 22
30 36
8 44
17 43
29 25
36 8
48 21
30 34
38 5
1 34
31 17
16 11
23 11
5 22
43 19
19 26
20 3
48 11
8 21
27 2
5 35
16 15
11 35
33 11
40 46
48 4
31 18
6 20
28 32
21 41
28 46
42 18
48 2
45 46
1 16
46 43
35 37
24 35
26 1
10 20
29 40
21 5
37 41
7 37
19 23
20 15
16 23
37 19
42 28
29 27
50 20
14 46
21 14
18 20
13 17
30 27
18 9
31 7
27 21
48 9
33 36
5 44
42 50
33 36
17 2
27 18
31 16
8 41
22 14
6 16
35 15
11 48
47 34
48 13
4 47
11 30
31 8
3 40
36 16
2 20
12 7
16 33
22 26
34 39
30 1
4 26
45 29
41 33
48 38
2 11
38 22
6 40
26 31
3 48
25 48
1 30
12 43
37 6
7 8
27 20
12 36
17 6
39 28
8 6
5 6
1 44
50 43
19 26
44 35
5 41
20 32
9 50
33 11
13 48
10 38
50 7
41 22
4 40
7 28
17 19
49 6
12 26
1 25
32 20
22 46
46 40
49 41
50 18
26 47
28 46
33 14
1 45
34 31
4 31
1 26
43 40
10 40
28 43
46 11
46 48
21 22
42 7
38 26
24 20
27 39
14 49
32 50
28 11
45 3
7 31
49 33
43 20
37 38
20 13
2 26
11 25
19 20
22 7
47 36
27 10
30 43
26 5
47 44
28 37
17 33
23 10
12 15
46 29
25 21
1 32
48 36
37 45
21 39
44 46
27 29
29 47
41 11
3 15
23 11
45 46
38 9
19 2
11 7
22 43
10 11
24 32
27 43
1 32
44 40
27 15
25 44
40 49
30 33
42 6
50 40
27 33
11 12
29 47
11 4
10 36
5 47
31 36
37 27
1 14
14 28
3 41
40 47
22 21
18 1
24 6
36 4
15 32
6 20
8 43
10 38
32 11
34 13
43 23
19 39
26 16
4 37
3 9
15 44
42 13
31 5
9 28
45 42
41 3
27 46
5 34
40 15
22 2
46 31
34 24
1 40
7 36
28 19
23 37
36 22
6 50
24 47
25 39
35 12
30 22
44 48
48 4
43 7
9 49
9 13
31 27
33 11
3 28
45 27
11 17
41 17
12 43
17 15
2 47
29 12
44 24
32 50
41 19
33 42
39 32
2 4
25 1
49 50
44 34
50 8
12 37
36 43
7 27
18 50
17 3
6 19
11 23
50 23
46 5
25 11
27 19
32 42
1 36
1 28
37 17
35 40
5 20
14 40
12 16
31 1
21 10
27 3
15 32
42 15
46 43
2 40
31 8
31 24
21 4
10 2
17 47
12 7
25 29
26 40
11 1
46 44
35 12
16 32
4 30
34 1
18 22
50 9
30 42
25 1
38 19
3 4
19 6
1 14
3 40
40 10
45 25
29 21
43 35
17 38
38 16
10 9
5 6
32 14
1 43
46 10
19 34
30 31
7 20
30 13
9 43
1 5
25 31
16 47
45 28
43 20
21 12
18 28
3 5
27 38
34 12
37 15
43 24
45 40
10 28
43 44
49 30
42 24
13 11
39 30
29 48
4 41
28 11
23 27
16 50
25 13
27 48
33 13
18 43
13 5
43 2
30 7
11 27
20 38
16 50
18 35
6 50
13 19
34 27
39 24
26 15
2 7
1 10
40 34
32 3
9 26
12 11
17 50
49 45
1 27
19 39
32 1
26 23
22 25
45 15
20 24
47 49
3 37
31 7
35 14
41 35
14 33
18 44
45 26
19 26
23 17
46 11
17 35
15 34
11 2
50 9
5 35
30 19
21 11
26 7
32 7
9 32
50 25
42 39
22 45
7 28
34 2
21 35
18 19
41 11
30 37
28 32
5 9
35 1
41 12
31 2
30 38
32 15
23 35
37 4
34 33
47 5
28 20
9 32
34 44
30 18
42 18
49 23
33 17
36 7
49 16
42 43
1 42
49 8
6 29
34 19
40 27
46 26
7 29
39 25
50 14
42 21
38 39
42 38
1 2
23 6
33 7
1 37
19 43
2 37
4 48
44 24
34 31
5 31
19 3
31 38
48 7
47 41
40 45
16 33
8 20
32 40
23 2
9 43
1 29
48 31
5 10
12 27
38 21
7 9
47 36
49 42
15 44
7 8
2 50
2 50
33 13
34 14
23 11
29 46
32 19
3 29
43 13
13 25
45 40
11 40
12 50
20 17
33 16
21 23
18 11
22 39
14 41
21 34
37 14
11 9
29 23
42 1
37 4
12 21
28 26
31 46
5 6
4 5
25 49
39 10
18 16
14 6
18 14
16 13
10 30
24 31
42 27
24 6
35 41
46 45
7 26
35 3
50 23
29 43
20 39
45 22
44 25
27 43
50 9
39 4
9 24
37 21
1 34
37 20
5 47
1 15
43 20
22 31
26 45
21 37
43 48
31 2
15 13
11 38
41 2
4 8
34 42
28 11
47 34
49 33
42 9
26 18
1 12
31 26
11 43
45 5
24 5
21 19
10 8
44 3
14 46
29 24
31 1
6 13
11 25
22 45
41 1
46 37
21 30
16 5
17 5
32 22
11 44
12 44
31 9
10 1
8 38
30 23
32 49
42 36
31 39
27 32
48 26
35 48
7 27
31 10
29 15
47 8
34 27
48 4
43 44
31 32
38 31
2 14
43 23
27 24
35 26
17 12
26 28
35 24
42 35
8 43
45 42
35 20
29 2
8 29
29 48
11 48
5 41
2 9
15 13
5 43
16 22
16 2
49 22
7 36
47 39
18 44
1 40
45 14
40 7
28 23
22 39
50 41
5 42
12 6
23 35
1 39
18 24
34 40
45 44
15 14
16 11
31 5
14 22
28 12
19 34
44 22
5 18
34 7
19 8
38 7
44 6
13 50
46 23
18 50
2 23
25 45
45 3
39 47
35 13
34 33
45 3
34 6
2 27
28 6
20 14
44 11
25 13
42 27
14 20
43 15
9 2
11 27
18 40
49 35
12 36
19 25
41 23
45 46
14 44
17 24
6 11
46 27
36 41
36 19
10 9
26 29
8 19
49 20
46 14
3 38
18 24
41 3
33 10
42 44
49 43
16 41
47 35
17 1
22 3
16 11
16 43
35 6
32 41
45 44
8 4
26 46
26 46
7 2
49 36
16 25
7 32
39 6
44 16
16 19
16 19
24 9
38 34
10 48
19 7
43 31
24 17
30 23
18 20
33 28
12 39
35 23
25 29
17 38
23 30
30 45
21 40
49 33
32 4
17 43
29 15
23 15
39 9
18 25
42 26
37 19
10 32
27 19
16 27
1 12
35 5
29 36
41 2
24 5
4 17
12 31
5 15
15 27
5 26
35 24
16 27
26 25
32 5
40 34
19 50
47 48
7 13
17 36
19 30
34 45
44 25
24 8
5 38
42 19
30 35
48 26
29 14
37 46
37 30
11 28
18 41
44 35
1 24
35 24
18 48
32 37
5 38
43 34
30 17
33 20
1 37
9 49
30 1
48 2
40 27
50 2
50 11
25 50
28 49
48 15
17 22
49 48
42 1
15 41
42 27
32 50
22 1
8 4
20 30
19 23
1 14
39 27
41 42
3 29
34 29
23 10
26 6
37 14
3 25
24 12
8 19
41 29
16 45
14 9
44 23
7 12
40 41
20 10
38 41
27 39
45 39
38 35
6 24
49 35
30 14
15 43
47 50
17 15
18 19
45 3
33 50
43 5
41 43
28 9
44 2
9 49
4 29
18 38
11 4
5 28
36 23
44 5
42 34
40 44
46 37
1 33
37 29
24 10
25 32
8 17
50 33
19 48
50 2
20 2
2 29
12 10
26 15
40 32
30 6
48 17
10 2
26 3
46 17
45 35
4 8
23 46
20 38
13 21
12 14
1 15
42 9
44 8
30 9
31 2
5 24
34 45
46 47
42 7
15 30
21 47
44 42
50 45
21 4
47 9
30 44
22 25
30 40
17 48
42 28
26 32
44 27
42 28
45 26
15 27
1 16
12 34
12 33
1 46
16 30
21 14
6 42
38 28
45 25
26 45
15 28
16 37
41 2
7 12
23 47
44 4
3 33
31 2
23 11
50 16
22 13
7 1
13 7
20 21
3 46
19 36
39 11
21 44
49 19
19 41
45 50
19 17
46 36
10 22
10 27
38 10
9 35
25 34
15 20
6 1
48 1
26 39
17 41
32 25
9 10
16 31
12 36
27 41
24 14
44 15
35 4
48 13
23 44
47 37
37 43
9 27
12 39
30 34
5 2
38 16
13 23
11 47
22 3
8 27
23 35
45 8
12 33
8 29
47 14
38 35
6 19
12 10
45 17
50 32
43 2
29 12
34 12
48 7
39 28
45 49
28 35
34 7
48 42
3 47
6 47
22 39
27 47
24 6
16 7
39 25
20 26
33 28
27 35
34 36
33 25
50 16
45 26
42 16
26 10
14 16
42 49
13 33
37 32
19 15
33 3
47 22
27 5
47 48
5 32
1 10
43 26
47 46
12 34
29 49
35 27
21 35
28 12
38 10
3 41
23 21
23 19
33 1
5 17
46 23
10 19
34 41
40 8
17 23
10 41
11 4
29 11
26 2
48 37
16 2
39 27
7 36
24 5
39 17
22 30
1 8
35 43
27 24
33 29
19 32
10 6
1 44
30 49
12 47
22 46
11 33
33 36
23 2
10 5
14 2
50 30
47 5
48 23
39 6
50 5
6 49
32 47
39 34
9 45
35 12
37 38
35 28
13 42
16 1
34 50
15 16
38 42
18 39
34 24
14 19
5 16
48 42
11 32
36 11
47 16
49 15
26 20
37 50
8 40
15 32
26 27
46 7
6 44
21 50
13 28
14 34
33 27
17 25
2 10
23 41
16 25
42 6
42 37
41 13
24 21
35 33
43 22
10 34
22 50
4 34
26 11
22 14
16 34
22 20
21 48
44 39
28 37
9 23
35 5
35 50
40 11
46 29
12 39
28 40
32 8
50 12
3 43
10 3
17 39
33 47
46 2
36 8
31 28
37 49
28 14
29 50
5 1
36 49
24 49
2 14
30 38
35 23
34 30
36 42
29 32
17 8
20 1
9 22
2 43
7 10
23 24
49 50
36 48
9 26
27 46
12 20
15 31
26 13
47 12
32 25
48 9
24 42
1 34
13 22
43 26
31 43
29 7
27 34
33 19
11 21
43 27
43 19
28 43
29 8
47 23
28 47
9 38
12 50
17 37
27 45
5 27
40 23
35 15
27 37
14 33
31 3
42 38
50 45
32 4
16 6
38 20
20 12
15 31
8 45
35 47
30 14
43 29
5 13
22 46
13 29
27 47
6 46
33 15
42 48
25 7
3 45
46 47
9 41
23 13
4 10
34 5
15 17
32 6
16 34
37 47
35 50
2 24
33 49
35 46
19 46
8 24
16 9
17 34
17 27
33 28
35 15
13 30
10 33
23 7
20 14
11 7
14 45
6 9
23 45
43 7
35 32
5 39
48 8
24 43
31 15
6 29
36 15
11 2
9 11
26 22
22 28
35 5
32 1
18 44
40 31
13 21
34 39
49 36
47 32
16 25
1 23
25 13
13 25
16 5
2 25
49 12
5 41
31 27
39 26
35 6
47 25
14 36
6 27
33 5
2 47
47 17
43 41
35 26
31 5
23 26
15 21
36 3
18 29
44 24
23 14
48 45
13 27
49 23
19 13
46 3
8 43
16 14
36 12
44 14
31 40
48 35
43 20
3 2
28 50
7 21
26 12
19 10
1 15
50 6
5 7
16 36
49 8
30 44
34 36
17 24
4 21
22 15
46 6
10 32
35 24
33 32
32 24
14 13
45 43
13 18
20 30
28 31
33 43
22 19
45 49
10 48
31 8
16 26
16 39
30 38
27 18
47 8
34 4
49 10
10 24
39 41
46 18
28 50
38 3
13 31
48 25
50 3
2 43
25 45
35 38
17 34
9 43
11 2
23 28
30 25
43 15
17 22
47 39
24 42
1 26
5 28
50 35
18 9
10 24
19 45
23 5
25 9
25 39
47 2
34 26
34 25
30 39
23 11
12 21
43 34
44 20
26 8
22 48
46 27
9 17
26 32
9 18
46 30
1 13
47 33
49 37
15 44
2 14
43 2
44 16
29 36
8 10
29 48
26 5
26 41
35 16
20 50
15 27
13 5
5 44
27 2
36 17
1 50
49 11
9 18
10 29
7 2
11 36
43 10
16 44
2 19
39 38
29 16
14 16
34 29
30 4
27 25
48 27
36 12
9 21
24 12
10 22
41 21
28 21
50 36
17 36
29 15
2 18
27 18
28 13
2 19
9 6
9 5
9 23
7 32
48 20
43 26
25 33
34 5
39 28
41 6
37 36
36 35
2 21
3 19
15 41
41 19
49 9
27 34
36 2
17 28
40 3
45 10
38 1
10 28
41 14
39 50
35 21
45 49
2 46
7 40
1 10
39 34
21 16
6 48
22 24
26 17
40 45
50 25
35 10
21 32
16 42
46 18
6 10
31 28
30 44
15 17
37 14
18 39
23 24
32 49
1 42
48 44
29 34
31 33
36 33
1 43
43 38
33 21
28 18
28 43
43 49
29 13
41 11
44 3
23 43
37 17
35 15
45 29
10 45
7 23
42 34
40 33
7 20
26 23
22 13
33 10
2 34
46 23
35 32
23 47
31 45
7 22
35 44
30 43
47 28
26 23
15 38
23 10
33 11
16 11
21 3
23 22
43 33
23 50
19 48
43 45
36 34
27 10
8 27
33 22
38 28
33 43
21 10
31 2
8 14
9 11
4 23
36 46
45 18
9 35
22 30
29 46
49 44
22 36
36 43
17 40
43 42
17 38
35 8
10 19
7 29
45 28
3 11
29 4
37 28
20 25
17 49
47 42
14 2
3 41
32 44
39 30
42 24
16 19
33 40
44 41
50 44
5 8
4 46
45 14
24 50
39 42
43 49
40 1
14 36
49 28
7 27
22 42
30 7
35 8
15 19
41 32
29 25
43 19
25 38
46 35
24 49
34 49
15 37
25 15
33 2
48 26
31 36
38 17
17 12
20 30
19 34
15 14
40 39
1 42
48 38
36 24
35 16
3 13
43 39
33 50
31 46
22 36
5 33
8 2
37 14
3 23
42 26
28 34
40 8
23 29
34 45
41 15
36 42
13 38
47 37
4 22
28 30
41 5
10 41
1 42
29 25
29 21
34 49
5 50
44 5
6 11
37 35
1 5
6 27
15 29
28 3
24 40
1 30
43 32
5 18
8 12
15 25
28 27
1 3
34 47
22 2
27 6
20 10
33 35
27 34
42 38
19 15
6 31
32 25
13 4
37 19
23 11
37 41
33 43
36 41
23 49
24 7
4 35
27 41
24 50
36 40
5 16
50 5
27 15
2 43
39 25
32 48
34 17
38 33
49 19
38 30
30 9
6 50
36 29
25 2
17 37
38 27
50 38
34 21
46 15
28 34
47 30
2 40
8 19
15 7
1 47
12 38
31 41
27 41
5 13
5 19
35 27
50 31
23 14
10 4
2 26
41 10
23 31
21 46
50 49
12 34
19 17
24 19
20 37
10 2
50 20
26 48
48 16
20 27
49 27
7 33
31 14
17 36
31 29
45 2
23 38
12 34
42 40
35 25
32 2
30 5
27 37
7 28
18 3
20 46
38 21
24 5
14 24
3 7
30 31
2 15
16 12
11 4
43 36
39 32
28 7
41 48
45 22
6 33
35 36
20 33
21 25
22 26
14 49
33 16
2 39
19 20
33 31
28 27
9 7
30 40
13 15
44 11
42 17
6 41
50 32
7 28
1 2
49 47
4 5
44 20
44 18
39 26
18 6
23 4
9 16
2 8
28 27
29 11
30 13
6 21
26 49
46 19
25 16
42 41
34 32
33 28
18 24
24 16
1 34
20 5
50 4
28 29
2 25
41 3
15 23
23 36
1 3
4 14
12 15
42 17
41 30
38 37
33 42
25 37
1 25
21 3
35 42
14 47
27 2
9 17
16 33
48 7
8 29
42 21
34 45
19 4
41 28
4 37
19 34
16 23
1 21
3 21
46 40
29 48
30 24
2 42
29 35
21 5
20 14
2 41
32 27
20 26
42 44
46 48
7 45
19 3
2 38
40 32
42 13
29 44
25 15
45 7
21 50
7 10
21 36
42 7
18 27
2 35
48 1
46 22
17 26
2 50
29 6
11 46
37 15
49 20
38 30
34 8
29 41
1 14
45 37
34 27
23 45
19 30
40 38
45 5
23 32
18 41
14 15
33 21
9 31
3 7
47 41
5 46
25 47
6 25
32 27
14 39
29 40
15 48
34 24
43 21
22 7
16 6
2 5
44 11
25 26
7 27
37 40
41 40
44 15
49 12
17 38
24 5
2 5
7 40
44 48
9 27
42 34
9 4
35 49
30 50
28 8
50 8
27 11
36 12
26 22
13 8
23 36
39 45
7 13
43 27
1 26
4 18
24 47
43 48
20 36
30 27
47 36
42 13
37 50
9 7
25 17
3 5
49 34
22 40
12 29
6 38
42 43
47 48
47 48
33 24
9 29
16 39
17 7
17 34
45 44
20 14
11 44
20 40
22 9
32 7
48 23
2 11
11 20
16 45
26 41
50 27
35 31
25 36
15 26
6 38
26 13
21 24
41 20
16 14
6 45
24 35
4 18
3 38
43 11
15 23
33 6
41 50
29 17
6 43
49 12
36 50
36 48
37 4
11 23
13 12
29 37
48 28
47 16
42 35
38 40
7 47
49 10
3 39
37 23
41 19
27 45
16 22
3 19
29 34
30 25
47 17
33 15
16 49
3 17
15 11
34 31
15 39
20 30
43 22
49 25
8 10
9 46
13 18
24 48
8 29
