200 1000 0
196 151
101 131
156 48
196 112
143 66
180 116
21 144
141 176
198 106
143 100
149 73
138 70
133 29
168 161
127 183
36 112
121 146
115 154
136 162
168 175
196 80
89 66
56 41
71 152
190 165
197 105
112 153
4 195
159 193
183 190
163 108
158 185
16 79
121 133
117 79
61 93
24 14
48 52
42 60
44 142
124 38
151 110
29 171
66 62
50 186
9 21
144 167
23 193
101 93
48 157
116 6
32 50
87 191
76 67
180 150
186 103
159 128
74 15
66 164
66 78
200 84
176 192
122 137
46 127
15 24
47 85
103 79
117 6
179 30
162 8
185 122
14 94
110 46
49 123
154 176
192 119
131 43
112 148
30 29
84 69
40 15
156 65
19 111
86 196
49 39
13 64
64 60
96 10
188 155
120 74
73 48
40 170
188 59
118 196
1 36
103 35
191 113
172 135
46 145
157 85
76 108
2 110
151 71
138 40
118 36
151 57
106 134
84 121
131 92
83 118
147 126
50 25
86 191
9 49
8 9
58 86
121 118
128 185
133 200
20 142
186 122
4 58
122 119
42 3
135 10
45 30
124 116
67 199
90 54
86 54
178 49
24 152
2 32
102 197
187 71
106 71
196 152
92 61
193 45
142 124
89 50
183 192
153 51
31 198
161 175
74 67
165 36
27 26
176 27
9 95
16 39
31 151
191 14
151 77
78 8
97 1
24 139
22 9
68 185
128 143
193 148
7 132
86 12
177 146
126 40
199 165
69 164
21 88
125 47
57 184
52 196
45 64
177 147
42 2
40 18
67 97
133 173
148 197
128 99
40 14
89 72
62 141
113 7
140 92
130 19
28 196
104 139
8 95
16 40
172 174
98 22
33 61
162 99
23 165
46 6
100 53
142 79
100 43
188 89
196 190
71 192
167 71
187 163
82 149
6 176
102 151
76 190
6 25
74 5
92 13
140 179
156 65
12 199
3 34
181 76
166 114
32 31
33 32
152 125
31 124
26 49
23 174
18 151
14 126
195 170
122 101
170 168
13 97
97 10
158 66
105 112
31 52
87 103
88 162
56 22
84 180
71 192
67 121
116 20
126 182
2 69
65 123
113 102
20 90
135 96
184 191
151 91
77 157
143 192
186 10
145 97
73 154
51 119
26 105
96 108
171 47
87 66
32 71
144 90
6 144
100 43
131 196
15 180
83 146
17 84
132 100
199 42
139 187
89 11
31 158
87 193
84 25
109 79
78 187
149 62
113 161
139 196
116 127
177 179
93 129
134 31
103 53
69 80
154 9
4 106
122 57
92 189
150 177
57 105
150 133
82 87
125 179
176 54
32 33
181 121
193 103
2 173
54 58
77 103
109 168
200 29
20 142
91 166
70 11
38 148
35 178
126 86
117 165
157 195
190 140
4 51
47 109
47 12
4 196
61 6
67 146
120 155
51 140
46 156
13 56
14 80
141 123
178 176
123 131
80 14
192 126
6 116
186 118
83 125
172 143
147 141
12 84
4 116
81 160
200 139
152 127
194 68
28 157
159 167
50 71
30 200
33 34
15 41
34 18
119 170
162 190
38 43
129 38
144 30
119 60
163 42
179 29
124 51
194 110
33 140
35 51
174 114
176 20
138 32
113 34
77 171
44 136
88 188
15 165
60 65
75 196
178 165
42 7
131 64
79 83
95 9
20 130
49 23
153 83
44 92
124 189
198 10
104 164
77 110
154 15
52 17
40 98
26 65
13 84
1 9
29 40
73 53
56 45
187 13
113 23
136 174
59 22
197 54
78 141
173 174
57 91
132 111
154 108
38 170
187 43
116 190
21 107
144 50
26 113
88 108
189 112
89 69
90 131
71 5
62 134
200 90
84 184
136 56
104 72
170 82
40 93
19 94
69 118
51 167
167 118
29 31
42 52
47 48
27 105
84 173
151 53
118 48
78 70
95 183
126 117
184 19
157 57
166 155
77 126
9 127
13 18
122 41
56 142
17 50
195 70
164 72
122 109
196 10
165 58
41 141
77 194
42 29
165 155
181 185
147 49
158 127
35 156
1 127
25 15
31 126
160 161
164 60
4 186
4 68
180 184
179 12
79 28
147 188
98 11
149 90
100 80
13 118
79 69
145 46
180 105
50 139
21 91
141 11
49 60
194 145
49 70
161 117
117 131
86 189
5 7
160 49
110 154
92 52
100 96
20 85
198 188
154 159
17 180
111 43
22 84
105 28
94 7
123 88
78 45
130 23
154 164
164 91
160 1
97 156
17 24
65 174
94 149
16 168
193 98
192 106
49 25
49 195
54 173
140 121
194 187
88 200
14 152
90 69
167 181
128 77
172 104
140 178
109 155
9 109
1 124
138 136
66 30
114 107
114 119
78 1
36 181
40 26
118 100
38 50
132 10
51 64
152 82
110 170
83 62
27 177
50 186
16 82
86 46
57 7
138 22
103 107
142 93
167 190
13 148
29 103
140 159
82 115
111 157
184 75
154 40
28 165
126 48
145 159
37 185
191 46
200 10
191 85
138 86
178 165
68 195
88 12
93 87
16 166
199 146
195 115
52 146
145 125
148 189
3 134
161 144
132 119
140 83
5 175
152 48
198 76
100 182
54 144
115 183
195 29
157 134
169 131
164 9
97 174
41 57
66 156
168 186
102 130
126 183
15 95
70 138
186 198
27 66
36 46
146 178
78 190
17 92
7 140
118 85
95 20
158 45
138 53
188 139
66 121
44 81
134 124
20 132
161 50
21 155
12 115
62 127
140 90
195 161
113 151
88 145
8 5
58 107
44 29
120 119
47 147
181 126
141 20
97 1
80 30
151 107
122 66
68 125
179 12
59 91
194 110
189 152
112 194
77 190
74 104
180 181
128 17
10 27
85 40
116 135
80 6
107 120
22 153
5 120
152 199
1 193
164 87
22 58
183 41
138 46
84 71
79 94
37 141
125 81
176 95
32 13
77 106
46 109
48 66
75 58
171 13
4 78
191 172
188 100
167 122
89 167
129 32
164 14
185 196
76 23
82 103
140 170
192 200
156 160
154 74
90 84
2 19
111 95
88 129
149 43
192 128
182 178
106 115
134 62
88 161
42 150
53 163
14 57
96 154
153 2
46 42
86 150
24 199
61 99
175 65
85 15
12 134
140 92
185 148
195 110
115 76
28 64
86 18
20 47
135 96
194 95
198 79
68 196
138 151
150 16
85 90
167 174
127 118
105 126
42 169
39 12
43 30
48 152
34 49
177 18
84 123
32 180
156 121
140 34
112 66
170 57
28 116
178 100
7 33
9 156
32 30
151 133
168 4
102 93
140 94
108 25
37 92
181 190
179 50
40 9
127 199
153 87
41 22
105 61
170 141
38 44
54 24
69 184
85 114
194 192
71 116
182 6
102 193
65 46
161 26
23 73
155 47
187 90
170 99
107 101
2 74
33 138
62 156
152 135
185 74
74 126
49 47
56 82
120 9
129 122
127 67
86 59
148 56
6 41
38 179
186 131
83 23
72 30
79 30
37 126
68 185
196 94
31 47
183 51
185 64
91 177
199 89
106 23
33 74
102 144
199 74
186 126
28 170
141 188
126 155
154 57
22 127
6 11
138 55
126 48
75 156
93 91
151 169
182 75
42 127
93 189
21 40
11 137
102 15
66 65
184 191
105 118
146 84
135 49
14 111
78 52
5 44
163 160
70 88
66 119
81 196
188 131
58 150
13 20
97 83
139 24
71 103
37 122
53 183
64 71
176 3
160 122
32 180
127 197
174 162
37 113
17 123
156 21
59 88
113 143
105 154
4 129
154 112
150 170
41 119
195 143
148 107
60 181
107 89
56 161
91 66
186 70
77 174
74 199
127 108
155 76
95 10
92 126
64 83
12 37
159 53
157 2
53 102
139 98
67 124
59 102
199 80
57 179
154 111
96 51
179 1
90 127
96 159
52 95
68 82
8 179
180 5
142 69
6 121
110 177
184 128
44 2
132 76
45 26
81 28
37 164
125 172
60 158
75 19
198 13
110 50
93 11
7 104
37 139
155 171
180 190
197 13
200 111
186 75
85 86
100 2
151 17
22 75
87 68
154 4
56 29
121 105
26 79
5 2
38 39
193 102
166 59
67 16
129 45
162 50
51 170
20 176
176 44
105 13
162 137
94 109
2 27
40 176
54 8
158 121
41 84
181 88
95 67
7 183
17 165
1 29
98 67
83 35
145 157
171 111
172 148
116 77
54 58
166 16
24 57
95 128
130 196
89 193
110 121
75 60
136 36
51 11
34 149
64 79
113 40
35 81
115 13
20 49
183 188
9 37
13 190
90 25
20 98
12 75
57 199
25 66
182 68
178 70
155 62
23 129
138 117
153 158
68 194
83 75
98 162
10 135
78 142
135 109
155 93
19 96
4 77
80 177
48 187
123 51
129 144
152 121
158 99
119 68
194 104
143 167
146 163
195 182
89 71
187 71
145 24
113 8
181 157
133 101
168 187
30 118
57 35
124 42
66 112
156 30
182 154
139 130
127 106
184 97
