200 1000 1
120 163
168 117
25 134
48 26
121 73
190 135
32 52
50 187
173 11
16 70
47 119
88 24
7 48
141 142
27 66
55 169
38 134
140 70
182 100
151 170
128 141
176 25
82 129
86 152
125 130
93 19
148 150
134 106
10 184
175 117
146 37
189 29
32 97
83 130
98 187
171 161
173 69
14 94
59 18
35 9
186 163
109 44
123 190
75 154
184 27
32 82
55 117
178 165
41 140
14 160
179 43
73 63
21 152
9 67
123 68
6 183
145 116
86 185
157 32
193 142
182 151
27 164
157 184
185 147
79 146
191 7
40 156
150 25
167 100
129 33
21 156
146 196
58 151
84 88
145 115
101 156
102 74
196 77
4 68
11 155
29 190
154 10
120 132
46 36
155 38
52 146
146 104
187 102
123 46
107 52
15 184
154 199
51 109
46 195
17 198
129 26
45 62
97 37
155 5
25 112
40 167
77 123
197 125
24 59
180 60
8 10
157 179
78 81
191 90
140 162
98 181
147 9
159 59
190 83
62 130
26 55
119 163
172 109
146 48
175 10
97 22
149 49
53 193
118 26
106 16
43 124
187 160
23 157
166 7
5 15
120 190
93 163
125 36
30 13
161 136
5 22
134 162
139 98
155 46
94 114
37 126
165 148
3 101
85 5
111 35
4 137
79 63
39 119
177 125
7 178
97 120
9 133
98 200
62 178
97 14
43 73
74 102
134 104
23 101
168 22
177 33
87 121
112 160
11 144
153 92
160 147
91 83
135 83
198 152
74 163
171 133
83 51
145 136
152 8
17 73
89 48
87 23
141 76
79 120
24 75
56 179
194 24
80 163
66 69
92 151
58 134
36 136
73 163
38 197
65 142
181 74
81 111
87 44
162 145
50 100
163 120
199 181
33 177
86 165
192 182
72 196
123 72
2 170
116 108
132 122
21 25
83 193
44 93
23 177
65 58
149 123
124 83
61 130
69 180
132 88
200 20
33 69
150 33
198 22
157 134
116 126
105 47
128 31
95 20
144 156
98 151
41 56
32 144
35 124
73 200
59 191
162 168
161 52
163 37
98 116
57 169
147 60
196 72
97 25
14 84
21 59
155 93
89 104
171 79
120 39
178 42
146 10
169 171
170 82
148 108
91 69
53 179
81 47
44 99
120 200
187 95
112 90
175 9
145 193
35 176
76 194
171 29
194 163
175 147
172 182
141 119
69 61
138 46
191 6
71 178
178 119
141 154
47 145
129 37
36 160
118 164
41 124
53 24
104 54
67 11
114 66
88 134
151 76
193 192
189 2
28 105
148 108
52 103
70 154
187 64
67 90
39 2
51 151
63 116
57 52
75 86
119 10
32 61
129 128
120 149
188 198
75 19
153 132
110 88
182 198
155 72
29 177
21 113
35 53
120 198
160 56
76 25
52 140
35 89
132 150
112 67
61 95
160 42
24 163
183 144
180 102
166 93
66 178
166 119
52 177
125 20
1 12
20 5
86 26
185 149
166 17
35 124
50 81
126 61
41 3
40 51
161 71
166 61
126 33
173 114
62 125
147 136
140 194
184 187
26 116
177 133
33 195
121 100
58 192
184 140
146 91
112 160
47 174
32 25
121 194
27 123
151 166
51 174
152 30
181 65
14 146
28 87
162 65
188 189
47 9
177 79
78 111
79 151
104 136
120 91
5 4
37 118
193 168
8 135
190 79
65 186
25 167
51 59
194 190
138 185
142 181
71 93
198 117
63 172
159 13
89 142
67 70
18 113
11 109
165 163
157 88
28 82
133 41
92 91
119 127
14 7
81 25
154 75
150 31
71 192
200 50
81 7
75 189
148 83
190 107
155 168
134 75
150 83
68 49
135 104
37 60
146 83
189 170
120 156
4 47
29 179
139 65
47 101
20 83
76 92
103 180
117 93
196 125
43 86
5 184
129 102
60 168
112 111
19 13
150 44
183 157
117 50
115 132
134 186
29 97
65 131
87 25
143 131
134 142
108 110
119 13
39 24
198 11
69 160
132 194
161 92
200 42
5 63
133 105
97 1
121 137
24 180
61 29
7 13
12 164
60 129
122 166
155 184
36 127
142 112
171 189
39 45
63 128
29 32
108 146
126 197
168 8
127 178
34 197
159 96
186 152
53 14
52 188
118 8
43 48
145 115
10 49
155 125
98 37
123 44
67 132
74 75
19 15
183 175
58 141
29 71
22 111
48 111
64 33
29 90
173 195
26 121
26 170
116 38
16 14
82 89
60 11
167 74
83 156
163 131
55 175
1 55
30 49
183 62
12 16
127 123
8 97
174 8
171 43
59 171
77 43
183 127
154 112
41 110
93 155
145 91
83 8
41 36
64 97
120 87
15 166
11 184
83 77
188 154
143 128
98 39
183 36
53 26
106 141
164 163
100 124
144 35
15 167
74 181
172 37
43 193
196 28
147 5
86 196
139 79
52 59
69 74
110 164
121 110
116 110
6 1
55 59
120 179
129 85
7 8
88 126
162 39
44 198
48 69
112 11
20 80
88 25
127 19
156 125
5 76
166 117
162 176
40 70
59 84
88 171
54 155
179 95
193 61
74 99
119 175
51 158
187 126
186 195
19 29
169 83
34 183
179 111
61 44
94 98
126 130
70 134
193 196
63 66
155 127
174 75
14 163
107 90
190 67
161 149
56 97
125 83
145 69
67 11
117 21
122 179
140 54
81 125
87 193
177 194
156 93
42 102
191 173
82 140
70 93
65 49
114 88
166 52
44 17
155 63
193 33
151 165
179 189
135 53
173 16
120 45
146 115
83 80
103 69
88 11
35 72
172 157
112 15
168 118
71 100
4 147
109 3
154 127
36 119
37 169
75 86
27 102
116 134
175 7
192 2
19 178
160 30
115 94
99 105
191 1
184 156
81 69
130 193
48 72
83 114
98 102
100 9
6 74
149 36
53 82
176 94
135 132
87 164
116 185
87 138
85 68
109 127
120 71
73 194
21 163
102 98
81 115
33 145
134 133
27 164
153 167
60 136
54 90
16 104
25 57
136 31
98 182
172 36
36 85
65 69
28 39
52 119
135 2
165 175
104 185
112 176
183 24
92 194
187 52
50 125
109 187
160 66
198 159
149 61
98 49
18 78
48 77
5 40
6 5
92 144
21 17
83 30
90 193
36 130
65 8
24 87
2 96
144 41
30 81
21 110
108 134
75 11
33 122
96 75
90 116
67 129
45 75
83 125
102 76
32 17
26 71
136 101
163 21
21 74
125 81
48 61
68 60
133 191
122 106
66 67
81 18
120 184
99 133
136 191
79 148
181 147
74 103
158 54
172 101
49 22
187 113
51 193
38 193
192 44
95 159
78 169
155 78
80 48
115 60
13 125
169 43
95 158
24 175
98 114
134 5
197 23
101 195
33 92
132 30
125 97
77 174
51 65
180 36
168 93
98 193
17 60
57 157
34 147
50 139
52 168
106 23
106 130
113 61
147 33
133 2
104 99
125 59
10 132
151 36
188 126
127 34
37 55
123 44
152 81
172 123
37 52
41 50
153 76
199 23
144 5
78 51
116 72
147 121
135 184
102 2
174 21
122 32
13 86
163 55
117 81
109 113
189 181
197 136
57 84
112 197
140 184
69 88
48 120
2 92
146 163
93 168
69 58
42 37
155 76
195 60
95 156
180 90
3 188
140 9
109 169
116 107
93 15
172 3
105 50
62 68
42 41
112 158
60 194
98 173
77 1
61 180
126 100
83 98
129 123
9 113
148 193
106 153
22 46
97 58
95 8
159 59
77 190
55 169
35 69
180 155
110 200
74 34
40 114
91 107
62 78
79 67
71 15
111 170
34 141
117 187
54 125
34 4
61 3
116 128
129 3
183 167
176 110
32 103
115 41
187 164
129 121
187 93
45 147
177 67
184 112
156 123
128 197
85 133
185 105
110 111
80 61
186 149
102 163
52 29
95 82
119 76
93 172
36 95
170 19
156 158
47 149
169 171
190 34
183 138
199 146
111 146
174 38
16 156
54 40
200 142
53 132
116 95
36 7
26 162
199 32
64 147
88 63
147 23
168 63
32 60
19 60
160 162
110 190
149 124
67 51
45 145
142 195
193 162
6 153
93 163
55 166
149 81
97 185
103 68
11 4
31 123
47 116
142 27
164 162
7 115
160 44
71 99
75 179
42 85
162 6
45 56
75 51
35 174
52 117
184 108
56 167
195 139
198 74
55 118
71 134
2 19
25 131
115 167
2 19
76 49
4 89
183 58
113 194
144 70
167 31
154 169
63 186
8 170
59 151
120 187
48 119
171 71
84 140
57 123
45 78
160 161
178 50
99 136
76 179
124 189
129 103
170 20
139 72
132 96
2 133
147 67
143 6
59 158
125 198
24 127
150 161
189 74
108 17
126 39
117 179
8 56
85 50
120 65
91 102
146 39
104 117
36 4
174 138
4 127
32 189
197 70
188 172
27 161
186 54
95 131
101 173
6 68
162 81
166 196
10 60
186 77
35 147
29 109
171 71
39 24
199 113
106 177
