3000 10000 0
1806 1605
2936 778
261 167
527 2887
974 1000
2106 2773
2726 1330
1717 528
853 1220
771 447
179 2368
1163 1881
1106 2646
2377 1033
1734 1200
1467 132
1483 827
1675 2264
1608 1428
646 1939
1472 978
791 717
448 1093
212 1146
1624 2456
1520 2029
1897 129
1993 914
696 698
2582 869
2110 844
2111 2752
168 1522
1111 1777
1748 1672
1857 1454
1646 403
7 1951
1410 1323
352 1411
157 1500
753 2609
1813 33
2778 1181
155 1725
161 1371
384 2778
2133 1923
2050 677
396 406
2884 2412
2087 987
367 156
2035 1082
644 111
24 1962
2354 523
1910 2935
1722 2295
1567 1754
2577 2367
544 164
355 1058
454 328
2196 172
2280 2045
2521 1030
560 133
2197 2917
2691 2245
901 2724
2813 2307
1407 408
2052 2969
2720 888
932 1123
2520 2808
1205 1450
2236 1312
9 2942
1847 1067
583 1486
1746 733
276 1750
2286 684
121 2567
1510 1970
688 1280
1866 2645
2437 28
1822 437
2523 1035
640 2271
1798 39
2845 1273
527 258
1311 2551
844 2946
1018 1296
2756 1127
2250 482
1535 2105
978 1104
1933 2798
1490 1079
1364 541
1511 2902
1834 1994
1820 59
2765 2708
123 720
285 2579
1752 2113
2145 569
2567 2952
2131 2889
501 977
2855 456
2916 586
1180 84
2130 1919
232 318
2590 810
2443 2927
185 2391
2015 1587
1886 2641
1673 711
2136 732
2354 1635
1350 1059
1813 448
2723 2688
893 1142
1532 1556
1377 2354
2080 1873
2650 1411
1332 2920
617 1825
1215 1525
133 595
1628 2501
516 2112
1993 2861
1869 1858
1270 824
2996 391
2363 2690
2718 2801
1372 2695
917 426
2435 1332
1699 1558
407 2556
1990 131
2269 2815
2250 1263
1348 1428
2853 1862
1742 520
486 2493
2375 1499
1360 2678
2542 1408
2402 712
579 2933
122 77
2974 2071
1831 218
2814 2616
2788 297
1220 1393
2712 929
2922 1021
216 379
814 1782
711 41
1701 1283
218 808
2843 264
978 1761
1825 550
2994 550
2296 2689
2906 1146
59 446
1011 2219
2883 2589
2223 1936
434 2686
508 1748
2856 126
2366 542
1876 2407
2066 883
2437 1559
1985 1396
275 754
1388 2749
1452 2484
867 2391
1092 2481
2219 361
1044 1255
218 152
2385 2686
1510 970
2494 2664
1772 1732
2912 1510
2634 2453
1238 1246
2584 846
223 2406
926 2296
1982 1947
743 944
364 1032
2597 1093
353 2589
2707 1098
1049 45
1379 696
2288 2686
2562 637
2566 1252
2742 1302
1726 1820
72 2225
2216 1245
1935 153
864 68
130 2710
2723 1261
2482 1972
1956 312
1434 567
2311 2645
2196 1264
1480 351
2882 1171
106 1627
2017 2514
1801 719
121 1887
9 1084
999 918
2786 1066
423 2942
624 1003
1174 991
1354 2604
1873 307
1647 347
71 340
2780 542
2959 1431
151 607
1975 1455
639 455
327 2936
2389 2436
1653 619
762 823
552 2034
591 392
460 233
301 1484
1551 2166
1898 2357
2276 2310
2581 2331
2723 297
1892 1586
1048 1368
289 608
632 2359
2086 1020
1792 1983
1768 2717
1026 549
817 1200
1731 2090
2856 1339
2154 2680
716 2967
2539 2966
2112 2597
2353 1555
121 1832
1378 2321
721 543
1865 2872
1833 1768
1355 813
1856 2658
443 1115
477 1989
1324 2510
1605 1813
500 2047
1864 1332
1969 2747
1386 2367
2042 2344
570 2938
298 2459
1588 206
2801 2901
2772 1920
1407 1764
1145 2787
133 2000
1464 1813
2442 2616
1593 743
1098 254
2712 164
1128 2386
1508 2983
1640 2602
2705 1018
1676 2710
1584 2843
2514 2871
1679 153
2368 923
2030 2834
1493 2287
2698 2483
913 2203
1440 2403
571 1078
973 2855
905 2718
191 1277
997 2190
2185 1602
1052 685
2480 1059
2608 1933
1177 2263
2256 1409
2587 2979
2631 1268
1799 338
2867 1596
1863 2022
1464 2217
2257 1646
2316 54
427 2729
1194 1614
898 157
1170 1243
394 2064
2607 644
2455 34
2637 716
1635 1091
2266 409
2891 2946
2698 956
906 2973
900 1291
2613 1060
2971 2526
2800 1631
2559 2283
1992 464
552 1910
2811 592
2012 2292
1664 2668
2023 1760
1722 922
95 2602
1163 1903
991 2422
1162 494
678 2873
362 920
2844 2976
1341 1927
129 13
2753 2632
1790 2287
1622 1820
2765 2161
2606 209
591 575
128 2562
430 260
2607 2873
1532 2131
1928 1395
2104 889
1059 240
2810 1556
969 1494
1481 1188
1943 1557
1980 2437
2752 1032
1993 248
671 2227
2273 1137
1420 1877
1401 2580
2408 708
2349 1513
1170 2225
2154 2950
477 2606
2477 144
2553 2340
2432 1652
1343 2856
2769 2792
1055 2035
816 1763
2181 576
1505 2219
2392 2927
1287 1311
1224 208
836 1996
1495 444
320 2459
679 1182
2283 495
860 2563
1055 940
731 2316
1915 22
1005 1175
2549 547
1128 1047
198 2173
2974 228
908 2357
283 424
2600 2622
2633 2417
2353 144
1902 2056
874 2985
1883 1448
482 643
1423 1315
2998 2123
1417 1188
2653 62
919 2848
902 232
416 55
409 890
61 1659
2268 1949
2296 1781
2740 1747
2496 1608
586 2000
542 946
1884 1937
2987 946
1040 1782
548 2781
2566 2766
657 607
1862 1635
653 2500
1885 474
399 2873
2427 2375
191 836
1867 2445
503 1877
1698 971
1450 2296
2410 1192
844 2202
2203 968
1671 334
860 956
873 2544
2856 1952
916 980
802 1823
2699 357
1446 2340
2248 304
2136 8
2702 1914
559 2570
2648 2280
953 455
929 2347
684 2728
2359 569
2094 187
783 2892
1152 2689
795 1201
2748 179
1971 2155
1068 566
1557 136
279 2372
142 2946
1878 1245
1209 1793
2007 1755
918 2716
2704 1110
953 2207
1698 2383
1287 1872
2711 2781
2428 1684
2847 645
212 1444
2137 1723
370 900
1632 1163
1667 587
1248 1178
1832 2254
1673 2691
1592 535
1431 1538
2485 96
2921 2391
1863 1287
312 1464
1912 2258
114 1769
645 2211
1782 529
1065 2051
2989 1953
2356 670
1642 1691
2375 2468
553 1640
1125 1670
1160 2921
1011 1681
889 520
1564 1953
2859 2405
1508 353
449 1536
903 2116
1538 884
1065 2568
1452 2434
2109 1633
2083 10
403 2098
1320 1347
1974 2786
2132 1526
334 2888
2123 1119
2626 710
372 1828
1440 543
2428 1755
473 1871
1279 1107
2794 197
723 2458
1789 797
2679 1706
2679 1657
2221 2317
942 1452
2759 536
1524 1807
1884 2957
168 1006
2706 2226
2629 724
2401 1975
316 2495
302 805
1134 122
2169 2545
843 2600
1338 1949
1070 2071
2872 2680
111 2223
1152 2259
1259 1190
610 2534
2221 2086
1736 2356
2187 1497
562 1819
925 2406
564 2525
2167 1168
2382 553
1343 133
1814 1109
929 1216
2505 142
197 1632
2046 67
1129 166
2810 633
2896 1392
244 2055
2871 2295
435 2015
2962 1888
1327 2003
24 2292
951 2696
1531 2924
200 1150
2235 43
579 1191
2923 2577
240 709
635 1633
595 2831
1191 177
2980 1517
687 2660
2796 2281
1182 1802
2752 1839
2142 532
2291 1160
2371 2805
1045 484
2918 2149
217 2093
234 430
389 2323
2709 555
374 1311
1021 2670
870 1659
1718 1786
2913 892
261 1171
2027 2627
2190 111
2181 1028
2962 581
2709 1302
374 1230
9 2767
2310 1078
1620 1452
2000 2358
1083 2232
2968 83
1978 90
1766 2376
1556 506
3 646
2177 204
1072 1306
2075 430
474 1419
1618 2054
2756 2723
2889 2196
1559 1358
2631 1106
397 2883
1947 2243
1443 2755
719 1235
2386 1672
58 1376
1184 2902
1478 1396
1948 1569
1726 2960
1047 2627
2260 2825
1886 1986
2846 2856
1217 1777
335 2221
1374 2817
1438 1356
2927 2957
1902 348
1620 1225
2129 2324
39 2358
474 500
1679 2228
1709 1662
2090 1792
322 2509
284 2786
2746 1363
159 1868
1056 1799
2005 65
2065 2211
158 1830
2423 1636
2769 931
369 135
306 558
2201 2198
387 1133
2653 625
406 975
625 2577
913 429
2520 716
1303 2464
2565 1883
933 2534
935 649
1383 2167
2427 1297
844 2027
12 2994
876 1047
1208 133
637 1356
1570 1366
2026 2505
1865 2528
2493 73
1133 1940
758 1950
388 822
1530 2985
318 921
378 2025
1470 272
941 2644
2187 2019
1420 1920
82 742
65 634
2434 2894
1839 73
1582 1903
2219 178
945 2922
2529 2886
1887 61
2705 2549
280 1445
2864 688
553 417
2436 1310
2282 1802
278 302
60 544
2797 2547
2836 2271
786 412
949 659
247 2817
585 1971
1567 1669
2269 599
1559 1725
1430 464
131 1695
1943 2606
207 2734
1326 2891
844 1534
1353 1944
1644 2232
2978 639
1298 2754
1704 2523
1080 1077
88 2482
966 182
324 894
2096 2419
696 529
2137 1764
2551 142
1851 320
1623 965
2879 2810
1710 1869
1007 562
2941 1973
1538 1102
602 2996
792 99
1622 2248
7 2430
2289 507
2199 2004
2586 409
446 2740
19 94
2655 715
220 1068
511 159
644 1164
1960 674
2410 2679
623 1931
354 148
1959 1349
498 313
2683 2456
2356 246
1848 425
110 1214
2082 2799
1303 2355
1797 2816
878 136
1933 2886
804 794
2842 2873
1471 335
2821 887
923 924
2488 92
2267 1012
2160 493
2828 1974
440 853
1634 2966
250 1668
915 1351
2868 639
142 483
741 442
96 2412
1059 1499
2284 214
1084 1261
2792 2901
298 656
1131 1135
1550 1475
586 1590
668 2292
1345 683
1902 1148
1521 1000
636 2365
1195 1149
1697 1103
177 236
2479 2386
2034 2785
2853 1696
1398 1991
1803 1974
1411 1826
911 216
342 2623
1669 2590
1261 464
518 1872
1265 2338
1400 43
1959 1903
848 1491
311 885
41 2623
2532 2209
172 1465
2547 1510
58 2949
982 1762
2400 350
548 2997
601 854
2558 1817
2657 2076
989 532
1368 853
430 1796
811 1737
2688 28
577 2702
2544 13
913 2151
1345 1587
406 2956
388 1688
1522 2735
1882 2295
1393 2001
2172 1232
2670 1843
2728 2955
1660 1239
1706 2157
2477 577
761 275
2262 863
291 366
2889 2181
1600 964
22 1825
1480 2765
2077 494
405 2694
1008 1614
2465 2540
427 2496
2075 841
2446 2077
750 145
2945 1431
1121 1822
1504 1426
2153 1119
2214 268
1207 2174
127 2134
602 2429
340 2908
974 2693
1262 312
1555 1936
72 1478
898 1094
92 2295
2801 1468
1340 1547
2788 2486
53 751
1497 228
1714 2934
1356 2460
2398 2307
1824 1444
2609 96
665 2327
846 1156
1552 994
757 1583
1807 2636
42 1170
829 1989
432 510
516 1773
1887 706
200 2967
1171 113
788 394
829 1443
2916 1946
266 2254
373 1887
1617 1276
1739 1043
2428 2865
1307 881
77 2466
2932 1168
1983 1011
2090 2260
1996 2642
197 2059
733 971
1241 326
1046 1274
1112 1265
2738 393
2862 2033
2292 1651
1815 1714
2848 268
581 598
865 2564
1353 834
1963 2311
1306 2859
2041 2110
2973 941
69 808
372 2953
1456 1406
1076 2885
934 981
1409 1387
2644 1341
494 2523
1836 2893
2658 91
1154 103
1623 2814
2059 2234
819 2000
2378 1324
2152 2137
287 2829
884 2664
1474 2545
1288 859
2515 25
1150 1042
2379 2997
354 1850
1271 1843
2387 31
798 2427
2028 595
101 1159
2242 2873
435 2455
1320 2043
1422 1759
113 576
450 1447
1116 2207
924 170
2258 732
552 343
1725 2487
1166 2313
1809 1600
2740 1795
1252 2009
2407 1783
927 495
682 2846
1395 702
690 902
89 2675
2213 156
1387 1258
1620 748
441 2371
1879 444
1844 1170
504 814
639 592
1779 538
493 792
1386 2876
1538 1075
555 2076
2867 2974
1186 868
1451 1459
940 2771
1041 2543
1742 2119
877 861
2981 182
696 1672
488 2284
2708 2463
1206 2182
2007 2891
2919 546
2763 185
2465 1671
2530 1403
763 344
27 545
2679 170
332 1994
231 812
433 2638
662 2952
2077 502
2520 1774
1297 2299
1040 1806
2772 814
2411 1778
966 2610
1192 1772
2795 1460
173 2481
624 145
1515 1252
1884 2524
597 42
1245 76
1477 886
2699 973
1892 43
1963 922
2590 1378
2039 241
2834 1498
2941 2238
845 2127
2151 27
1929 1982
49 1880
1689 1086
121 2510
830 2167
2638 1678
2699 777
433 1474
2479 124
2275 512
686 608
1924 108
512 2573
2541 2210
2706 1830
40 1034
725 2989
843 1995
2604 1749
206 362
1687 2585
2284 2794
2964 2244
1044 2344
1169 1747
2871 58
1781 1863
2474 2259
174 2043
1474 1416
1498 1474
1110 2939
490 715
424 62
2067 2616
969 23
2597 2692
2960 744
1786 2717
2830 2251
2757 410
2446 2053
735 2766
1633 222
1156 2855
2750 2826
2927 1836
263 1239
1245 2400
2536 2860
1221 1546
404 1154
1064 371
1908 2508
827 582
2 986
2481 2333
1140 2386
2944 1943
339 2449
1830 769
62 419
2602 1067
334 2469
180 1577
2980 2459
2693 1217
1903 1736
2777 2543
293 1147
988 2524
1995 2214
2536 1916
381 1308
2394 2071
94 12
1329 2743
2135 2197
930 1092
2259 146
1682 2748
1483 287
2992 1511
464 191
2662 2323
1755 343
1658 2553
678 1813
1486 1314
2172 585
951 1553
324 2841
1880 2767
2951 1958
851 3000
2186 1288
2489 1989
1574 740
2208 553
2045 1334
2537 230
2724 487
1166 2910
1037 1243
1810 916
1855 196
729 2802
2351 870
2377 2556
169 1290
284 2581
1325 1583
1043 897
400 268
2657 2635
771 2030
2913 359
2878 539
245 2154
2204 70
504 472
166 2599
822 616
2618 2971
970 1397
1397 821
402 2982
2886 891
444 591
135 2523
556 476
695 853
1207 213
486 315
1710 2617
1804 79
619 2835
2509 1114
2758 1408
2235 1900
2634 2855
854 68
2748 2171
1905 1536
2497 2237
415 1682
217 1390
370 570
1822 2898
2260 1163
1416 2576
292 2233
1160 2376
2418 2748
1976 1931
237 2136
1328 870
2102 2011
1467 1551
484 1935
2178 2250
2332 2847
1794 2161
821 83
354 2280
1529 346
1383 2202
2552 245
1994 158
1171 739
317 1980
2236 1420
1817 2369
2319 1348
271 498
1460 1173
2691 2704
29 2932
550 1790
788 2843
923 175
2593 1493
2212 2724
1423 84
934 1673
808 1094
186 2138
457 2183
2180 1558
917 643
2571 783
542 2700
884 2222
2727 1528
1367 255
625 1742
2979 453
1927 1449
1283 420
2539 2121
2188 1209
146 836
1356 57
1729 1380
88 2153
2746 1438
1613 939
4 2406
1919 266
2494 1305
1853 2745
2696 287
998 1979
2396 1746
973 632
51 1876
2101 477
2209 982
1378 2428
176 1728
268 2303
319 749
2454 76
1405 2756
2344 2674
648 2803
2730 514
1385 576
2127 494
714 1706
2997 377
485 1751
2925 2182
2304 1090
2044 1048
2061 2989
1478 619
1651 2113
352 1844
2522 2836
976 1807
2622 837
1544 2180
1789 2839
929 2067
220 2664
1259 202
1933 2101
2759 1322
983 2484
1118 1750
1523 651
655 2695
171 1164
2149 1825
501 2774
2769 1233
2472 2663
2091 1387
871 1455
1139 1754
1010 1918
1864 2320
1892 1145
1232 307
772 2992
2379 218
1020 1445
2101 1359
2078 426
108 2870
2760 400
2665 2043
1895 213
2370 724
998 2595
2100 985
1386 1997
2754 2453
2986 1522
1928 361
1203 1831
1975 1304
2321 393
2898 261
769 2650
2127 2329
1827 2541
2924 1918
454 2748
1261 2852
908 2547
2290 708
377 1386
649 44
548 1816
610 94
2528 2295
1599 263
1938 368
964 1928
1081 1467
2279 932
1469 998
1241 2323
1965 274
2019 2217
1705 2576
942 1951
513 1811
648 126
2782 2036
2630 975
2847 2301
2818 399
1823 2799
1224 2962
934 1805
2802 1493
2549 2101
91 1436
2245 471
2110 656
2331 1307
1973 2422
2271 1972
2056 622
1403 1442
2606 1790
740 1880
2374 2086
2061 2431
1891 651
1464 2985
2030 360
1385 539
2730 1304
419 1888
58 2016
26 2300
56 2307
1119 437
2048 38
1600 1279
722 2545
856 1167
2799 2989
1608 300
2477 49
1546 318
1638 2950
481 1733
2059 887
762 64
2597 2378
569 1902
875 344
2889 417
1867 2534
1153 1600
2726 2899
2156 980
1513 2637
214 765
191 1356
532 1123
2131 1743
1057 1424
715 826
1799 86
1590 1068
2210 740
1458 236
1278 1538
2123 1634
1226 2109
2870 2040
612 2571
835 1680
686 2972
2378 206
1005 1707
284 2514
649 250
332 2771
2477 2401
2571 336
1076 2301
2901 785
2315 2926
1833 668
2229 1237
812 2172
2848 2763
1966 1046
126 2437
415 1206
1892 1783
623 473
67 396
2614 336
2320 1003
2140 2826
2649 2731
1213 1609
2297 1616
2637 1482
40 2755
2024 2220
1134 420
2703 2032
2143 1938
2719 2521
1804 845
834 502
1752 741
1016 2626
904 2914
1690 2357
2165 494
1841 1426
1540 2693
2080 493
1016 2519
376 2830
2054 2396
1401 1971
1957 293
2823 5
767 1587
1114 825
563 1279
1444 1327
2893 178
534 2187
1084 1906
1106 2840
2950 886
2358 269
97 1789
959 214
981 497
259 1567
269 195
591 541
2930 1976
2178 1350
375 591
2001 390
1297 2421
1479 2475
226 2908
1903 2121
1610 24
1456 87
2187 1149
2692 1554
2887 1572
1750 604
2219 2092
2984 1963
728 1339
367 2380
2203 1419
2269 437
1636 2433
929 1557
2229 794
1031 2915
464 2686
1802 2062
2893 1542
711 477
409 1920
2605 2757
2642 1289
841 514
718 1614
1870 803
1557 489
1398 1329
995 133
1661 2839
2040 2441
330 989
2863 2581
2229 1399
1398 2435
1176 485
2655 968
1975 2341
584 2213
1539 2367
176 2476
1949 1349
2049 538
59 1405
20 2644
2174 119
3000 891
69 502
1097 1059
1476 1068
2452 2742
1065 864
1274 917
1226 212
2116 1698
2449 2795
2655 1617
1205 1784
249 1487
1861 2958
334 1795
2788 1257
416 37
2404 2542
411 2357
453 2827
1566 623
61 1324
155 1064
1601 487
474 526
1704 1895
1338 2484
2010 853
420 2145
2836 1839
1092 818
1842 887
1645 830
1570 1377
683 1895
2864 896
388 1194
169 2397
746 86
1670 2801
170 2553
221 1435
1547 717
1425 2979
179 2705
267 775
2077 549
416 2208
178 2293
312 2912
1141 2643
1650 1299
333 2124
1534 2696
2932 2641
965 2765
2865 848
1718 1943
799 311
2248 1779
100 2450
2923 2568
2715 2536
2746 511
1952 2977
1274 1208
2793 1937
2857 2695
2350 2257
2846 2169
626 913
2024 1199
2527 1535
1519 1192
637 2375
2116 2561
685 1040
1499 1826
2601 638
1755 2665
1012 1839
230 31
2301 955
1735 380
724 350
2398 1283
1728 647
1157 2353
584 836
640 2694
2323 1207
7 2310
1887 2066
1239 1662
2252 2929
2458 1402
944 1785
2427 311
286 170
1321 1453
2005 1389
2664 1483
1289 2033
2038 2900
2132 1718
2578 509
1845 2863
2785 676
458 285
882 2022
680 2114
2933 827
2919 1442
1085 46
2746 112
1189 2415
1864 282
1185 1750
2773 2788
855 2617
2989 2901
2833 1570
587 1099
2933 2095
159 441
2752 1301
596 1971
1615 899
948 2813
2844 2241
941 46
1775 2204
2846 2240
1617 626
268 474
2925 2727
1700 2623
2164 1912
78 1739
1532 965
2200 1769
144 158
1666 1957
611 1679
1147 1932
2331 729
1602 1020
2084 2397
991 680
2532 582
2188 1531
2262 1846
2047 528
2413 1566
2135 1878
2515 1413
558 78
1529 2139
2780 1543
2101 65
719 339
344 2003
353 1040
497 730
2227 1371
1547 2582
2469 2561
94 657
2542 2761
2833 567
2314 1162
924 1063
2544 2608
2634 263
1299 645
763 2360
110 863
1470 1525
594 242
2364 461
2577 1618
2778 1117
2675 2541
1788 37
355 465
152 568
1800 332
1610 2630
24 697
1112 129
2142 2969
2989 1774
735 1326
1733 1650
427 2896
1712 2676
1630 1021
2663 118
187 1668
2268 2984
2529 1948
2193 1458
1898 1710
2491 2258
2950 1568
309 1342
263 2708
558 2700
935 1703
2407 1489
872 21
133 1236
2534 234
826 1152
2219 1889
2289 2244
1228 1404
459 1405
19 924
1733 416
1001 1708
1813 1193
954 2730
348 2781
502 1240
2322 751
2946 1881
1074 215
272 1822
1524 2151
2328 442
2209 1865
301 1551
2965 1775
1244 958
304 1889
755 1641
477 1797
1014 1948
2541 472
2753 2536
267 2413
2497 668
1453 1992
239 1509
1534 2419
268 403
1607 284
2457 797
2940 2147
2162 1235
974 1692
1221 1768
733 1123
630 1569
1519 770
2317 902
728 1791
1138 2228
2339 2592
1171 440
1528 1547
1002 2061
1495 1836
263 2472
2110 2656
1920 483
1502 401
215 1804
1119 2723
323 2275
298 2693
413 2144
385 2175
2152 1131
2776 1434
2276 11
2583 2621
155 2185
1748 9
2520 1441
685 2396
2605 1393
414 2523
2346 1647
2279 2551
2776 343
499 2909
1115 808
1919 2889
743 2403
2783 56
2068 1230
2929 907
1446 670
1774 2240
2064 1769
2466 2678
2182 596
1448 2692
2843 1769
1302 1539
145 2117
138 112
1930 1443
628 2979
2135 1516
210 905
2202 2659
2322 1327
728 1066
2098 1864
1443 1880
894 837
2945 2577
1703 2444
977 599
896 2624
847 212
2400 471
2402 2714
2276 2100
1410 1567
606 2923
1382 2428
85 2415
1185 594
2382 2518
2601 523
239 1770
2046 154
865 1150
1194 1163
1517 1385
270 320
727 1438
2393 1530
1332 2793
1891 1538
938 2143
1931 2821
803 589
800 106
699 2928
1079 1273
1930 2316
106 2097
2183 2413
430 164
429 105
541 1839
2521 2672
1155 2983
965 1939
445 2417
653 278
1267 569
513 2891
92 623
443 928
1949 2566
475 2733
2336 2579
2939 394
2718 653
2623 888
937 2379
694 1573
992 2151
2588 2613
893 2886
1489 150
57 674
2765 1753
2046 2026
601 52
1161 942
262 1775
1848 1380
1254 890
2323 1168
1047 2014
1880 539
2373 1438
1277 2115
113 1091
970 297
780 26
1580 110
646 905
2446 221
1100 2308
412 2972
1173 43
814 2682
595 411
2687 2601
1015 2932
1162 462
1330 2882
608 1188
2300 128
1827 178
1333 1861
2941 439
1317 2139
459 2965
81 1277
575 1827
727 1704
2128 2781
964 340
1203 980
429 43
832 367
1673 1898
2892 2617
1520 1991
1461 133
561 1265
1899 1863
1123 2468
1635 2700
149 1064
512 1994
374 1433
2281 220
563 388
116 1252
230 2502
699 678
840 2986
2625 2819
989 1135
1238 1427
2172 455
503 1869
2892 2217
1980 992
2295 2390
1270 2339
68 1917
222 1275
1031 140
2598 2838
2967 1262
1458 808
2380 1914
799 708
1052 2481
2974 2198
2071 1684
2899 302
1480 2616
2241 112
2438 1448
1805 399
1527 228
1435 528
527 1736
1731 298
2049 331
1966 915
2952 2283
973 687
2149 1734
2392 167
899 255
2885 1976
1758 2372
1640 251
2000 2958
2465 1616
1109 842
2240 2618
1660 807
2926 2762
2850 1596
177 354
107 2935
1061 665
1698 2385
1915 908
890 2264
1525 345
967 2934
212 1329
2073 2322
1777 773
943 1905
468 1220
157 2424
400 305
1034 523
284 2301
868 1035
1555 796
2149 1859
2061 1582
162 797
1033 2233
1709 2136
1496 1395
2323 2014
1412 2407
1168 2705
2016 2357
233 1022
747 2887
2561 1582
1989 2465
909 989
2175 1001
460 2372
2861 2355
2195 2202
324 1518
1505 1499
1946 839
2913 1963
2885 977
515 2647
488 2095
104 44
2078 816
211 2712
1371 759
1238 1393
343 666
2493 1955
1212 2301
158 997
759 1843
478 67
1654 2436
2298 1562
5 296
1720 627
839 2351
905 807
2604 1338
2213 2227
1280 451
1221 1197
2527 2536
407 588
1047 910
2717 134
836 1082
858 2695
798 2757
2929 511
259 1487
642 307
520 401
415 1238
1038 682
819 984
1122 1148
397 2403
104 2695
2677 1200
597 1971
1627 2289
205 365
1173 48
2396 1232
196 2249
2098 2689
863 1610
160 2146
1763 1731
1527 2457
1328 881
2661 900
2190 982
1304 339
2431 2
1197 1512
2060 684
53 2592
893 1205
954 1584
400 2709
310 2482
1323 2144
453 1997
522 521
48 2585
1606 2844
1985 2214
1345 1960
1866 2450
960 1462
2933 1420
2412 884
2100 2826
145 1562
2687 871
1672 2557
879 1893
1544 970
193 1817
1295 2053
144 1636
2422 845
1569 934
440 2924
2127 1612
2699 2176
2847 364
1297 2317
1218 1825
2903 679
358 1373
1397 2474
1106 2080
1345 2538
2231 1327
3 1530
2385 2213
434 2240
998 134
2586 822
2384 902
1182 2542
2917 2353
33 2011
1960 1664
1282 2637
1340 2501
1493 1646
1497 165
966 2509
1165 1793
2385 2313
369 2808
2746 1131
2761 2157
2519 2314
581 2776
2224 961
2687 391
1166 1340
2089 576
2739 2287
107 2693
2310 2386
1714 2593
1962 2310
14 2339
1616 1277
2244 1170
2224 2348
2882 813
1124 1310
879 93
1929 1850
2253 2517
2198 274
669 2542
1828 860
2386 1538
404 1894
2477 1193
556 327
2088 201
2242 140
2540 2484
26 2438
1501 1653
2785 101
1679 2619
2465 2531
311 451
608 1159
1494 2448
160 169
2102 457
837 2740
1838 2843
1100 1825
345 720
12 1690
831 2729
866 2358
1013 2284
2152 2026
79 2290
609 2896
2868 2791
2855 626
731 1351
2723 2794
238 1665
2332 2909
887 1188
1771 3
2246 18
728 1098
2310 1997
2449 2301
1179 2309
318 2285
23 766
1364 2572
783 7
68 2133
237 960
533 7
1355 748
716 1649
365 935
1719 2836
241 1866
2809 931
2431 2874
2010 2605
1609 2375
755 1250
543 1800
1701 1737
1964 2403
2540 2311
1744 2186
1876 390
2307 119
1476 1309
2167 486
1802 914
1386 2344
323 1784
89 471
2945 2387
1415 2994
1566 1166
894 2783
852 559
2986 1215
1521 2517
2594 1798
1105 1689
1835 2720
1105 96
2757 1504
89 1990
1292 2324
178 604
109 1781
401 2583
1408 774
80 1729
2737 773
345 1381
2056 2233
2286 142
554 2421
1111 438
2738 387
2840 801
2679 2486
1748 1506
2322 2793
518 540
915 652
604 250
1791 2848
2354 1333
1115 1687
143 1135
1913 2693
1364 297
1657 1471
1517 295
1560 2797
867 1568
1648 1676
532 1515
1943 1363
2033 1337
2440 2243
2557 1927
2994 392
2524 1642
1193 2395
548 2215
2755 101
1435 1196
265 706
2037 1393
2366 2968
1382 1602
2423 2922
1045 433
2361 1595
1038 2561
2524 1185
307 2357
1187 934
760 1917
2619 471
1753 852
2863 1827
1636 1332
544 1085
2131 1288
2329 2016
2747 1890
435 1046
2341 2513
2163 2129
2803 2976
2545 1708
1120 1747
755 1696
2759 497
2798 329
1484 1620
1471 1875
1683 2836
1933 709
471 565
1841 794
98 493
1524 1462
2447 1199
912 317
411 2868
2348 2145
2642 2788
157 103
344 2505
2597 2588
1105 1046
2163 610
1785 2104
1216 1654
969 1729
2203 1413
1535 1257
2209 155
2229 1373
667 2071
1581 988
2596 726
2313 2398
957 2760
1986 1274
869 1853
1524 2035
2964 1182
2429 2352
2457 1590
2435 2002
878 2106
999 1925
2427 2655
1705 933
2433 147
2513 1244
1827 680
913 2925
447 2107
1253 1213
1330 1979
1845 1141
656 129
2257 2274
170 1006
991 2768
1567 2683
563 2348
2595 954
40 2606
2185 880
2675 2739
2714 2361
1605 1036
89 1292
1116 839
2330 2537
2329 1744
1863 324
1088 502
922 2647
1834 1513
2331 375
2388 358
898 215
374 495
1645 1581
475 56
1151 2613
106 309
18 704
2178 386
962 2729
1084 989
1142 374
1925 2870
1739 2118
2553 1755
975 1397
2272 2341
2884 978
2758 1894
2724 1157
1806 216
1066 359
1878 1479
2458 2960
1466 1626
352 2998
498 1286
1697 2842
724 1880
873 1411
2365 810
1469 189
447 1120
1854 598
715 955
887 941
348 1428
2882 231
646 2043
2052 2772
2323 1687
810 1273
1949 949
1987 2715
2734 1237
133 2048
1245 1302
504 1197
686 873
648 2251
1817 2562
1464 868
1800 2504
1152 1856
795 1522
2748 2489
1726 2948
1868 428
1411 2719
2679 2486
1121 667
1837 2211
2205 2575
180 1098
658 601
848 1946
973 1013
1302 1079
759 1481
714 644
500 2040
2160 1190
2864 1921
2501 1894
1373 746
2214 1526
1456 1129
801 1037
726 2541
1922 576
609 1467
2454 18
1332 1978
1813 1336
2661 905
1476 1331
929 2432
1832 2021
532 307
2534 2031
777 1988
2065 1640
1691 1555
1108 2000
2867 747
2583 225
2489 2209
717 672
1865 2352
1979 44
1985 1308
2526 2263
665 1857
43 123
1031 1926
337 2308
2718 1986
1226 1418
1244 2834
2327 121
2967 1380
431 2631
2494 2484
610 1801
1630 185
2234 682
1473 1262
1971 187
2735 932
157 1928
1641 413
1855 2946
1389 2774
1253 2893
881 2122
2439 2962
1118 2746
1689 2159
689 928
1302 2067
832 2650
1008 2257
1697 1376
2911 2169
165 2440
2007 516
610 1605
1258 600
2016 2221
643 72
2727 545
1125 2619
507 1304
1120 197
2824 2687
1080 2155
2439 865
2475 1529
1250 231
1585 225
1987 1853
2769 2469
1563 919
2703 2622
1304 1546
1944 332
1252 533
1804 1050
1371 2084
743 1117
65 1575
889 2701
1789 672
1683 442
78 2330
997 1209
1413 648
1120 725
711 1806
1783 105
2567 954
461 2875
2611 1187
1015 1177
1461 1518
2747 2556
1473 1485
576 86
1113 2919
310 1743
2980 562
1126 2048
2413 1264
2748 668
2723 1086
1189 435
2847 230
2204 1007
741 2883
1750 2865
2087 1674
594 2245
2108 441
2348 1188
2125 772
2140 2277
219 1718
1994 2676
2544 1485
136 69
1153 426
327 1968
2102 2948
1378 2766
999 2421
2110 2075
1950 1370
2485 2817
1897 1792
1060 1325
2834 386
2792 214
2781 2894
2529 122
429 1085
837 2002
848 112
1898 1571
2735 1246
1675 2148
1197 1455
683 1459
2446 2779
2725 1967
163 1449
2130 2516
1893 2505
247 865
534 1927
1754 1208
871 43
2594 2416
2704 280
1392 1449
2521 2833
897 145
2351 1547
2495 2668
1527 1903
239 577
2604 1300
454 1045
761 1116
1352 1751
2581 1858
2289 1505
2500 573
2128 1784
1311 2109
966 2938
2904 2251
1241 2144
1090 2698
2834 2387
994 1686
2344 2959
2419 478
791 1768
1582 160
311 738
670 1068
301 940
632 2804
1306 529
943 2503
2963 2472
1456 1398
1 2499
766 1096
28 2482
1941 2506
834 2948
811 1074
892 382
2439 1327
1711 2275
787 624
1137 961
2028 2784
1803 816
1186 1842
2112 308
374 2001
2958 1430
2493 2197
2114 2746
1914 717
1871 2711
1730 454
1162 1962
2243 2641
1697 2396
257 2498
1828 634
1273 525
2571 1372
1226 996
1752 1801
2376 2764
2952 2217
1779 1637
2188 968
663 1680
185 1580
873 1012
2318 1299
2908 1580
811 1937
347 822
2055 397
2872 560
1665 1623
2997 1958
2853 2399
839 2709
1321 310
2513 265
1132 165
2741 2871
2178 924
2332 1368
2174 2329
128 859
1483 161
2710 1052
624 1235
1933 2951
2121 2783
1299 2588
1559 370
2531 703
2955 2229
1042 2051
2657 1644
2236 1699
1449 2491
1699 256
2598 478
1257 2435
542 554
2754 86
1288 1096
2575 2328
2088 992
1004 1188
1077 425
1437 476
2627 2467
2946 280
705 2487
479 1850
1375 773
884 1662
2959 989
1406 411
925 508
2622 1822
2551 2543
608 389
917 2530
337 1492
905 2617
2547 1735
2524 266
778 1556
314 1069
150 1671
221 2414
1375 350
466 1320
2899 1087
225 396
2371 50
577 446
1138 1418
2745 2080
2600 520
553 881
2573 1237
1055 2390
2140 413
1061 1334
2661 159
2934 132
1207 1905
1417 2684
1300 212
717 865
2973 1044
750 2501
1692 1996
1840 464
659 2985
2124 2375
603 727
1011 977
1673 1310
1119 1093
2140 684
1993 1058
1884 821
2023 2163
1502 2774
1248 2346
213 2121
9 1617
2483 906
1197 286
1403 1434
1986 2813
398 84
2357 46
522 1413
40 812
1758 1370
119 2099
2828 860
76 2885
2180 571
109 1330
1980 272
817 1628
255 673
1842 998
490 1086
526 821
2166 1764
194 812
1704 1285
2159 1664
172 2667
599 1318
890 2413
303 814
1587 2982
2528 524
1964 2739
1478 1944
2806 1283
995 751
1853 851
2278 221
2178 2021
2507 2042
88 110
2194 1157
2883 2787
1105 1413
2822 2024
2642 1062
1449 2075
1639 1500
1425 2555
626 1104
1879 501
1937 2073
146 2255
2467 155
2364 2957
2319 70
2474 2016
1630 2570
550 1466
642 170
2458 1779
683 67
2557 1694
2158 2508
541 334
2588 2916
33 1544
3000 147
706 449
712 1137
1037 2088
324 1896
342 763
2089 194
437 367
2485 1709
1927 409
2150 344
2631 2111
785 340
2940 2532
37 2813
2345 758
1973 1081
877 258
292 995
532 604
2214 2798
1738 1100
2058 1364
2428 1072
2249 2920
1240 128
1766 274
397 2122
1852 1722
2187 798
2791 2614
103 1063
1367 533
1283 141
707 2444
902 766
1475 1136
2867 647
1228 278
2541 1238
1348 1946
1529 277
1063 1952
684 1106
778 1019
882 1769
2916 301
445 1564
1318 1864
2845 1916
1679 815
2617 2891
99 1013
435 433
1198 2882
58 1467
1123 2647
1582 1043
2174 2303
2880 658
2014 1623
1571 286
2648 2799
2924 2963
1519 1867
1905 2792
2645 32
1097 540
711 203
898 2322
2225 276
1106 2907
176 2872
1218 226
2368 294
916 2885
1115 2924
2278 738
2041 929
1999 905
2975 997
307 1214
2772 586
2428 2701
1293 2524
513 2811
2485 1928
2323 813
848 1195
1194 2498
776 1389
2162 2808
507 2163
2846 2262
716 1059
486 2272
805 2974
1546 2912
154 2696
1637 601
1832 2936
1606 2493
387 1575
616 207
1623 2416
620 2965
840 664
1838 2025
153 2414
2889 1660
724 2740
2512 2658
2163 1642
2271 1780
884 2117
1816 2742
1626 1631
2096 1654
644 2270
1520 2073
2381 1784
261 1128
1353 2490
1458 1593
1063 1943
1749 2183
1516 1552
993 2759
619 2093
1881 1220
1306 699
301 1648
1013 1827
1643 1159
1126 2099
1167 2171
2206 2353
2172 503
313 1558
337 1170
2789 104
61 116
46 1781
2322 2882
1134 1942
2044 2828
1687 1498
1913 2787
782 2634
510 263
102 1173
18 1843
219 2086
1157 2652
1650 2429
117 717
2220 2637
1578 432
2279 177
958 1637
2392 649
1018 1417
1689 1388
1440 1972
2801 448
1298 1424
2724 1993
2543 190
969 2544
1122 2831
563 847
625 692
926 1277
2117 2685
2023 354
2640 1091
1711 347
461 246
2351 2836
871 2107
1267 1116
2465 2427
9 1315
205 1110
712 2681
131 84
1153 1834
696 2105
1638 1312
831 625
2240 658
2034 1191
1936 425
228 333
1267 2045
2028 2721
1855 2329
1713 2764
2625 2717
369 163
600 1235
2167 1114
435 1266
1582 1322
545 1647
1399 1294
1706 2685
2165 694
1616 794
530 1869
1388 2558
1837 100
1589 1177
2388 1566
477 1080
868 1452
488 645
2451 271
301 1036
1710 1338
2997 1559
2038 2486
2264 1755
1818 893
1411 1721
141 2746
2500 1320
1181 318
2311 2952
2058 15
1942 1449
1405 1201
397 1481
2709 1758
1581 2098
871 1986
674 1726
102 1449
1177 2926
2630 1766
190 2735
1241 2965
2742 959
955 2326
578 1434
2705 195
2722 1593
2271 607
2701 130
1231 455
494 715
23 1003
7 1677
1634 2661
2365 865
1781 344
207 2364
2769 454
2638 778
1626 127
1462 845
2618 1885
512 1222
2091 57
943 1267
782 2716
180 2172
1475 2990
2997 2732
2389 915
2585 1121
105 2532
2599 2497
521 1970
2637 1644
1728 2869
1210 2494
123 437
190 1399
2330 1521
1787 989
1349 164
1339 1733
165 912
1041 1155
2842 857
2830 718
2365 2500
157 1892
2297 1270
2407 2645
2677 2158
2960 2055
1943 1238
1718 2944
573 411
1849 2394
2319 611
2933 582
2839 249
2267 875
2597 487
2847 2213
106 387
1058 1550
2499 2397
1058 2695
440 2650
1787 1375
141 1077
394 558
821 113
486 234
875 2238
2700 2648
2937 694
1171 245
25 1701
1069 2567
2564 2266
2072 1344
2010 2237
461 353
333 448
209 1368
548 2402
2838 253
1555 1552
2966 2390
2721 1726
2750 1003
393 499
727 1142
1070 2714
1542 411
1224 1812
1331 808
408 888
896 2031
1359 1832
894 2133
2661 499
1036 1088
1323 93
350 494
904 2499
2188 73
1229 627
2936 323
1226 1116
1460 1741
1462 961
1124 2540
2994 1425
2069 1612
2189 2135
39 2307
921 2497
970 246
1058 1112
2232 1669
668 2534
479 1439
142 22
1356 344
606 832
2381 2294
2287 2260
2309 1856
1331 2116
1640 880
2219 1166
1344 249
2592 1989
968 1248
2408 1879
908 2786
2903 2825
569 2338
2639 2634
1529 1246
586 2701
1158 2100
793 969
467 2308
2835 115
192 2724
2342 934
2527 2367
1416 1347
1073 2741
1472 2098
2060 1870
1331 1477
1524 318
2661 911
175 1605
2079 2256
2449 1078
1204 2666
2891 2361
1971 2786
301 2022
1100 2693
2328 612
2921 1101
2829 2624
1668 2126
1371 2602
2248 2608
1466 949
1508 714
1076 1500
1935 2309
1390 2579
1568 351
943 1607
716 2297
1587 811
2477 1737
2303 2163
877 591
502 1503
337 1029
2628 382
2494 1711
2252 2714
896 1740
2130 1710
110 257
1582 1074
2817 1644
952 792
889 2527
2854 1314
2661 2008
451 2527
1249 1465
1686 2635
1218 1025
2652 1139
2258 667
2475 2019
2539 2323
1286 41
1077 1624
2028 2547
960 1118
1207 1790
1151 1589
1730 929
2822 2160
1082 2350
872 2906
1345 597
2194 430
2568 269
1490 788
1797 2965
2286 86
523 198
1082 2472
1923 54
929 1982
2961 1861
2180 1368
131 1072
2059 1111
1383 1121
1029 2768
1675 2523
2931 561
2749 1309
2485 2809
1272 2095
355 970
921 1347
685 1591
12 2214
470 1091
2116 2543
2466 2119
428 2413
2429 758
1749 754
696 465
2620 425
903 831
2960 1655
877 441
2508 1292
2785 619
275 2766
979 1770
1787 1785
701 798
1712 1029
2289 1992
739 1408
252 1887
2013 1218
2430 2219
2187 720
773 2730
495 2896
969 857
1745 1100
738 2583
377 297
2132 2743
766 2474
933 1506
2724 2105
919 177
2953 1436
1826 2199
459 686
1477 2899
1684 2049
197 1392
1012 1404
2487 2428
2188 1387
887 1169
1498 1753
330 2065
1509 126
2373 1766
2891 2487
1116 2114
2395 255
510 1633
2874 675
2921 968
2651 2157
2707 1231
2353 2368
2281 1427
2378 1065
902 76
881 2217
704 1042
491 2887
167 1474
1082 1843
2303 1894
1256 2430
2183 1242
266 2190
469 519
421 2699
1237 2187
1684 1479
1733 598
1654 2585
1252 960
244 1133
1999 1029
1233 1408
2474 1964
2217 2133
2913 1951
1142 1946
2269 344
169 1643
1869 296
1324 1271
1284 1552
2965 1150
1478 1373
2746 32
1848 1811
65 681
887 1735
2897 1118
889 2110
1216 2675
617 509
1582 688
2662 205
790 2747
429 847
2814 2257
1525 1030
1349 2207
2047 2946
323 1670
1465 135
118 2560
2955 1585
1761 2980
895 857
888 40
1491 1812
567 768
998 1700
863 581
2916 147
2496 740
1836 1063
1120 358
1290 2163
25 930
2030 278
1568 1957
1026 445
2487 1246
2323 1265
1829 1466
1605 2796
2079 793
194 1591
2286 1426
1072 1268
1610 303
547 44
935 464
87 270
1688 1766
2119 2358
882 347
219 2045
1311 1070
2483 2708
2337 1517
204 2196
2897 2886
2484 2107
2564 2150
2197 1578
2538 2481
34 1582
2427 275
2251 359
2366 2802
2451 2258
1645 302
191 2478
2079 855
1564 2683
2932 2090
1672 1103
2563 239
1678 1973
2560 1260
1274 487
2200 2727
2896 687
864 2297
2710 1735
2155 160
1945 967
2172 1222
831 104
727 922
714 1883
1683 464
1831 1817
1309 2425
1428 2321
2252 1201
2385 829
2075 1533
1989 1033
189 1350
2437 362
1950 2066
1450 886
1378 1258
416 1278
1850 2482
2097 814
2421 1232
899 2803
2925 2061
683 1886
2543 1975
1612 2527
2662 2461
1621 2401
956 2920
2014 142
406 2822
2700 2290
1605 2945
63 1857
1548 2290
2937 777
2179 2876
2913 1793
1267 1673
2811 85
78 1487
1973 1492
2551 1762
2850 945
695 1700
2057 1495
173 2969
1030 368
1522 2334
2053 1722
2905 855
684 242
2364 2973
1813 2068
422 1679
620 1623
1453 1951
185 1745
313 2723
2876 727
518 2214
418 1988
762 1878
190 1641
61 1801
871 541
977 1869
2595 169
1079 1904
357 2416
194 950
1124 1141
1342 2552
1053 1894
2314 2342
404 1835
522 1769
1796 302
2959 1931
2869 180
1405 1821
1616 387
190 1866
444 1424
1109 1625
516 1764
2270 389
2262 1774
1851 561
2725 298
458 192
540 1527
482 1961
1170 95
1556 95
1455 1435
1849 1678
735 2483
562 2810
234 2480
2721 1188
2278 1831
2216 124
1148 1316
152 1936
1720 1762
802 2368
78 1545
2930 1308
282 1204
2325 2377
1465 1829
2270 2034
685 1208
1336 485
2265 1649
2526 206
2017 173
1774 2326
1728 599
1244 169
1008 248
2499 112
2078 2004
2808 2592
2533 617
2312 2235
2424 858
741 2585
480 441
910 1259
2386 56
847 430
2092 1181
1297 2241
2388 2707
1426 790
31 1774
375 1347
1558 2052
1580 808
2464 2099
1365 129
278 2223
663 875
1660 2241
928 2019
831 573
1794 1163
2417 904
864 2543
468 1573
2876 1353
2493 301
310 2091
1467 2636
1919 1248
3 1935
1335 313
125 322
2181 1691
1299 1357
2832 2371
100 1773
1618 362
284 2466
943 440
1584 259
569 486
179 1630
2889 558
2108 644
982 702
676 1693
1185 2517
805 112
137 2060
936 547
1954 2389
1068 2671
758 1512
919 1491
99 684
1048 654
926 2212
1902 2247
57 364
1576 374
2040 2066
1689 2528
2895 176
917 1882
1887 2001
1497 95
2500 2786
2264 519
1622 2932
205 1329
2542 1535
1549 495
1836 74
2535 172
2270 656
2069 551
1283 2146
1964 955
764 556
2698 2642
43 586
347 2632
1225 2643
1127 1261
2810 2801
242 742
2236 99
1270 2176
2626 2632
2575 1996
1863 966
2368 2092
1707 2640
144 1366
2215 952
2316 1329
1686 2948
86 390
2017 1238
2607 683
2821 795
1134 1489
1248 113
1448 245
2974 2130
589 2903
482 832
2504 2106
2479 2517
2448 2599
2841 2682
397 1305
53 1438
2959 384
1128 2035
1128 1717
2703 637
2659 1260
717 2684
2992 2946
1224 850
2232 978
282 1873
947 350
48 2992
1401 637
206 1799
1283 358
1652 1128
2013 1852
1377 1038
643 683
805 2676
1467 575
547 1888
2883 315
1166 953
2527 2788
742 1365
1277 1335
1298 1777
2357 1531
124 1288
1946 2760
340 1901
2127 1915
1562 2637
2481 365
8 1413
1947 2721
1306 1658
2726 2827
1012 2759
933 59
2034 390
603 881
1820 2071
2098 1407
70 705
1215 2084
161 1615
108 2636
120 1129
237 79
2407 2833
2931 1535
2903 1674
1610 2541
346 2423
481 2517
2353 1685
789 1795
1927 767
1360 1133
1464 1153
1269 2799
493 2453
475 2185
2216 1752
1520 1417
1778 2734
2509 1208
2226 65
1637 99
1148 989
26 1790
2101 1767
1506 356
206 300
1274 2781
1417 944
1283 1929
1320 1808
2950 527
2023 1925
726 1571
2247 2253
1333 2563
396 1572
2118 2835
2129 2139
2438 2513
2477 477
2171 2132
1399 2585
2425 1362
2061 1665
2692 2892
1440 2843
1685 2653
1725 2076
1989 1789
748 1884
2980 467
2672 238
1950 2761
198 1727
1992 2655
2709 1011
602 522
2208 1704
2210 317
2009 2818
2975 1002
1002 1350
602 1482
31 279
856 1198
1773 1122
2155 2503
2149 1135
2392 133
943 1497
1381 1922
489 2511
591 1430
390 750
1970 1555
2641 2297
2411 18
1745 2283
2970 1101
842 1831
2602 239
1184 1415
210 280
1421 1006
2108 88
654 1939
2866 1648
2241 1831
1012 52
1574 820
1574 1385
1672 1566
868 1877
2000 2592
1406 2474
1373 649
297 2768
1185 113
1102 2093
773 2602
2644 1808
1788 2594
672 2170
2699 1336
994 1767
1244 2548
1254 1308
2610 1706
2817 2845
231 1896
647 438
2826 1788
1058 2557
152 1283
1678 505
1136 2575
1106 2318
1460 2406
1849 1928
735 2419
495 1450
1104 737
946 1378
1619 117
2822 2563
1847 367
1927 556
1219 2412
3 1818
581 2325
1497 562
33 2356
697 2747
1396 800
394 653
303 924
1970 2533
1862 852
2256 2963
938 1251
366 778
1395 2190
820 831
1410 1987
1399 1780
2978 1016
1330 2503
2800 1922
1481 2729
1456 1870
1517 2782
2865 1708
905 534
1303 1072
884 2283
1306 2981
1220 483
749 1431
2944 346
2375 2780
2922 145
962 637
2783 498
608 1035
399 1977
624 2039
270 1664
2784 2407
119 1832
370 2049
1031 2139
2651 2486
2030 1612
988 1211
2986 2589
249 2367
2935 2425
2719 2530
794 1075
2697 1978
2767 923
447 2427
962 2736
3000 569
2721 2738
406 1792
2874 2544
2468 339
460 396
1386 2748
685 166
207 839
2634 2012
2382 19
2488 1724
1876 2120
1556 1930
1127 2004
1793 12
2963 2234
2268 527
1094 548
664 180
1702 593
1039 381
2198 1259
2180 1653
591 834
2873 2087
1469 1049
1253 1399
2090 1486
305 602
518 498
400 1954
1809 1061
1773 97
605 1303
119 1321
2509 2127
2728 2837
811 1172
231 1547
1562 1441
161 2461
1147 1784
356 1723
1178 1172
2168 1551
2783 2961
607 1750
968 2737
1365 1512
2712 1115
1557 2995
2550 1852
1775 2619
2014 1400
1248 267
2700 1928
2050 705
2285 2862
2969 1473
2825 1217
2963 568
1986 273
2335 1078
945 629
1269 1873
2987 496
1259 1155
2645 2131
325 2477
322 1865
2332 798
1481 1123
2177 1188
360 1343
1283 2074
681 2892
1187 216
296 2377
627 1105
1463 210
1786 2489
466 872
2255 2749
1440 954
544 1458
414 2755
1918 2870
581 2390
1953 1879
2 1050
59 598
2591 1733
190 99
2222 644
837 480
1749 2437
858 2869
1332 1071
2587 81
1797 2647
1614 2567
178 3000
730 910
1732 508
2274 1748
11 2741
994 1863
34 2325
772 622
1477 769
1604 213
812 2428
1107 2164
628 553
1383 1998
886 512
755 2830
1398 1224
1923 521
1192 1449
1441 906
1101 2798
523 905
913 1636
2551 356
761 509
1777 978
2143 1497
519 2460
2387 397
2887 267
1286 2180
1757 1184
883 954
169 6
1161 428
1224 1470
1814 690
2096 2748
1471 1301
1082 1406
2924 2036
1593 876
2914 2123
2691 2323
1499 2173
2863 434
2966 964
442 1495
2249 41
1574 1903
54 2530
2115 1909
1 2902
955 686
1363 1249
2044 1011
2300 269
1908 2107
2568 2548
2472 2370
887 2144
2450 2758
275 557
531 856
2559 1732
2719 2351
2086 2854
2226 965
2229 1698
1774 1217
891 2070
2405 781
1106 1128
458 80
2186 1803
443 1077
2625 2950
112 1003
443 2616
2546 2175
2485 1713
1959 684
424 1189
2151 1332
2669 191
2282 1297
904 1717
46 2851
2695 694
1596 2173
2039 711
1069 1285
1337 1361
2102 1075
767 2907
1378 1023
2822 1650
2330 1756
1414 1869
662 336
447 1176
317 408
888 1592
2880 899
2964 1148
2755 98
2554 1628
2552 1947
2311 2209
2584 2646
1374 2180
2704 913
2850 1814
1239 2758
1112 661
2328 1737
1342 1909
2119 2237
1283 2358
2901 1660
2942 1271
399 2618
2730 982
2526 748
359 1556
2987 934
1969 110
708 690
1632 2453
431 1778
2065 2735
2315 2341
1248 1603
899 2444
621 2171
646 1732
2627 134
957 303
2687 1545
2947 967
1908 1614
980 2320
1132 452
241 1098
261 78
2452 1598
2065 1599
1870 3000
2286 489
2023 1845
1239 2012
1377 1774
1252 2910
1348 131
1817 2184
430 1190
1953 894
460 2413
1146 1776
553 338
102 603
356 41
925 2880
348 385
2831 1862
2508 1157
2166 1315
1311 1701
1821 1634
2318 1103
760 2947
1651 238
1641 1598
2267 1053
1518 1975
2528 1199
956 580
2994 1320
1754 982
802 2372
1921 1788
1399 1112
853 1227
1355 1746
477 2418
1860 2947
404 2864
1317 303
6 774
635 1966
683 818
2405 1080
903 765
1929 1233
749 2186
2543 41
1339 2765
70 2600
2638 2465
1739 2289
1252 2349
558 142
247 103
1074 1251
2417 1819
170 1647
635 2811
1375 2302
2765 2537
2466 2046
2381 2490
576 2236
871 2009
1093 277
2709 2828
1819 8
2646 1546
2211 2154
1796 2001
763 832
2945 576
2609 2181
581 2408
2897 107
1396 1658
1329 1437
1894 1768
315 190
692 1081
1674 245
1011 1560
1137 238
1098 1033
238 2991
803 1808
395 1698
1723 892
430 626
888 1215
24 2332
796 2809
2721 1748
1726 106
2134 1295
1342 1334
2869 1498
436 1237
931 2703
553 2134
2082 2725
577 2055
1337 2359
1069 1672
603 2197
30 2765
1857 1324
2837 129
2072 2064
1949 298
2909 2295
2984 2883
57 2870
1342 228
607 2048
1325 183
1034 1654
1887 2380
610 2376
53 2579
1965 2238
1594 752
383 2036
133 323
1065 284
168 506
733 2479
448 1210
2173 2679
1392 39
985 553
2200 2798
156 2821
1558 1521
2019 1320
508 1706
27 206
2390 2286
2348 2868
118 2869
433 937
2646 2987
1446 2936
1752 188
455 942
1008 2923
2517 2174
1112 771
1800 1220
2792 1676
376 812
2871 2200
124 938
2553 1336
2643 1027
953 578
2183 1917
2673 1483
2446 1764
38 2679
1136 873
2693 1859
2801 1490
467 212
2242 661
730 875
2995 2326
742 1055
2611 2955
994 1743
773 2023
1146 475
2690 242
2929 2124
1178 701
1681 2494
2159 1025
421 476
2806 2055
487 1914
2894 1745
1764 1075
1194 2994
2226 648
1871 1661
1904 2608
2681 1012
87 1039
1470 1158
208 2468
209 2117
210 2959
408 405
357 549
2559 2275
512 302
1516 1364
580 1577
1399 15
773 877
2637 2601
1780 2330
2972 1803
131 2557
2144 2405
1139 388
2038 2942
2593 709
1423 1828
1268 400
672 2332
1961 245
2047 808
2630 1543
88 1515
1504 10
2467 2646
1318 1428
1529 1630
1834 2107
1115 350
2737 961
1311 2088
765 1420
1756 2756
2678 2373
515 316
1667 1521
1078 479
2300 1841
70 696
693 53
1259 2775
165 1246
2120 2108
2242 1279
78 676
1739 2098
1736 1646
2765 1077
1631 2981
2324 2650
1234 293
389 2634
269 1695
2314 401
66 1043
2575 1801
2117 256
122 772
861 1771
715 2211
1849 2510
351 2130
233 979
988 1958
1151 2794
2763 1422
2788 1159
1924 303
194 2374
1762 2115
2718 592
1317 2005
2783 2921
53 140
2957 2028
2308 2557
796 1488
336 145
2050 1006
1877 2108
137 2919
2356 2748
2295 1169
1841 1927
464 995
2823 1365
1958 2294
2924 700
95 354
1865 1148
1657 629
1183 2803
2477 2276
1024 1985
1952 1920
135 1696
2617 2149
132 726
967 2505
1403 965
2330 24
2247 1443
170 2001
1839 2606
2102 985
2060 2842
2333 857
1449 2089
2800 456
1958 985
436 1879
569 2643
689 2884
290 1470
377 2960
2814 410
2377 2098
2253 730
903 18
668 2179
409 1775
2261 2996
508 2772
547 1024
411 1987
1707 2040
73 1284
2840 1177
313 2052
2492 309
2756 709
241 339
690 1850
1837 1535
1972 2511
872 929
623 1981
253 2464
1186 659
1202 271
1180 238
2606 515
867 1414
2487 282
1799 292
2096 151
2329 874
589 1947
1353 110
579 1414
2875 2186
1523 792
2077 2293
1687 1808
1422 1036
1367 1751
1660 171
1075 1715
2974 2329
1093 2730
2621 1082
2133 1946
1370 309
544 634
1466 2384
2969 2139
1446 900
1008 2445
1445 544
747 848
2856 2277
1034 587
2425 1376
2351 16
1472 23
2453 1495
649 483
2816 657
1773 1813
1545 233
1918 806
2103 2647
1791 34
2801 806
270 2600
1795 1778
1252 931
657 1395
2254 977
1984 2338
1789 2411
796 2638
1825 1455
1324 796
819 2727
1896 2353
947 2450
246 215
1531 2797
1146 1281
537 2380
1611 1479
2771 1170
2944 2265
402 1068
2340 2016
1843 1011
1232 2026
883 2253
1046 903
127 140
1274 984
2984 43
2791 2396
1672 2700
2850 1052
367 990
2683 2083
232 1128
2411 1881
919 2793
2386 1761
1526 2471
2549 2540
1534 2027
2722 349
826 2560
1649 194
2315 1955
2159 2414
1233 2006
2010 96
1445 1950
1461 2292
472 1906
1076 565
2792 1790
887 621
2075 1515
1312 529
39 438
1621 1154
1787 403
1537 1364
2917 228
254 2824
1062 1526
2493 2891
1852 1124
1297 251
1967 1187
1428 2567
500 124
934 1294
1875 2892
774 2163
2637 2331
2621 2840
2886 1594
610 2873
163 2004
1933 1299
2644 402
1325 2293
1026 1816
1164 1265
866 1843
2907 430
56 2236
1779 1967
1953 1848
474 1192
1809 72
669 2565
293 1750
946 1555
238 787
1857 991
430 2172
1606 2587
1244 1576
179 1053
2946 1132
2832 2465
1566 2834
1088 2111
2296 2850
2749 119
1006 2219
1575 1908
700 2214
1271 2491
1504 1019
2489 2799
1140 2569
980 2950
2279 763
1084 594
2928 1772
2353 1666
2528 2349
2706 688
2902 1664
1475 1020
1922 333
613 1024
2608 705
2720 1665
1990 387
328 385
2542 1776
2383 2005
2038 27
1218 1822
729 2191
1315 2662
2598 1172
1399 1005
68 2447
1954 2969
972 1293
183 1690
80 2883
2118 1379
807 883
389 563
382 2635
2420 1704
1116 2072
1358 1277
1376 311
2302 779
187 84
2282 2802
1684 1328
93 1625
1874 2352
2868 2657
1758 2427
2180 975
2491 2060
2417 2871
1967 133
1872 959
2610 1190
2839 417
305 13
796 1719
1630 2216
1899 752
335 244
886 1021
891 744
1455 1466
1633 1273
2791 1964
2529 1130
1544 1086
2103 1105
2200 2644
1614 2118
1661 1356
1404 2615
2189 2432
2849 1372
1060 487
2720 942
964 481
2521 2065
965 13
408 2619
2465 552
764 1504
2866 2795
2996 25
2956 257
810 2363
837 907
1092 504
565 827
864 1055
1520 417
100 208
1715 1435
2036 266
807 1401
2653 2236
788 1614
257 1414
2956 2567
841 2582
1105 2277
2981 480
29 172
2791 2466
1163 2126
2987 1370
428 1966
2703 336
2569 996
1761 2073
1433 2920
1966 2010
2709 1389
2112 2920
1231 2312
155 2269
2030 2223
2366 2426
392 2864
949 2399
435 1096
2011 808
2553 1469
1376 1794
2794 576
1705 2601
583 783
2114 2903
604 355
1545 339
1585 1440
1801 2832
948 1443
1064 1123
54 1756
1758 754
684 2397
1113 2875
548 2934
477 2885
1363 1698
627 1974
2388 2803
1784 1439
2718 1666
339 1613
574 2315
2054 226
675 2892
1976 527
560 1784
460 2636
834 118
1639 1750
1063 1626
669 295
1517 2803
2394 1741
2180 2390
298 1039
1353 1182
2975 622
2904 1372
1674 2655
1330 178
1303 2827
2790 2630
2921 848
516 1487
73 2418
1196 1263
1060 2554
201 2745
2753 819
2402 1019
369 2390
1276 1961
595 1213
1934 495
197 1310
2038 225
2622 2584
1682 386
116 550
1791 922
1535 1830
757 2744
270 2454
2704 1069
257 2289
2066 2530
794 655
1462 1714
761 2469
2532 8
219 60
1631 2818
1290 2690
1168 1426
2161 2422
1982 315
1088 1433
1690 538
1355 407
1690 1368
255 847
2302 2885
2518 314
1287 2124
2048 2803
396 2508
1349 939
502 660
629 1583
522 1562
1163 1290
413 707
828 525
2433 1186
1953 2685
1227 1741
409 8
164 2282
1000 2273
2737 1629
1105 610
167 2157
75 2782
318 2788
1597 2276
596 71
2789 2740
2188 306
2290 2186
1815 1027
2916 900
2737 1793
2966 2268
1092 2401
2673 1417
1916 2396
1598 994
1866 2117
987 2752
2696 2839
181 1989
1979 662
140 2739
1419 2364
63 2868
1349 2233
945 1157
1978 2123
283 1031
1755 2869
2204 1423
203 2527
491 1425
1137 2276
1307 563
2146 854
1974 1201
1440 1168
1942 1134
155 561
967 1121
1527 1177
2981 2234
2658 1693
2602 583
119 2648
263 2098
469 2223
300 922
404 354
1680 602
1448 299
2052 2221
2779 185
1327 630
2094 193
418 2261
1178 1060
2543 1856
936 33
2719 591
683 1097
1513 1130
431 282
618 2078
607 485
1639 2564
1976 1804
2602 1142
583 1120
2148 1499
950 600
520 161
2090 2002
262 2847
1319 69
1353 1730
872 2815
2746 938
1441 1786
1125 439
1923 1266
1032 2426
392 1886
74 1216
556 320
1795 2661
2113 2550
635 1883
1654 1496
344 2530
2768 1537
1736 244
343 2655
331 154
449 2739
1639 1423
1136 1672
155 1460
2322 2471
713 900
574 2735
1661 679
2426 2017
144 438
1189 2771
2503 1199
2070 538
891 1689
1860 813
2718 745
2526 1232
2336 1537
2125 2347
230 320
1055 1188
364 275
1145 2713
2669 2180
2997 1029
446 585
126 1562
2387 2036
1388 1242
1521 2845
2802 1453
2758 1843
134 2705
2933 373
2080 2422
909 2510
690 1334
2907 2626
1500 450
2956 1337
1738 1767
2115 2122
2721 802
945 833
2103 1657
2079 2279
1827 1711
2004 1082
2920 2032
2704 2560
2461 1097
99 2083
2351 1721
1348 2232
374 1558
140 2757
1680 2495
2852 511
1273 638
670 189
682 235
2174 1113
1953 691
2419 1892
197 1344
1348 2678
1332 2857
2962 167
1086 544
1094 1252
1598 1400
1003 1165
651 511
2561 2833
1106 484
2020 2531
2307 1477
2310 1591
688 1768
619 938
1842 1307
797 2075
658 1362
300 2760
1000 2664
445 2485
222 2261
217 88
1824 656
1260 1264
245 2429
2788 2040
694 2805
2490 1857
289 1472
1688 623
2559 2317
2765 897
2951 971
1673 2127
2962 234
1710 422
1300 2308
274 1561
1153 1024
1261 532
1518 2683
617 1053
2621 1424
1854 1344
90 2390
1917 2637
935 2176
1697 556
2506 2941
104 2650
1752 2901
2635 2725
416 2417
254 911
285 1356
2325 655
262 2980
1234 2933
988 2560
2258 1215
420 562
2729 2613
1908 2668
1923 1190
2393 467
1674 1502
333 1841
1278 2633
1396 404
1254 538
2997 968
2130 2744
602 1054
1843 281
188 1605
1340 1734
1572 518
537 2516
1650 2013
2563 2968
1251 872
1821 2180
1918 31
276 446
2941 850
2992 1525
1693 1893
2801 2520
304 1286
473 1182
385 1887
1370 2699
2337 1684
688 184
2009 1757
2893 406
1264 2961
800 284
1421 2594
2618 1557
622 1289
819 1611
1937 6
417 694
2378 2677
1662 277
588 845
2939 2352
2077 1156
1119 1059
641 1480
289 157
2924 938
2335 11
1658 1235
583 1676
627 362
605 685
1303 1925
1266 2327
2709 1378
1655 790
1110 324
1375 2562
2018 2024
524 1143
2008 2922
705 1716
47 1029
1402 2504
681 406
2611 327
40 2919
332 139
2176 2974
1014 2739
571 1928
615 376
753 1130
2564 1867
142 692
2986 266
2736 1975
1256 517
2904 1075
246 353
1379 2766
2967 1565
1950 836
93 2218
684 832
1725 300
2717 1671
1548 294
1979 157
1424 2698
1554 778
226 927
40 33
349 442
39 1427
583 2200
2214 1849
2991 865
2422 2386
2884 60
1868 1692
522 114
2882 2503
1896 1417
2614 191
1545 2022
405 830
2698 199
2127 363
964 1504
428 963
686 1384
880 2161
1604 1858
1708 635
1355 183
238 1269
1840 1982
909 2742
1893 2559
464 306
741 695
1249 727
675 917
1657 929
26 2852
586 1046
2395 1900
1260 95
2314 947
2111 1920
2319 616
1041 1616
860 1535
578 2367
119 5
2397 1436
683 2341
2138 889
333 2454
1134 2791
2454 2832
2149 535
1124 1194
465 1531
1005 798
209 1806
1439 1337
2446 1185
283 2647
903 2905
2671 749
2764 427
796 2265
503 826
925 462
1222 2975
2513 2310
1808 1132
2355 444
276 1008
1795 482
73 235
1331 2152
1224 2593
2890 2714
1700 162
609 1517
1510 738
1969 193
2331 1865
98 9
815 1013
1115 1298
2855 1325
2240 281
7 38
1285 2968
876 1142
2884 905
1390 705
1583 1453
350 973
2284 2383
1970 963
2504 279
1939 177
2163 1273
795 2462
204 1227
68 147
967 626
1420 1317
1818 2999
463 1710
1286 2477
966 2956
2125 1473
920 2473
1326 220
2553 1576
340 2443
2222 798
397 2924
2300 2240
1380 1931
2034 431
1469 1254
614 585
2612 1281
2012 270
1626 1682
2146 1674
2982 864
1416 1080
2802 864
2926 2310
2984 2911
1375 2269
69 991
2887 2666
445 1151
736 16
2001 2893
2127 788
2994 927
748 1491
2089 1864
403 2051
2275 1561
996 148
265 179
461 1044
2494 96
1630 1755
367 988
839 2137
1190 330
342 1758
133 875
2616 640
59 1792
2818 1770
2318 42
1224 1148
625 1924
844 1856
2982 1290
2946 2649
14 1251
1168 2467
9 737
1581 2483
2847 565
1144 1826
482 2004
919 973
2905 2735
2580 1388
2564 1507
2778 1970
317 747
862 578
1746 1796
652 599
861 37
472 2679
1820 2864
870 2260
526 2268
1164 901
1570 1125
774 2661
1492 2993
980 1075
1276 145
801 921
601 2521
2454 413
2561 2638
1892 1042
2120 394
2995 2426
2795 1102
2123 644
2795 1674
2866 600
1281 718
639 1985
2028 744
1630 2932
811 546
2535 2724
2333 395
649 2175
450 1192
2734 955
62 155
439 583
1928 1885
973 2258
1848 28
910 2016
791 627
401 648
2772 2896
90 2281
2105 2939
1719 973
211 658
2420 2006
2781 843
2091 426
2050 1345
2358 855
2495 1181
266 2798
773 817
512 2066
1992 2213
1040 1622
2314 2092
1035 1271
84 1282
370 2480
1444 2050
1142 2950
2922 564
2646 1817
858 2363
2190 1986
2670 702
1785 1080
2428 1415
242 2020
236 2397
2422 2989
2998 1277
2419 2168
1962 2550
447 700
2270 865
506 1746
956 208
2300 2261
2055 554
541 1407
2395 1002
2637 918
898 2321
2156 535
2309 883
2922 2794
1574 826
2072 334
607 1877
1857 2899
374 2514
2157 905
554 813
320 725
1164 2191
2553 453
965 2387
2285 1255
1404 1008
2620 2112
797 1940
1823 352
1888 2228
813 307
2931 2265
2420 1384
2890 130
1059 1080
1835 994
777 234
2508 2013
1373 1514
809 1069
378 2039
2409 933
2707 1489
1563 1220
54 889
2107 1418
2778 2252
501 1676
2085 1976
2808 397
1874 1128
301 1533
2384 2742
1689 54
2230 973
1621 1035
2607 2472
1345 570
54 2191
81 902
873 876
1119 1809
2856 705
609 200
595 1493
2983 2428
1087 342
800 352
932 2668
1629 1755
2893 1514
107 1079
180 2363
734 1327
2175 1592
2850 2589
594 1034
2902 776
39 2376
2526 1164
1969 2781
3000 35
2381 1404
2602 2829
2681 2736
1979 849
2267 1574
821 855
1901 1251
1464 962
1657 1177
2540 1592
2734 1265
630 2466
851 1262
2976 1193
210 1912
2143 1067
2810 2208
2007 2154
2071 1339
718 1022
663 1057
1743 2759
1990 781
2890 1221
2184 1336
1257 2989
1206 1790
1505 1186
10 1538
2630 2442
390 564
2949 2670
1152 2782
335 2218
1731 1220
667 408
881 2769
1785 2366
964 890
254 1483
529 534
2438 2333
612 2496
1181 1884
1570 772
1315 995
1159 1292
1701 731
1982 1974
1950 1734
2964 640
1063 1603
907 1345
548 1939
2959 2338
410 2013
972 1736
922 1210
2828 2099
269 2866
2642 2220
926 963
2601 249
1542 2231
409 83
2554 1198
455 838
990 889
2273 555
1889 799
2026 1706
170 2878
921 595
1742 1943
56 1858
2256 2379
373 1221
2458 1566
1963 745
513 723
2335 1955
2967 643
2052 1838
1765 1615
2680 788
1400 2423
1078 2934
894 428
397 1535
1348 2796
2191 2171
2099 583
2569 1282
2521 2878
723 2794
748 166
1958 2295
58 1909
2417 278
76 1123
1118 313
1998 2258
586 2669
8 2548
692 2914
1101 376
1629 1341
1267 2157
1052 710
1385 495
827 843
941 1796
1663 1017
1004 463
382 2449
2006 35
2217 1006
252 164
1336 1690
136 736
2570 1152
2540 1479
602 965
938 1923
877 168
1100 1375
255 1720
197 1545
172 1177
2550 1598
115 741
1230 1950
2184 494
2788 1993
1700 1903
829 1472
1037 1200
1469 2221
2534 2670
2049 2999
266 811
429 676
412 1259
1192 1132
2531 2631
1475 641
1505 2141
2076 516
1751 1560
2219 2599
1152 1768
482 2047
1511 248
2848 513
359 1137
587 896
708 231
1971 120
225 2062
557 1370
2798 2964
2628 734
229 2106
1946 2952
2183 829
1963 1280
2564 1377
2352 1745
2076 1806
2900 2087
1054 2497
756 2208
1203 2390
2474 1959
2339 2618
1328 2347
2340 1895
2464 2329
117 2538
2133 2241
2526 2849
1047 1933
955 1982
2538 1312
2993 353
663 2186
1847 1999
541 2704
2792 985
2524 444
1908 123
2812 903
319 207
973 1575
2169 442
1832 285
965 1515
2019 667
877 2461
2140 2382
1306 756
428 1041
2765 78
1050 1130
1693 1795
1761 2683
1504 1756
1175 894
2098 2105
1879 2728
1849 542
795 2151
1241 1283
2960 2252
1334 1523
1639 1477
1363 1370
1465 1724
1974 539
1519 1401
1247 1720
908 2662
854 1782
2451 760
236 1652
596 2178
2534 2721
1548 2882
1100 2779
1617 1037
2643 2422
2095 2793
2253 2010
581 2021
1501 2900
206 847
599 837
2340 583
1864 2491
356 379
2485 1979
2213 2561
2605 1748
414 962
114 2982
486 604
2723 1450
2507 1269
2880 1257
1580 1562
1197 682
2654 2275
149 118
2820 1185
1661 945
1623 431
2947 420
905 1599
2998 2323
207 2972
1444 2038
2873 968
27 1533
492 1448
2059 2332
1870 99
1911 2531
1301 558
1218 172
2889 2564
2945 1978
1904 20
2903 1198
1038 539
1932 1536
766 2068
315 1225
1938 1747
2141 22
945 1938
380 583
2592 2692
2291 412
640 330
1651 1369
723 1182
424 1410
222 1902
382 1273
2218 2356
2508 1106
1388 2579
271 1335
2184 1314
660 249
2567 1692
2010 1891
994 1439
1992 2039
2911 319
2404 2656
850 142
1090 1556
374 2290
2084 1924
1017 1024
2365 2794
744 898
2674 2061
148 1360
2163 3000
2621 580
1867 2832
2295 1254
60 739
2669 579
316 338
919 2075
1403 2014
1398 2080
2896 1360
859 1104
995 1937
2828 2584
1773 2917
2494 1504
1999 2315
2506 543
1239 1315
2559 1390
1181 1463
1724 1948
1818 2863
1311 1239
2876 2629
841 9
578 2852
247 2906
2016 666
2682 1965
1717 1534
1254 1585
2731 1689
666 1462
1862 1114
427 2944
1651 1525
1664 1345
481 2829
2940 2183
378 1312
88 2559
695 191
41 789
766 797
2729 734
1345 1817
2156 1923
551 1039
1476 2640
2288 1377
2257 2246
2141 1599
2024 1997
718 17
366 2526
2133 19
2913 655
2062 863
196 1372
2914 2447
1262 981
2253 2119
1245 2595
1009 1833
1940 2125
1086 1928
2377 385
2106 1549
717 2574
1224 1451
2839 145
2763 2262
2955 185
2941 1099
1809 2261
826 1474
802 1336
1796 1004
2645 1113
2574 975
1925 1822
555 1658
1967 67
2523 6
257 1111
1312 1929
2002 1290
2860 2520
705 2331
801 656
426 290
1774 1214
299 2492
2888 1667
100 6
2510 2397
695 2365
561 2446
2224 2353
1775 2284
949 943
1005 2212
666 2694
2156 2959
611 1051
2554 817
1300 2078
1156 358
2381 926
1466 1873
1782 1391
1690 1648
2031 2341
925 132
569 631
2971 2844
974 1637
968 2415
1693 1340
230 2012
1135 622
2470 247
2771 727
2686 2753
949 1693
881 1671
2952 599
649 732
437 77
1441 1354
2635 503
1980 2157
824 820
2992 407
386 2357
2416 1009
540 741
2140 1072
1726 1505
393 2191
2321 2087
1667 2017
2430 2923
2960 1599
1513 1559
2917 1413
1775 2521
1323 150
2562 2090
2536 2519
1054 1242
1298 746
2992 1875
1148 2547
421 1018
1146 2548
178 2937
1715 339
412 2316
2846 1456
1556 2301
1678 2929
2029 1366
800 1606
2675 1339
2376 90
771 600
691 1681
598 1121
2689 119
1796 531
1978 2677
39 1600
1183 2045
536 38
2595 44
1378 1781
1512 1693
1180 609
2500 1964
1774 4
2909 1494
1107 2644
1038 102
2928 1177
1571 2736
1404 2671
639 920
328 230
188 2837
964 1491
953 458
1080 1893
1932 2196
1438 2201
1506 1452
36 442
1134 1740
2567 1908
1415 452
1057 2072
2555 396
456 76
1509 610
2446 1666
2571 1226
2785 1737
223 91
1517 2972
2764 1774
801 2240
1411 765
960 1704
1000 2572
565 1642
2235 1076
987 2047
910 906
629 321
1411 453
1571 531
649 1427
1898 2169
374 505
488 2446
709 2115
148 2543
1608 1135
2509 960
385 497
2215 1588
818 1275
2055 313
364 2208
1155 1972
9 698
878 1934
2649 2072
651 881
142 1548
189 1111
2227 2385
845 610
308 819
1280 2511
1820 2536
2713 1800
1657 1934
1271 449
739 2068
1904 341
2006 1804
2499 502
18 437
2040 1890
112 629
2508 2243
1582 1717
2667 1049
1657 2547
536 2426
1005 407
1013 2422
326 1520
669 566
2675 1507
741 2220
937 1395
2944 401
2981 1304
1932 876
1703 1781
764 2374
1663 1690
1304 755
2837 1710
1471 1380
535 667
543 713
1501 6
2796 846
2268 2669
273 1380
476 1353
1560 294
1413 78
444 2097
543 251
2439 2209
2270 2981
1427 1101
60 2410
2353 1968
2730 653
777 1852
109 2472
1693 425
2877 471
2318 603
842 1219
2736 530
2678 2371
2808 1781
324 1329
1925 172
2591 428
770 2635
2691 976
823 1618
836 1344
2954 1860
1734 1468
143 2215
2465 1388
2826 2111
2304 2856
2266 417
1942 182
2826 1955
2131 1953
653 478
1283 2346
2834 1504
644 965
2257 1321
2295 2104
1779 624
1702 1565
2683 2566
1067 323
2898 701
2147 1484
645 1437
2835 753
1115 1050
2786 757
1603 551
995 1679
1632 2009
479 392
938 425
2186 860
2295 321
648 1877
2218 1951
2131 2498
1014 1676
1582 65
2987 863
2764 2904
1315 1337
1166 957
343 144
2403 1449
2566 54
1890 2952
1732 1121
2823 804
1642 2537
312 953
724 1051
1208 172
1983 2993
2018 2342
851 2706
1341 2266
2332 1864
1872 116
2197 2133
705 1852
1632 2819
1837 2812
2916 2612
313 323
2204 2153
502 1218
1177 2881
672 647
2722 1948
2282 2052
823 959
1872 818
1737 1447
1607 900
2150 2272
2222 42
253 1572
1657 1916
829 152
1913 1872
1547 2792
2114 1137
331 1580
2374 2953
1191 2225
2344 200
2818 1728
882 1027
984 1314
1895 337
1801 1998
1845 1679
2917 1127
1818 82
291 1024
1242 275
1925 1919
1234 410
1309 342
2322 2744
198 2980
1857 2135
501 958
254 209
2162 1968
2749 630
2569 2950
1732 1012
61 1982
583 1859
549 2192
844 1362
1849 1660
286 1028
2460 191
2736 1040
1947 553
501 2007
1957 638
2177 922
2459 811
1881 222
973 2903
275 2412
331 1664
1616 597
890 1762
2984 2748
502 1129
2617 1724
2647 1909
2664 1635
437 2757
1755 1073
751 1660
2566 501
2008 318
2754 2824
2506 209
2797 962
2411 2633
62 2509
2678 646
533 787
468 2715
2601 1989
2661 1073
1370 935
2776 1801
461 186
2388 1881
446 2591
2198 772
1378 710
2544 1753
2442 578
1670 1602
2841 2388
125 2497
446 2981
363 909
1897 1594
2971 2722
171 1192
1563 2491
2964 2944
522 852
2445 2251
2837 1029
2341 313
673 760
2486 2867
345 111
2917 416
556 1732
1690 88
972 2254
2087 860
1348 1159
402 1837
2384 2718
1886 2520
1130 1411
711 649
1891 2956
1126 1996
559 2022
1789 1037
592 349
499 1365
960 1618
1968 2258
1869 1515
2727 214
77 1957
2105 319
515 123
1445 1426
792 2375
176 2697
2042 695
77 1763
699 2119
2341 189
215 474
992 2032
2829 383
522 1955
88 279
760 220
1160 2914
2480 688
2686 1689
2761 641
70 2715
2845 1930
1145 1972
72 590
1980 1651
4 1195
750 2325
1216 1553
2725 2610
1254 717
710 1966
2673 2779
2637 2712
1193 2963
288 269
1171 2221
168 2210
885 494
1764 1815
2008 2156
2879 2256
1598 1038
2282 1425
2876 1665
536 308
148 1919
2334 2503
1026 1170
2641 2040
2313 2318
1235 930
1903 102
986 2882
1909 1019
886 2347
558 2271
1114 2900
1380 2932
386 888
2755 1934
2487 2751
1636 771
421 72
2692 2206
872 1812
1959 290
843 1930
1259 1057
413 2609
1086 125
1483 1446
2763 2323
1310 216
2260 1393
1900 1430
2693 1825
2329 2485
2156 2047
1666 720
1371 2644
1106 220
2044 1267
2021 2417
2252 2390
2935 1907
1617 1689
1773 1411
2435 2933
1011 2528
1514 315
718 2517
1180 2773
2965 607
2124 1559
2475 2877
2329 2440
1784 2819
1913 1781
2031 299
302 2267
1199 1805
2509 1344
2651 1852
36 717
1677 2297
1382 2004
2811 1183
592 1949
1581 809
1707 2335
2598 1081
1268 1306
2455 592
158 2320
84 2436
488 268
2144 1693
2491 2277
618 1674
586 96
2041 1130
757 278
2847 2082
609 56
2248 1665
1535 629
315 2080
2851 2794
2364 1277
2520 455
102 1555
930 2490
2574 2310
320 2281
962 2144
2613 296
1971 376
861 1415
1265 2126
2737 1353
1562 1568
723 979
1571 526
1718 2291
912 1493
51 1143
2307 1195
941 2468
1677 1679
1078 2314
2036 552
1650 946
2316 327
947 2859
709 787
959 1230
1543 2600
1274 2688
653 854
1536 1343
1072 959
531 2278
706 665
1429 974
1773 1990
2335 2331
787 687
2978 2840
302 2814
362 1599
404 2686
2428 347
766 1879
165 2326
1931 1940
907 40
2142 118
52 2389
776 2590
2441 424
832 1455
2749 1319
1596 2721
1372 1753
2619 1198
2927 1230
2094 2696
997 293
133 949
2008 923
52 1660
1938 1071
2561 395
929 908
2685 1927
2860 567
2803 2971
2500 2527
1711 1218
1204 1795
2169 1367
1231 634
2673 2480
2300 688
90 865
180 1265
210 726
2922 1637
1204 2688
1660 73
2382 1118
2932 2649
2301 2772
671 1494
687 2396
1416 186
1964 2304
2402 14
2163 2591
692 1446
49 337
2298 2704
591 2195
2226 1934
57 2930
1818 1128
208 1011
2056 2124
822 1906
352 2026
188 1833
2183 2276
2967 140
271 1191
1 1985
691 296
702 1163
2885 1140
96 2351
2951 416
2217 2934
995 1263
783 916
2422 1910
966 546
732 1924
2399 703
1124 1271
1254 1073
2838 347
1139 1266
242 2967
2059 853
1832 2239
2687 1598
1090 1044
2962 428
822 170
397 382
1787 2483
437 2513
336 695
259 2294
1129 2978
179 2832
240 1789
1844 462
767 1421
84 12
2027 464
1270 1614
2305 2889
1430 211
2398 1553
1924 1222
997 1132
1098 1228
2896 2292
1173 1613
2257 543
282 1697
477 1876
1953 2363
1594 1016
199 120
1462 2833
1897 2613
782 1260
993 1213
1910 1081
2623 2669
2021 643
2890 2483
1703 2302
223 9
1024 467
1731 2562
969 1348
2609 2946
2407 679
2301 1687
2783 1044
855 1871
45 275
2885 2430
545 1070
1949 1983
625 1213
350 2443
1713 481
1128 128
2455 1128
1240 1338
2886 2624
2395 2864
1926 2825
2957 2697
2741 931
2946 1891
831 905
2778 1967
1688 1466
2784 1848
2557 461
2308 2183
2057 2689
267 2457
1856 1140
947 667
576 1240
2869 649
2324 2562
606 1631
960 1152
1013 2808
2443 1196
2285 939
1286 632
2779 911
878 1082
1251 111
655 27
295 1568
1556 417
1066 1252
992 2403
207 2957
1974 2033
1574 671
2367 969
1171 2631
2305 1586
2368 1927
1218 1108
216 1060
1070 860
904 212
1647 1550
1918 1393
487 1789
1319 2015
2280 644
2192 1008
117 1176
1947 1066
1745 1840
1983 1943
1809 1157
680 864
2498 1038
1935 2562
143 2809
2310 391
2314 1767
1305 1119
1233 2370
2304 2037
2129 2955
1839 1385
2386 1716
1211 2868
1218 1196
525 2861
2474 549
1813 1003
1674 1129
2205 2487
1226 2318
2872 2926
2656 1804
1583 275
294 2685
771 1115
1406 2449
763 2832
1473 2085
1344 1675
2650 89
1694 1474
999 1578
2088 1673
253 1312
279 2019
940 563
2562 1078
1285 1297
2566 2791
1711 692
854 2063
2344 2329
2678 1949
467 1293
975 1757
1458 2250
109 2876
512 2175
1189 840
1782 1857
1720 371
256 2495
1328 2884
2020 1454
1658 347
442 962
2963 644
356 1710
701 923
1353 2340
1579 437
1473 2149
368 2335
1936 334
1291 2841
257 298
2806 1435
955 1764
2390 493
107 2592
2296 2135
1521 241
722 1486
269 1960
99 2052
71 2438
1751 2568
2432 2855
1404 992
2120 1005
2586 722
2548 910
2302 773
1547 2464
2151 2729
442 428
1644 2338
689 2461
1996 540
699 1588
1611 2003
1151 2264
1160 237
508 794
295 772
764 1437
2172 2526
1688 1903
538 2413
580 1377
1432 1713
145 2553
2249 2265
2586 1626
2589 1383
276 2631
643 2982
161 2697
514 2348
905 2867
188 138
2949 926
1466 1873
2563 386
2203 2295
438 1088
404 1467
2294 710
2166 357
1624 295
2967 434
2779 1706
1091 661
2019 1526
270 1335
2605 2566
1158 827
267 2420
112 2234
1324 1009
1871 1012
275 2001
413 1248
2559 596
2211 1769
1449 796
1458 1947
733 1126
2658 2277
1888 2905
278 1866
1775 74
79 2084
1236 1659
188 147
2452 2421
1040 2110
2224 1187
1827 863
1773 111
9 168
1491 898
1118 301
512 41
2943 1954
755 2805
2443 1831
904 2568
1223 1941
94 638
1804 494
816 1466
1685 620
2942 305
1382 2277
1166 2648
958 1303
1879 2037
1205 1994
1458 819
435 696
2952 2766
2316 2161
2784 2153
875 1840
1803 503
2250 1412
932 2390
2378 137
2500 405
1948 684
1396 82
2441 1823
286 1674
573 2851
1205 2352
1039 1619
1562 1371
2542 2548
465 1438
907 1862
2908 2310
1670 1978
869 195
2477 1833
2419 1901
1907 991
2731 1260
1857 1352
206 945
1395 1306
1868 865
2454 1033
1639 1624
2045 1290
1761 889
2768 2097
867 527
1223 2672
1344 1967
2457 1152
234 989
926 1732
2391 938
201 2452
877 1168
879 830
1182 2062
1524 595
1962 1542
1607 634
548 233
436 2584
200 2061
507 1693
686 209
581 1944
1819 1499
464 1112
1012 1191
1420 2280
2517 1265
358 217
216 2256
1150 131
2556 1532
166 851
109 2363
2566 1493
1834 1266
2928 1941
856 670
1939 2369
1799 2252
2259 2112
1265 2155
2009 17
982 1565
1942 2398
2615 2783
2686 2779
873 824
1205 1887
209 107
2205 1984
2798 752
1962 986
425 427
2656 1689
2856 1044
530 1447
335 2105
2711 450
1589 2015
638 2893
2399 2622
2428 2802
525 1606
544 2446
2837 1350
2298 979
2972 2118
1925 2699
871 1563
2707 1702
134 2231
2851 1114
1129 1370
1996 2157
775 270
316 532
2319 44
1041 1837
263 1604
316 922
1726 2891
2647 832
1852 766
2463 2832
1904 481
2461 585
922 887
736 2129
2804 2343
1463 1329
432 1521
1031 2865
2280 1113
1161 2471
1107 822
1064 1706
39 1858
2788 1386
1521 294
1758 576
999 1627
1941 1132
2955 1557
2020 2305
2030 339
647 2953
1569 1244
807 1778
879 1551
246 1215
2675 1135
1288 2961
1290 1917
2316 2230
875 445
313 2656
2939 200
749 2924
1099 419
1809 532
2945 1043
1492 1266
254 2690
2008 1159
994 1451
1429 2089
306 2383
278 2412
1762 354
2991 2397
26 2376
875 2631
1128 359
2745 1480
2983 2561
1918 2664
715 641
651 2074
1443 20
1944 415
1552 2658
2896 706
1006 1709
258 243
1052 2296
2901 1864
2249 2958
2514 510
1109 2319
2622 1498
2248 1443
2287 2091
2346 2162
1502 232
2696 2588
2646 25
2287 386
468 451
1305 2482
1437 1877
2391 955
1870 759
2659 210
2141 2843
228 1884
651 83
1223 729
1710 393
2948 1601
1199 824
1666 219
891 2104
486 2077
2923 2753
1933 1816
57 572
525 2925
153 1601
2099 354
740 1297
1774 2155
1084 770
1798 2208
2615 2666
840 2916
1497 1146
2328 1206
2423 505
1198 2977
1561 2855
1034 2476
2757 1231
795 1654
2052 917
2699 2701
1787 1097
1557 2043
124 2294
1804 966
1686 581
572 1008
492 751
1392 1469
2800 41
903 2192
331 996
2199 178
2664 1094
703 1092
2588 495
617 1220
2408 166
1321 540
1411 1082
379 844
2862 564
657 500
1043 79
2088 177
880 1716
1637 1028
1397 1382
1873 1645
2086 989
1659 1463
1166 313
2128 1685
2869 457
77 1990
1344 2423
1437 2915
2419 2901
884 1315
2979 2570
232 2384
947 1372
326 2649
518 929
494 2834
1273 1973
1124 1114
2836 2645
2251 2321
78 880
673 1096
317 2600
44 2705
2741 1981
2682 2527
1254 1941
1691 1070
1938 2085
348 593
1514 631
1592 2940
2856 1589
2136 361
2304 1923
2549 723
988 679
1882 1618
1295 290
1992 2083
404 548
1462 147
2952 2739
1590 2101
843 1534
145 2718
98 1790
219 1769
355 280
930 139
492 1921
2203 2397
1009 550
1297 594
1261 2278
735 2219
975 1585
488 1953
2197 80
95 2882
283 713
2610 2485
1703 769
775 2349
2382 2662
1413 1126
1397 803
991 1105
451 1849
1621 1460
2878 969
1437 1817
267 1776
1371 1726
1718 1753
2013 2752
106 158
696 959
602 964
1491 184
563 2614
2308 505
2795 1748
1958 1966
2369 1170
307 2506
1443 1169
2289 2323
1394 44
575 1741
1975 2806
1078 2707
1218 672
143 2485
79 2196
2307 2489
1831 771
2376 2680
836 482
2623 1638
990 2322
811 1279
2714 628
658 2806
806 1910
656 895
1311 366
2867 1077
2705 20
450 1058
2531 2758
1320 1532
272 2451
2227 1023
1584 1969
764 512
2602 813
1530 560
1998 2031
1982 1708
1741 2886
2874 2770
1169 292
1059 1146
460 2255
440 1378
391 159
2907 490
582 1425
2033 928
735 1640
2794 300
2958 407
2654 1102
2785 2334
2356 2376
1950 1916
1773 2232
1325 1917
150 2139
1649 2703
602 815
241 2880
1401 2710
936 1211
2355 2989
1411 390
984 2104
2269 2245
2429 1711
930 879
2323 2934
2821 1989
1529 1947
789 1832
2383 1311
1338 1143
1291 2709
2891 2773
649 338
905 2707
1724 1213
37 1628
2894 2428
2249 2779
2950 623
643 1759
1804 1792
1250 147
2107 1006
1771 904
873 230
43 1211
568 954
31 1247
2594 1779
2034 2367
1619 346
393 1914
953 123
1423 2537
1824 1246
2919 866
1832 1505
2766 1612
1513 1642
48 2334
1870 1663
2637 715
387 2270
836 273
1971 865
1575 1653
1850 2743
2275 883
2963 2934
2589 617
2034 84
544 1560
1855 2120
1879 1251
2103 2114
1985 2685
701 620
2255 1421
444 608
2205 362
2703 1763
530 2425
633 2261
1915 2450
76 226
1465 1424
2315 947
1856 1177
825 1032
141 234
1627 1761
2482 1631
1875 1950
1627 94
1957 2918
235 1778
2698 1795
2226 1947
938 2448
2278 1048
2879 1637
2783 2416
830 363
2218 221
1313 1650
2398 2498
2918 343
2919 1042
1476 1842
2978 2865
1087 1148
267 1350
371 2794
1011 2142
971 1407
1788 1194
1879 304
112 2455
2940 2566
2791 2917
962 1611
692 2434
1214 2138
134 945
2180 422
2810 1162
1157 1309
1264 2042
64 2570
1940 338
2357 2268
1467 237
1723 199
2712 1040
2174 1587
446 242
2794 2976
72 321
2441 1135
2034 2620
2343 1765
2207 469
710 2570
70 2956
2250 884
2706 813
1521 1410
660 2519
1785 2914
2493 2417
2036 1761
202 791
173 29
1404 1459
2561 2868
903 56
1396 1738
1118 1349
2631 2721
945 73
247 256
2684 2361
1076 2142
2122 2442
2511 529
2909 2695
104 1911
1501 1767
2834 2890
107 2517
2433 207
830 1734
2345 2100
1502 122
2523 2348
1581 1250
607 684
2869 1350
13 318
1455 1994
1277 13
194 243
1609 2047
1107 116
2924 2483
1461 363
1087 88
2899 1138
968 2956
1982 50
1680 1109
1165 2019
2527 2409
422 2173
168 684
411 673
1452 350
1494 738
519 118
1039 564
1569 1830
1896 585
877 1731
2655 2607
1289 355
145 329
878 838
948 2835
1548 1213
1071 532
35 1853
2965 349
839 165
1263 2993
112 441
158 2899
1866 197
452 1586
2886 1107
2126 2763
67 2653
169 2211
353 1497
198 2702
2672 2805
1657 1313
2492 2993
208 2604
1190 2811
1296 1803
1679 1541
392 764
1433 1289
1144 1868
2076 2563
2112 611
458 2061
102 2668
2287 426
2083 2630
2318 1527
2001 2912
1435 11
569 2883
1659 1006
2538 1744
700 1186
140 1810
502 1417
1006 2974
2642 1931
256 614
987 5
676 2540
1432 2313
1698 218
1168 1072
2225 1002
2121 2837
1688 1274
653 2741
1247 2889
227 1623
1277 2826
737 2561
274 1233
1599 257
470 1598
824 146
682 2751
1818 939
1140 2198
1001 2591
1201 2972
2253 778
2530 1724
1297 2992
539 1285
1222 1340
531 2018
700 356
1622 210
19 2366
2421 2654
228 2349
2816 2302
2693 358
2458 1119
2369 723
2959 2015
1532 130
1525 975
798 868
1954 987
817 875
223 591
2625 2400
2814 905
2318 2200
2522 1612
2400 2979
1672 77
2272 1218
2160 450
736 1527
1045 2582
2234 1526
319 1056
1575 1963
1376 677
662 1183
2612 2432
2436 303
888 2745
549 281
2493 390
16 1846
637 2312
2292 57
2981 1468
2898 496
1314 691
277 2842
1748 2975
2177 1162
62 2750
1968 2253
1628 1778
2291 270
699 2256
734 408
1539 1579
1220 680
1971 2397
2845 239
1411 2218
1103 710
7 1466
114 1293
2216 2143
2139 1468
2079 1867
2470 2786
1494 2354
1835 124
2828 346
2877 710
2063 2529
2364 913
700 1228
190 800
175 1430
123 1526
838 1840
2904 1019
2273 2332
2225 517
2157 246
1077 2080
2409 1390
849 1859
1797 1812
679 2446
2172 2961
260 639
2199 432
2179 2421
1833 914
952 2588
2041 1393
2201 2914
2577 1876
996 768
1782 55
2825 1965
1122 1127
2874 624
717 1770
1032 1848
743 2938
416 1063
1832 37
1631 2931
2747 71
2534 1711
2400 928
68 1395
2927 1135
2279 679
1670 1129
1317 2900
803 2488
350 2217
447 2538
1563 2275
2734 2988
1495 2062
567 547
780 656
2831 140
2163 2607
1434 152
2171 2057
255 30
311 1711
1542 2490
2706 2847
2092 1028
2488 1419
2201 3000
1309 370
167 2954
77 1412
2320 2728
1514 2782
498 1496
1041 1816
2753 1197
968 123
1743 1762
2996 2694
2693 1178
367 2423
911 675
1020 79
2858 2401
181 1287
2568 2540
4 2273
1408 759
2949 2548
1202 209
2009 2014
2602 960
2709 1168
246 1846
1940 353
116 2198
251 2653
2467 2433
546 197
223 2877
1958 2693
2827 2419
2858 2822
1598 1360
1984 1759
2907 1553
368 1541
2031 2352
1623 238
985 1850
93 667
2389 2979
438 131
1971 2861
1316 782
1196 121
2275 1884
2347 2139
2579 2651
1158 765
987 371
1473 1069
997 776
1725 1316
2881 2260
1991 642
1412 1774
2191 1755
1145 2305
1475 2789
1643 2363
1680 774
2764 608
735 791
1279 525
452 594
1744 2
987 2352
2959 801
1489 2015
1390 172
2616 878
911 1906
2670 775
20 1045
1550 16
540 1675
1077 346
2494 747
2165 1142
2612 2301
2265 1000
522 263
2994 1268
3000 1782
238 1959
534 651
167 129
872 900
1295 1322
933 999
1678 827
1878 2328
381 2649
2502 563
674 1057
1836 2730
526 678
580 2289
1499 134
105 1222
2234 2569
1382 658
177 2645
2905 1834
1999 41
472 1721
2522 1307
1159 2826
1670 2147
775 476
947 1842
2081 2724
2866 1522
2498 245
383 2506
1434 38
77 2642
132 2050
2274 802
1989 584
1498 1661
1602 2762
969 1408
1094 339
63 2323
381 1176
595 1163
1241 2696
761 318
942 1215
2886 2071
930 640
1736 861
371 1320
2059 1037
2715 81
404 2050
173 184
2916 2951
2153 2548
389 2172
228 2002
1262 1847
1763 2952
2596 2508
323 1908
127 1706
2143 1624
2603 1057
396 184
487 2607
2892 2637
582 405
2927 358
539 1841
1482 614
600 1340
299 1561
319 1857
2696 535
1989 1692
891 1537
1388 1507
2247 1647
1203 2335
1398 1727
291 2046
2384 2126
2063 941
1933 1565
1528 1826
2201 1103
1864 1507
2442 940
2081 470
1671 1943
1301 1674
2915 2208
2292 1743
1550 241
1000 1958
2949 1608
366 1223
96 1549
297 1180
1833 2632
1474 1904
2185 1675
320 832
1060 1265
120 2977
1474 1141
20 478
1349 812
1116 941
1959 1168
1269 2682
1471 1391
2276 1377
404 383
1454 1149
2159 896
2810 1217
889 1016
1206 2036
253 795
95 1745
623 2291
1367 1196
1302 884
898 99
2744 516
2225 1705
1960 1699
2864 1488
558 1084
492 1595
1115 1723
362 725
1276 2286
2340 1218
1922 2069
1436 1236
710 2132
992 767
153 1178
2295 1174
2621 2117
2670 877
996 787
1946 2448
1834 1389
369 908
1137 2741
2092 921
2037 769
2495 2438
1219 437
841 2500
2375 458
1611 43
399 392
169 833
1642 2520
817 1265
2675 254
1641 1463
1025 1662
2862 1425
650 175
570 1862
1264 845
2252 1988
81 56
730 635
274 339
800 2896
1246 898
2965 800
786 2166
2137 1358
2626 2356
1666 671
2919 142
2197 1237
2280 2708
965 262
2290 304
1973 253
874 2275
409 2467
519 1629
576 2554
1844 1340
696 2682
2645 2181
1736 1968
2836 2983
856 190
168 270
2479 481
739 2725
906 1190
1305 1288
2404 1586
1075 2132
2367 219
627 697
892 1114
967 359
418 2437
2533 1655
22 536
864 2519
2806 1012
2593 2421
580 2999
1901 392
1484 1612
2996 986
2290 2363
884 1412
941 363
2417 1476
83 2649
1113 2770
2923 1041
1248 929
760 2376
1282 2817
792 1269
536 488
1373 359
1011 2549
1403 538
990 1258
1372 2917
1009 2732
1411 1456
1635 1808
1189 275
2047 2754
1689 209
2798 1559
47 41
1164 2820
878 2132
2648 213
498 1036
944 1546
2086 563
975 657
534 454
1629 769
1171 1843
524 2306
296 2244
2341 711
1682 2713
2746 2164
717 2677
1645 1327
2839 261
1709 646
1516 1548
2011 1042
1526 1180
1831 2778
2075 762
1625 2297
498 2811
172 2088
2890 1653
198 2233
851 2347
1387 2452
1800 2312
1454 2760
211 1965
392 1612
1886 1151
1492 1116
403 1754
221 1872
745 655
2662 2502
2413 963
2113 1812
2389 2603
2331 303
383 809
2676 2189
1193 2660
2760 13
606 2014
1543 621
1975 665
1172 1878
1458 1216
2400 1002
2118 844
2 1558
2774 2809
1864 823
1180 1945
955 2759
2911 2607
2582 1216
47 1338
2965 1854
813 1822
707 2741
228 1600
2206 1852
2649 2001
1822 2452
2257 1870
1468 1113
1992 812
1796 315
33 132
1239 1540
1249 2361
2640 1926
829 1381
1431 1912
2355 1580
1206 2035
1180 2266
2589 1337
2843 2573
1818 2576
790 2414
1665 2109
943 1737
1279 709
612 1663
2973 2002
995 2929
1797 1187
838 2562
110 1377
2860 1828
2704 936
281 258
2209 1947
2062 1039
847 2703
1611 1119
2412 573
629 774
1139 58
416 2473
24 1809
2147 2627
313 1121
1922 910
2400 1382
1401 1892
2684 23
1919 2265
1710 1432
1940 966
2386 2241
356 267
172 1537
2231 1759
1065 2599
631 1970
2647 2446
1752 1167
2406 2161
337 1467
486 2445
234 465
1785 1149
2021 2845
380 1988
684 2625
1409 1313
2693 1678
2249 1894
2753 2724
2677 1121
1485 1656
228 2443
2546 89
2657 764
1645 858
748 2044
503 1488
677 1494
2558 1817
1750 2197
2985 2902
335 1876
2925 2589
110 1462
667 464
2358 2146
705 1523
1344 346
2606 753
2750 997
239 2222
2258 894
2801 2909
398 1856
899 2083
2226 873
978 1548
2443 1398
2404 664
2511 1357
2277 1955
2904 1087
484 1731
1937 2730
2936 1143
2021 420
520 120
1585 2696
2564 974
2809 1451
1314 2450
2845 2274
2295 499
2698 2121
905 1549
2869 2233
48 603
463 1056
2821 1975
1884 2183
1499 1786
2655 1123
1438 2480
2909 127
1450 130
1132 1613
1544 2300
2534 1640
1375 2262
1869 1002
2572 954
2986 320
1913 1923
2306 1705
2115 2756
598 851
529 2859
1067 1812
1511 2186
2572 2543
666 2105
232 669
2779 298
1924 2510
2591 1173
163 2141
2912 1474
889 2302
718 194
1308 2327
531 10
905 1505
1971 2353
2251 1829
2530 1412
2772 1820
2511 1688
490 1261
532 1381
901 488
1236 484
693 2587
1087 1547
2938 816
1160 2440
1475 779
2102 569
2576 1794
552 258
299 2250
2370 1077
2488 482
2480 412
1041 1275
294 1312
239 1826
2852 2762
996 1658
53 761
413 1096
1241 1135
1030 2160
1460 1282
1056 2784
620 142
676 1753
395 1095
1861 2122
1417 2102
2549 2366
2804 1939
642 2858
590 2959
844 540
1897 483
1367 737
1563 745
1714 2518
1902 243
2460 423
220 1973
1547 1407
2439 1081
428 2858
2967 665
2065 1665
755 2974
2120 956
1659 2826
673 2597
1630 417
1367 832
2098 2068
2058 1194
2175 1521
1822 1300
2808 1050
787 422
1217 548
547 1504
2727 2983
2907 503
2297 2310
455 2113
2079 2406
94 202
2442 1800
683 2998
510 2965
1730 1030
1166 1717
2037 2562
904 2238
2210 700
2153 1458
2760 819
1446 115
2546 2612
728 107
2717 2525
1816 1680
2342 1409
2234 1422
2612 908
1312 14
2866 544
959 410
735 2775
218 1356
648 1540
198 2696
199 467
1400 1597
925 1518
1114 2041
2432 978
716 59
284 667
570 483
1833 2228
2213 2574
1790 894
1336 2559
482 308
2466 2686
2929 1649
1081 2414
1296 145
2102 1799
3000 943
2703 255
1854 2829
2577 503
980 75
2121 1116
866 2037
2768 2604
651 2449
2337 1799
2158 1005
1222 2337
60 673
1515 1830
2905 609
1151 199
2780 2986
2103 998
414 345
211 2954
1638 1357
576 594
871 59
2276 1786
2750 1503
548 202
1832 2171
9 1700
2854 1830
1082 534
2783 1843
1071 1667
2864 2396
8 2356
523 2814
2800 762
573 1711
2811 521
1316 170
471 2876
2133 2809
1012 473
1056 1557
5 1012
464 1675
249 781
879 472
2246 2167
935 1653
2833 2938
2056 1691
2891 916
2428 2345
502 687
1207 305
1788 784
1437 1666
2694 999
632 438
1721 1648
106 877
2534 925
911 1239
1738 1940
243 2114
1924 833
2212 1439
1505 1662
1416 2979
2623 160
9 782
1905 2970
791 2849
96 2950
2468 554
1908 2715
317 1062
1207 1283
148 998
1242 1312
2169 2207
2228 1215
2842 2568
191 401
773 405
2495 2259
135 1227
879 1647
1421 1259
1002 325
2035 1128
978 1559
1459 1579
2296 919
2069 518
1978 2277
320 103
158 2391
1765 2003
2567 1881
2734 1903
522 2491
1039 988
1358 2515
1123 1025
1862 2789
1498 940
1062 394
247 491
2861 2259
1181 2816
2926 2560
27 2405
1506 2156
237 633
685 468
246 52
2799 2632
2473 400
789 2330
876 2757
1027 2229
1109 1221
989 418
2986 1245
1800 1109
65 1734
1709 763
2558 1059
1635 1657
2249 191
1487 2217
2005 2368
210 2580
2764 2507
2416 2749
2092 228
640 2294
974 234
2401 527
636 1150
1180 1852
2968 2373
639 270
1755 912
2354 1553
1182 802
2694 1159
1331 1403
2398 2858
2361 2379
2568 529
1506 1924
2678 1679
1923 2710
1811 1294
1974 442
2529 2361
2435 2917
1535 1105
1150 1665
2270 554
842 1731
2048 2436
1107 2878
1284 552
2793 96
2746 1053
2152 2781
1936 2964
2570 2310
2593 580
2776 2193
2529 2922
1700 2989
1114 2103
872 294
1282 624
1043 436
1381 1341
1278 1279
2175 1220
2315 287
1927 922
364 1031
650 209
1959 2885
2184 2712
1375 1715
2077 604
2979 699
2164 1911
1899 2133
2930 2844
1541 2416
1790 2945
76 1462
133 2107
1893 2912
761 1587
2426 172
697 1924
1780 439
2809 1773
168 2643
1203 2691
404 1770
2627 870
2082 1535
1372 2636
179 2849
764 1184
2412 1826
655 782
111 2919
2390 294
2328 187
168 393
1437 1716
1136 676
225 2675
1779 588
697 2450
2321 333
1233 500
969 346
2805 2943
1883 83
1266 1624
1713 1530
75 109
854 2323
2546 2696
253 895
1479 661
122 1715
379 2524
460 1249
2719 1706
1433 2465
1272 1494
1842 2445
1752 2494
1137 2371
2693 2172
55 468
1709 2189
2188 2088
2604 2405
1757 2287
2130 1494
1815 1956
1396 350
2210 292
198 2762
858 1763
828 1912
565 743
1464 854
1567 1143
2550 2261
1113 2743
2523 1132
1384 895
1712 1810
1118 2579
2664 1704
2788 2175
503 827
2157 1150
999 946
1746 2201
2705 1130
211 2851
1887 1926
1846 1665
1642 2320
1037 1364
485 1297
1321 1739
2673 816
2605 1010
63 295
748 23
1153 94
527 312
999 2125
2016 2186
442 647
1165 1327
1448 2003
173 883
571 1436
1648 2665
1118 40
621 981
2316 1152
1247 258
1157 1365
1132 2549
2990 1286
1536 1715
2213 171
794 2334
800 32
2777 2050
1434 2200
1186 2701
2416 1289
2261 65
1419 1312
1080 2864
2386 2989
2325 1140
2590 2341
456 693
297 2613
1952 1496
2439 682
661 922
1970 2862
1349 795
275 1040
2715 1477
788 1250
117 414
1449 2157
2550 183
1805 2503
1907 1691
1231 21
790 604
1491 1292
348 2608
66 2890
1202 1676
1287 1018
2653 956
350 1283
1315 1202
2931 2953
1171 1495
1623 278
1855 1537
44 31
2553 2192
1913 1100
2372 1873
2519 1559
527 42
2662 677
717 1950
292 1420
2983 1531
90 384
1038 1131
2470 1458
1694 2080
2503 1356
1408 2956
820 2846
1179 2098
1790 407
1678 464
2167 2943
2262 977
744 2599
1932 515
23 2472
822 1627
1275 1272
640 1363
248 533
408 39
1019 3000
624 781
2028 2051
4 313
258 824
1430 1275
1197 176
2168 1822
990 925
1371 1752
2234 871
1917 1597
2102 2578
2088 568
883 1092
1804 1015
1698 2219
1798 2046
2392 79
2771 485
1830 2637
153 1753
2429 102
1174 46
662 202
2901 251
185 2197
2928 1092
35 1561
1537 2876
535 2952
2477 1127
2597 476
1939 2903
790 775
456 2982
1454 2187
1010 1278
2576 637
1300 2778
2338 2459
1416 1975
480 2562
2167 1292
105 831
251 113
2960 1227
1194 2100
2106 2737
2502 2635
2014 1686
2956 852
1225 591
773 524
1036 868
1179 210
2268 2577
1684 2772
232 317
2816 971
1591 2691
2590 2307
2091 1370
1671 1067
1610 1771
1385 2088
2978 2741
2267 573
2521 1001
421 62
529 1292
2239 1996
1143 704
187 1056
835 252
2080 1245
2079 987
2160 933
2208 2952
2558 1734
2720 834
2250 2690
562 1192
424 1647
1194 466
2937 2972
2944 931
1612 1216
2926 1880
520 942
543 1324
1989 155
2602 2804
1406 2040
2340 1004
460 2770
316 1189
508 914
2733 2081
2984 2238
1337 1918
2277 1223
2489 1866
2624 1375
972 2817
496 1559
306 1192
2098 1412
1522 2178
357 2045
533 74
1014 2189
56 1231
2913 2120
2406 2476
422 2
1427 2398
1731 2546
1780 480
2726 2730
55 2654
1928 1600
658 2261
1134 38
2801 2715
1998 2314
588 1331
1671 2388
1498 285
816 199
2936 1889
2994 225
719 2530
2651 2281
1046 33
1640 1712
243 717
525 1104
1809 2837
2400 663
2810 479
561 2733
1616 2726
2338 95
2242 378
888 1949
300 2185
1414 2377
1160 407
1071 1402
902 1424
117 2894
1191 2589
246 2926
2811 1151
2648 110
1209 849
1257 563
2414 1087
2989 2944
346 1804
100 1175
1679 1518
2681 625
2265 597
244 2386
446 1933
409 1388
2362 2919
1992 158
746 2019
2880 1396
1127 2888
2461 624
987 2453
2082 1680
1142 191
739 1761
710 132
500 1304
2316 1280
1551 2392
1068 2216
657 2158
2543 954
1655 582
1569 2777
1608 1468
1216 159
1359 1455
1226 2347
199 2135
55 2500
1997 2327
2635 1982
2096 1646
2271 1738
2052 838
2711 115
2236 1207
2298 481
928 125
1683 1054
1568 619
720 2701
2296 223
2292 438
1342 2545
1582 2707
429 2493
1871 385
170 1673
2264 2713
135 7
2782 140
198 1067
1370 576
1891 2958
960 1877
254 696
509 1883
1536 2756
2745 2408
1306 1716
2485 2954
1055 1621
1859 2359
790 1839
2135 2556
2456 399
2132 571
788 2178
2127 2597
777 434
712 1083
840 1961
51 168
122 2200
1339 925
2645 1374
2019 386
117 651
452 1619
2772 33
2710 549
1228 70
1844 771
1494 729
2408 2606
2299 261
487 1314
1110 2182
1547 2025
1908 2952
2998 2376
1275 2130
2012 2120
1287 212
1467 530
59 1565
520 105
1130 2555
363 293
1710 2711
2929 1953
1817 682
1868 2523
2770 1231
1188 1695
999 2363
2432 436
2180 2269
1270 982
908 1595
2736 648
1384 667
410 928
1569 2662
2285 164
2201 2262
1145 679
2525 733
1621 841
1760 1901
2693 1062
2468 1963
1301 1874
1840 662
50 346
1756 680
2163 1989
1613 2565
555 313
50 427
419 540
664 350
380 2072
334 2473
642 1576
421 628
743 2407
2981 2260
884 2903
1286 2533
2833 816
2406 69
1174 855
2369 762
410 2957
794 1072
454 1547
360 132
2914 417
1666 685
2806 991
2438 1931
2126 1734
1277 393
2033 528
170 2075
1259 2756
2077 78
2801 2466
720 1325
441 588
1870 1967
2713 2255
1281 2073
2656 1545
130 53
428 2939
1707 424
1258 920
540 1812
2610 2730
462 367
2071 1674
2258 2454
2961 2948
983 929
516 2671
2108 1494
2317 2528
621 1770
1326 1501
852 2322
1906 1480
2496 648
2630 1740
1944 2623
213 2386
2836 970
460 2903
1614 2944
2145 2352
131 1368
313 2442
2235 1607
1044 954
491 906
29 365
924 101
1746 2989
2534 638
1755 2948
808 2943
2889 1389
2390 1548
1179 348
1461 170
2577 2923
2509 1040
430 732
2416 1502
161 567
886 1339
95 1005
2050 2502
2777 894
1542 2450
2308 572
2883 2731
2116 1124
1172 1236
2959 285
2208 15
1416 849
1872 1456
1173 861
294 2752
1424 2393
1148 2732
2667 1416
2372 1729
2051 1882
2766 784
1656 16
1731 2622
40 1242
2576 268
1694 2477
1556 1907
976 599
1531 1440
1779 2617
2009 474
2974 2720
494 1997
1501 2595
2357 964
1209 2012
423 1901
359 1090
933 1429
1337 853
55 1125
174 603
47 114
204 1341
2328 860
1112 1255
1873 2310
2546 1847
1617 1048
2290 1068
1593 618
851 497
1348 1623
2623 2631
1538 651
1695 1505
281 2373
2192 745
2826 879
771 1360
1189 1332
1022 989
2590 2140
375 386
271 673
2994 2469
560 2237
1320 2261
2830 729
982 457
2349 2193
1859 1366
1922 214
1160 1476
413 391
2519 837
1620 800
250 1541
2357 129
1713 150
2666 719
2261 290
2362 1989
2506 1444
2322 1136
1062 2822
1863 2450
2699 1559
2065 2393
2962 2101
1562 2442
1401 213
2518 429
1179 2135
2561 1584
1155 1059
249 1818
1816 564
665 1463
771 445
717 1669
2844 2732
2625 2082
540 1548
2332 2075
1305 107
1327 100
362 1895
1514 631
2019 1600
2827 1541
1440 1952
1767 1277
486 279
502 1574
2886 2733
2425 2036
2956 1415
1006 1534
757 1046
2059 570
1173 1121
139 475
570 1268
2224 1519
1448 1956
2396 2803
1654 1977
1678 2839
135 993
2341 1241
1425 126
508 2980
2164 1968
2347 2506
1688 2280
2784 1338
174 2226
2781 112
2137 1271
2980 1109
661 216
532 1766
726 2239
1354 915
1222 237
2418 2706
1160 2079
1947 940
2715 366
1469 330
439 246
2659 1377
2777 583
715 1623
505 2531
282 2992
2255 665
910 2841
1097 731
1302 2472
893 699
183 1754
2733 280
2740 1689
2600 364
1834 2325
1147 20
231 525
2046 1133
1963 52
2640 683
1251 2078
1996 1205
2561 2262
782 2529
2224 729
202 2886
1573 529
210 339
2128 69
186 1135
585 2656
868 1787
1254 1554
1875 164
1718 2419
400 2512
264 2480
1257 2010
2646 2087
2968 1709
975 2248
738 2130
803 223
1517 514
1593 34
1424 2032
198 840
955 1919
2962 450
1840 2469
727 2087
1653 892
2979 1645
152 649
521 309
936 2492
229 120
1545 1080
2025 194
1468 2152
1672 2049
695 1305
1553 2120
378 2457
2149 1741
256 2170
888 2185
319 29
182 2502
99 201
607 2384
916 947
1939 2802
1024 712
1426 2205
1558 2472
401 2796
1917 961
420 362
1124 40
1087 2896
1268 1018
1526 2749
685 2894
1159 1707
2 1594
1021 527
2488 105
1435 589
1944 1672
2402 245
1494 1451
2547 2025
1467 1235
461 1914
2512 2831
2724 2136
2875 1954
1526 2486
2743 2397
1196 2625
1387 2857
313 2042
1485 534
1676 2552
106 1060
2765 224
2060 2055
1361 2474
747 396
2704 255
829 1375
2267 486
2455 1866
2024 1696
1011 375
1919 2890
848 1697
2138 2436
5 2082
1153 473
1330 419
1318 1940
880 402
2341 1817
2509 2484
2862 2704
770 1344
1625 227
2914 2441
1571 2374
1141 1218
2780 777
2993 445
2311 2930
301 1080
218 857
2251 2149
2710 1485
2770 736
1447 2811
1308 2338
2572 2262
2370 1978
357 2601
802 698
1488 409
1146 170
2441 2574
10 1367
2619 527
2019 1842
332 534
530 1028
2979 1531
387 1243
723 2027
62 2514
578 2284
2414 2835
900 712
2827 560
1592 18
1344 2690
1480 2683
65 1307
2683 2022
2511 370
82 2801
1896 1989
902 1722
651 1245
2260 2063
1004 1668
955 1685
2651 1937
2856 2772
731 2387
501 1092
890 2542
181 1644
885 2978
1279 500
1937 2123
1092 1421
2980 129
5 104
2696 2010
2506 523
2229 943
1059 2901
1474 1318
387 1526
2880 515
1720 1447
793 16
1672 2667
2220 240
422 1319
468 1154
2831 1671
1035 1919
260 2802
1946 2780
2286 277
994 415
2873 148
2339 662
2431 1617
1503 2547
356 2383
2955 402
1905 2832
2813 2426
1846 2309
2607 736
2921 2955
1555 1718
2735 987
1949 2871
1191 224
1448 1575
2551 2039
1367 2968
337 147
1710 927
584 1796
1596 1827
971 27
563 2973
2327 990
1573 373
2778 2174
2119 2767
2973 119
418 708
1601 778
254 2906
1605 1700
695 1888
893 1350
2430 1370
271 2031
2060 2738
815 1322
154 1650
1965 410
422 1363
34 2120
2085 990
392 2438
432 1540
2120 895
1556 681
1939 1568
2772 2379
755 2483
743 2765
2294 781
914 1355
1715 290
2290 1700
2417 2435
2765 106
2655 2913
1142 855
1552 554
706 418
1237 20
1998 2356
2137 2788
974 2471
1270 1725
715 469
1594 106
1146 1100
2771 853
2823 1660
2950 1319
2155 891
1618 268
1723 291
639 91
670 609
2967 2567
1413 1975
530 2256
1121 1275
149 2302
1417 1892
543 1080
870 2422
1349 1702
2053 1210
2562 2922
445 1820
834 1024
1914 102
1982 1876
448 1471
2412 2417
2792 1319
1531 2593
1176 1594
1959 8
1650 304
343 7
1565 1446
1230 1651
1846 828
1883 2012
2557 651
1842 2608
1123 2073
2779 1632
2303 1350
2340 952
2027 1358
2237 547
1432 2105
2388 2514
2414 1024
1283 1788
1599 2724
1172 2780
249 783
342 2913
2284 1133
91 1598
411 1345
1679 2058
2503 1625
178 1662
1303 1277
1625 1259
2339 2829
2264 1005
1676 1662
806 2557
858 1082
53 966
581 1764
769 2000
1054 733
1146 1399
2847 493
770 1524
405 886
97 1893
2254 2298
2633 2183
795 1507
299 633
1881 379
1505 90
425 2258
1038 1416
2944 804
1641 2246
1619 452
1704 1469
55 33
410 1010
837 2659
192 103
937 888
2107 954
613 1261
1823 276
255 1782
1913 2706
2724 1258
837 1889
2084 2758
1946 496
841 1305
180 223
2945 1629
568 68
385 2396
2250 2035
3 2061
1401 707
2470 1836
1493 2138
2600 1680
2404 673
169 2491
1785 2732
1184 6
2214 2828
2883 1879
223 264
1566 980
1272 2974
2263 2142
2003 2541
66 358
1015 557
695 980
289 477
1249 2988
161 526
2232 1764
1658 329
154 2465
2063 2154
2222 11
721 2922
2624 2645
1344 2520
2399 186
465 786
1336 2932
2349 1167
2193 1705
2586 1518
424 1665
2738 2461
1455 2355
1809 1008
2247 2020
710 1655
2791 2679
2025 2655
1921 1944
1995 2850
1193 263
2602 1009
391 946
1801 2728
356 853
347 1081
302 1693
1862 1178
216 1506
3000 2490
1939 2481
1828 1913
1686 2263
2662 729
176 1696
628 31
1686 213
196 2982
362 1495
1006 2496
453 465
1865 2819
1267 2684
1584 821
2683 1409
1494 864
1682 598
2946 1589
1938 1197
1352 1743
2149 1374
824 61
1805 1222
2333 2243
973 886
2999 2976
927 1024
541 1076
871 1542
1569 2127
1565 2200
2960 1123
1528 1956
2541 398
2650 2132
1140 194
1714 1370
1608 2570
2038 609
2066 2171
983 2366
2504 2205
120 2528
820 1544
1153 484
1688 926
2696 1345
2200 1104
68 2047
1137 2563
783 2073
382 196
15 2026
2876 347
1341 757
410 78
2361 928
1469 647
1129 2575
725 1647
2175 693
322 1239
2060 1562
600 2634
2346 1820
2063 611
2656 1474
947 1927
2725 1129
2892 2264
1197 2986
498 1417
960 2020
2040 2711
1057 1153
1091 2227
1369 551
117 2709
1511 2461
1280 1338
1267 1948
1866 2507
1866 2457
898 1511
1411 2795
1618 1631
780 230
1115 1091
943 204
1836 2628
188 2151
1501 2594
3 635
214 1469
1563 1967
1041 1925
249 2280
2578 806
911 2544
1012 785
722 1579
2995 1227
1414 186
907 327
2416 2333
482 1221
2741 2631
1246 1982
1818 1971
1571 2042
1598 2306
715 1075
366 1519
2874 484
637 1376
622 1920
2698 2170
1241 1577
342 1460
2987 2769
839 249
1662 1430
2976 1406
2905 21
2263 2443
2765 234
2567 1769
236 1744
530 2133
274 1438
685 2792
1520 552
1084 53
15 1208
2663 1221
2184 444
1481 558
640 1427
2427 1290
1117 309
1381 2537
2933 2332
977 868
1432 1331
1950 1991
18 1178
2495 395
649 958
2784 2618
1157 627
1526 2545
373 1661
2729 2051
688 476
2327 71
1266 1256
