3000 10000 0
1459 831
2082 2353
1459 831
1459 831
1797 1823
1888 1795
2712 1890
831 1459
2965 1757
831 1459
4 2363
1459 831
2055 2830
1449 2766
1459 831
1459 831
52 444
831 1459
1103 2157
2774 956
2180 530
2151 2670
831 1459
693 1055
386 2505
1459 831
1160 123
1459 831
1459 831
393 2316
831 1459
2080 2583
1459 831
1459 831
2670 569
12 1710
1643 2257
1996 1951
2241 1903
2036 2478
2698 2726
1139 684
317 2153
831 1459
2332 679
1683 652
359 949
831 1459
575 169
1459 831
2260 280
617 2234
305 2886
1035 331
2163 851
2110 823
1459 831
2198 2148
1459 831
1459 831
2625 265
1459 831
2705 2865
831 1459
831 1459
1090 1239
1459 831
261 1767
2244 2105
2294 435
159 691
1298 415
2448 931
22 1659
548 1774
1459 831
867 2666
2432 1745
1599 152
641 2634
2842 2655
433 1425
2747 1075
1459 831
109 416
1389 672
2436 1557
1326 2665
831 1459
691 1340
797 2647
831 1459
2826 2722
2831 780
1459 831
693 2234
25 987
1323 1405
109 1507
1459 831
603 1559
1459 831
410 436
440 893
831 1459
2076 1717
2712 934
2343 2305
2831 2030
344 2901
2057 627
831 1459
1791 2740
831 1459
1459 831
831 1459
1262 1139
2299 217
2091 50
948 2305
1675 1970
1445 1270
462 2494
2321 1553
832 282
831 1459
323 1141
304 490
1606 1539
2272 35
1459 831
1450 1454
831 1459
1748 1614
2352 1991
2125 2588
55 898
1215 114
1459 831
831 1459
831 1459
163 2146
1426 1945
373 581
1459 831
571 1117
2506 1290
1459 831
333 953
1027 2797
1459 831
948 134
204 1018
1459 831
1847 680
831 1459
2191 1987
2119 1950
991 878
2170 1645
1399 2173
47 2049
972 1928
774 2637
1774 143
1807 681
831 1459
831 1459
1459 831
2622 1434
831 1459
831 1459
831 1459
1459 831
1343 2797
770 746
2997 1722
575 470
2406 1339
1786 2244
1459 831
2930 1638
519 2083
2793 1008
1578 1277
1864 6
2917 2753
314 657
831 1459
1459 831
1454 2878
794 2492
2539 2846
831 1459
270 1301
1937 729
2368 1262
1127 792
1371 1384
2379 196
767 1682
2959 2427
1362 1345
1459 831
1607 2536
831 1459
1459 831
831 1459
1652 1710
1459 831
1595 645
1351 1280
2547 2652
1940 900
831 1459
831 1459
2928 1387
831 1459
217 2693
1459 831
2378 1471
2471 246
1459 831
2303 811
1150 1053
2177 1014
831 1459
2619 138
1696 913
2036 108
1828 257
597 117
1311 143
831 1459
809 1667
1623 1149
831 1459
2218 1348
1279 1260
1459 831
2455 1468
831 1459
1459 831
853 1987
1849 2329
2343 1688
2176 767
2046 1258
2843 783
831 1459
2834 634
1459 831
1459 831
1459 831
298 1038
2794 1214
1317 2764
831 1459
1459 831
1459 831
204 1132
650 1543
1459 831
84 545
873 820
1938 674
831 1459
1518 2449
402 541
1608 1122
2013 2664
2195 1431
2358 1028
34 2348
2849 99
831 1459
1999 1715
1459 831
1751 2003
1664 95
831 1459
2878 1449
2858 198
1467 287
2284 585
1068 1048
1852 1013
1459 831
450 171
2439 1769
831 1459
2230 2393
152 956
2871 1510
2884 2446
576 806
2321 1552
90 1739
2858 485
2506 2316
1459 831
831 1459
2233 816
1285 896
831 1459
1418 2319
831 1459
594 1727
655 2631
831 1459
2317 523
1335 895
2873 2645
831 1459
1459 831
1632 2059
1946 254
1022 2044
702 1052
998 751
1293 1833
1091 815
2728 819
1459 831
575 1452
2036 1033
831 1459
2077 29
552 1248
1459 831
1875 1689
1459 831
831 1459
2718 799
958 257
1499 434
831 1459
831 1459
1917 1635
2545 1490
831 1459
1459 831
86 960
831 1459
831 1459
831 1459
436 2010
1509 452
1082 790
1456 2059
196 2994
1634 550
831 1459
1655 1504
2756 2802
1246 1641
1343 2468
1594 731
985 2342
863 1256
831 1459
1459 831
813 2773
213 1099
2231 1463
2335 1118
1579 937
831 1459
831 1459
831 1459
303 973
2589 1626
1934 1631
2107 2121
2644 136
831 1459
2205 2240
189 1176
2391 2280
2377 1215
1052 2982
208 1882
831 1459
831 1459
1459 831
2717 2868
1459 831
433 2077
2265 1205
831 1459
2093 596
1459 831
831 1459
2496 1596
831 1459
831 1459
2443 1952
2608 2024
1372 1195
831 1459
206 2710
2236 1686
831 1459
1338 2019
840 179
1459 831
733 1237
2612 2062
2193 2925
179 582
1618 2964
2527 1407
2668 820
428 709
2037 2684
2740 2113
831 1459
2891 1457
2246 2645
2887 2087
2358 1991
831 1459
8 2908
1079 2632
2661 2473
1459 831
1531 1864
260 1686
443 2500
1954 225
214 762
831 1459
2525 58
2277 550
229 539
2482 51
831 1459
1459 831
1272 755
2402 1561
125 937
1452 598
1528 707
1459 831
1041 2742
1392 1199
1459 831
1172 1610
831 1459
831 1459
1247 1808
1431 445
2239 1989
1459 831
1588 2311
1459 831
1149 1103
1488 1866
1288 2580
2831 1687
1158 118
1650 2455
2297 1440
831 1459
831 1459
1459 831
1459 831
1556 2258
739 2392
831 1459
2458 1132
1459 831
2166 634
831 1459
831 1459
831 1459
1459 831
1474 79
587 2124
1459 831
1459 831
263 1362
831 1459
2213 1405
581 2361
2022 1158
2265 1084
1918 2620
2386 2786
1780 2767
68 1566
1459 831
1755 396
1459 831
2589 2798
479 457
1671 1926
1459 831
831 1459
831 1459
831 1459
1762 660
881 347
1459 831
831 1459
2821 2304
1459 831
360 1859
1459 831
1459 831
905 2578
1826 307
128 2434
1241 2156
457 145
22 2062
6 2150
831 1459
2326 2191
925 1139
2171 729
1844 307
379 1505
2203 920
1459 831
1059 34
2678 1611
521 2062
1459 831
62 383
772 2526
2506 918
1459 831
2225 330
831 1459
1864 1216
831 1459
345 2087
1161 1508
1403 650
914 1864
1429 220
60 1445
670 2281
865 1725
1360 1003
1495 2158
700 1411
281 2724
831 1459
831 1459
2864 2137
2427 415
2551 1953
831 1459
831 1459
793 1441
1874 2493
1424 2340
831 1459
2270 701
831 1459
831 1459
2744 747
89 1760
2397 2322
256 1712
1998 2439
1459 831
1492 612
696 2364
1053 1989
366 1317
1751 1923
2742 409
1525 2083
831 1459
1459 831
1433 1499
2294 1432
204 1958
1854 1467
1459 831
1459 831
1459 831
1459 831
1113 2782
2365 976
229 2209
2115 2011
831 1459
831 1459
831 1459
115 11
820 875
175 2064
1751 1836
797 2021
1880 2380
1171 1985
828 1716
1459 831
1126 1836
752 1968
289 579
94 2975
2252 2645
1399 2954
1467 1133
2737 922
2689 474
2432 2407
1754 853
1760 1299
1459 831
2728 1414
1779 2663
2776 488
257 2834
92 1951
2343 450
1366 189
1527 2155
2168 135
1832 1372
1390 1552
1675 1180
831 1459
1017 660
2663 121
1016 501
361 324
1459 831
247 2816
816 727
167 2730
1459 831
1634 1470
1175 957
831 1459
423 293
839 1849
1576 2014
1813 575
1860 1324
2547 1972
1459 831
1459 831
889 2427
831 1459
1459 831
1427 1809
713 575
2032 2882
290 2767
489 1259
1459 831
1042 139
825 418
1129 696
1114 374
831 1459
1459 831
1642 1407
2206 353
496 1855
1654 2406
1459 831
1430 556
1459 831
1147 2431
831 1459
831 1459
2534 339
503 1250
1602 348
2041 2233
1459 831
522 186
831 1459
32 1685
1249 1526
1459 831
1193 2627
750 650
655 1658
831 1459
1459 831
57 2907
1459 831
1140 1625
1151 353
1593 2244
831 1459
2970 2845
1459 831
831 1459
831 1459
831 1459
868 380
831 1459
251 1222
571 762
939 2592
508 2424
2946 77
1459 831
561 1998
831 1459
2242 1384
422 1903
2881 2201
2586 2619
1679 2993
2930 1972
2148 1408
1144 2912
2295 529
831 1459
2545 1340
571 2257
831 1459
1534 2239
2375 1966
885 1136
1298 227
2426 1604
1459 831
2857 2379
1459 831
1000 654
1087 2139
1287 1941
1371 2781
2768 2369
831 1459
1429 337
314 1834
350 333
831 1459
831 1459
2803 2806
268 140
1982 1089
1459 831
168 2555
2363 1546
473 1069
1970 657
1459 831
1568 1635
743 2245
2283 761
1233 139
831 1459
2751 2414
1459 831
788 2909
888 2604
1269 1788
1777 1859
1459 831
1459 831
2143 98
541 1687
48 674
875 215
2345 27
2263 793
831 1459
1769 2331
1192 1108
1459 831
2413 946
1894 1350
1650 1853
1819 2700
1459 831
1459 831
1459 831
1459 831
1459 831
1459 831
831 1459
805 1857
989 1692
2996 2577
2930 1479
1321 606
2903 1442
1867 342
2247 2074
1248 1766
118 248
831 1459
1459 831
1530 1412
1154 2905
2686 1062
831 1459
328 1560
2391 2427
831 1459
1459 831
2969 1555
971 483
1392 682
734 2288
442 481
2690 1626
2488 632
956 960
2270 403
831 1459
2754 2127
782 1576
1459 831
831 1459
1394 2228
2868 2762
1459 831
1268 776
1628 287
214 1131
2423 517
2390 760
934 1251
2002 68
2711 161
1718 1368
1856 1162
2377 1165
257 1198
1459 831
281 257
2030 1700
1346 1182
2029 2257
2750 299
1459 831
46 472
1526 1071
2963 1120
376 2435
2833 478
1096 1195
831 1459
2428 1662
416 2312
1390 893
1459 831
1164 615
1926 2915
2708 1204
2393 697
265 395
2860 1495
329 1396
1388 1429
2691 914
2855 818
503 2472
1336 1312
831 1459
1507 1952
533 965
549 1625
1931 971
1459 831
1893 2814
2910 2000
1459 831
2959 2669
2616 92
1459 831
1555 2033
831 1459
1459 831
80 802
831 1459
969 366
1243 2724
484 366
2212 2117
1459 831
1459 831
2585 373
1459 831
927 1003
1264 1705
2144 1140
1459 831
276 2787
1459 831
1459 831
210 1020
961 2426
1092 30
831 1459
470 162
1181 510
2873 2858
1459 831
1860 114
831 1459
1725 2479
1589 2637
1459 831
831 1459
1246 1921
425 340
1459 831
1459 831
831 1459
512 1337
1459 831
979 2559
831 1459
2411 1081
752 1425
2471 2182
1324 57
2943 1003
46 430
1459 831
1691 894
1459 831
2917 165
1459 831
2 2839
1459 831
393 124
2983 1736
2969 1082
451 1403
1247 336
967 1708
365 337
1882 2057
1459 831
1634 1649
831 1459
831 1459
75 2459
1459 831
1428 1706
610 143
258 547
2419 1908
1624 657
1459 831
682 1422
2361 1259
322 54
2865 1706
1364 629
2436 1374
521 2515
562 2320
2657 2190
2528 372
970 2771
2888 1705
791 2928
1459 831
2670 1059
1862 2138
831 1459
831 1459
831 1459
2595 1822
110 411
302 2227
2060 1046
1509 1023
831 1459
2964 1006
2393 843
1312 45
1566 635
1748 1009
810 1816
1722 925
831 1459
831 1459
831 1459
1621 2455
2139 447
831 1459
2080 1442
2669 846
375 1038
831 1459
2622 649
831 1459
2798 2005
831 1459
1285 1929
1459 831
249 1582
2503 1270
1459 831
2246 557
1459 831
2952 1039
2491 2990
2845 2715
920 2451
532 1274
570 1480
1577 2453
2731 703
1185 782
831 1459
296 1570
1459 831
922 1107
415 2931
850 833
831 1459
2891 2652
228 2604
1624 1304
2054 2702
771 1998
1459 831
1917 2605
177 1946
1459 831
659 676
966 2917
2678 195
1459 284
1972 1173
425 1291
735 307
1459 831
832 2414
458 1439
2487 2087
1459 831
831 1459
831 1459
2053 242
954 2459
994 2244
490 2861
1459 831
1022 2067
1081 2347
1459 831
2812 1587
658 1779
2074 1008
1459 831
2625 825
1307 767
2260 1211
1453 2856
1459 831
1459 831
1459 831
652 1189
831 1459
831 1459
831 1459
1459 831
447 911
456 1683
1984 930
416 936
2775 1746
2658 2385
1798 2094
889 690
2533 1599
831 1459
831 1459
2098 2836
2593 2753
2816 1567
2917 2857
1459 831
1459 831
1728 2060
2422 450
1459 831
2338 2563
1658 42
607 1526
2985 491
1077 1969
831 1459
1459 831
831 1459
2859 1502
2134 2415
612 1856
2711 517
2719 2836
78 704
819 2446
1051 2905
2709 742
320 648
1783 906
717 441
849 2856
1459 831
2078 584
831 1459
2506 778
989 607
831 1459
2596 2026
664 584
1459 831
1459 831
364 2439
998 2267
445 1913
2800 1309
1099 132
831 1459
831 1459
1829 833
2413 1825
2431 1907
1527 1964
831 1459
1459 831
2125 268
2717 1630
1061 848
831 1459
1459 831
1459 831
1459 831
84 1312
2394 2975
440 299
1459 831
1912 456
1459 831
273 924
900 2186
662 599
2270 1501
2960 2395
1459 831
2518 1503
235 2117
606 2830
1459 831
2193 1369
1459 831
1948 1070
1459 831
175 1762
1830 2013
793 1856
1783 2916
2590 2363
2465 2886
2243 966
1459 831
831 1459
1651 2336
2219 172
104 2458
1459 831
1787 971
589 2326
1366 2454
1459 831
1327 2275
1501 331
2177 2078
1899 1955
602 1379
1702 543
1168 1883
1237 2577
2728 1914
2829 2226
2332 2614
2227 2771
1035 1837
566 1112
831 1459
1459 831
831 1459
391 2867
831 1459
831 1459
1459 831
1192 2916
1459 831
944 1733
226 330
1459 831
1319 1606
831 1459
663 2830
1459 831
2449 39
1459 831
1085 68
1459 831
634 1875
1459 831
1824 347
1459 831
1058 341
502 312
15 1674
2954 2777
531 1075
1459 831
2699 218
1459 831
609 2948
1903 621
2289 2412
2012 2471
931 1811
1282 1418
2675 1104
1545 333
1273 2655
831 1459
1424 1459
1822 1006
831 1459
1459 831
1459 831
1601 2686
831 1459
2305 2293
1459 831
1640 490
1459 831
2991 1131
831 1459
1810 1352
2213 2859
2243 1359
2216 1570
1610 1799
2763 2531
2233 1399
1883 940
277 195
2428 799
822 1673
831 1459
1459 831
47 610
2424 2407
2703 2939
2299 2625
831 1459
630 1801
1671 1194
1971 67
2248 1758
1459 831
1569 1738
977 2465
2375 1886
1459 831
2471 987
1154 2355
1978 2194
1838 1114
2064 2899
1441 2104
1494 1919
1459 831
1198 40
1459 831
598 910
1381 163
2244 833
2229 2247
2765 2107
508 229
2985 2262
2521 1436
1405 1207
421 903
2206 1041
831 1459
2586 1053
1459 831
1973 529
1459 831
1630 363
1459 831
2370 2895
792 1267
260 159
831 1459
831 1459
1459 831
777 1535
1459 831
831 1459
831 1459
831 1459
2830 15
997 2598
1269 2716
831 1459
2637 263
2041 1996
1459 831
1177 1612
505 135
2400 477
167 211
357 832
374 1379
831 1459
556 1407
831 1459
1336 1423
1350 2466
2841 856
831 1459
415 673
917 2673
1475 1913
831 1459
2883 2391
2851 1416
1491 691
2671 2666
526 2232
831 1459
831 1459
1517 2297
1154 868
2031 654
447 1970
2723 1724
455 2228
637 1851
831 1459
2237 1007
1188 2763
831 1459
831 1459
831 1459
2171 594
94 1450
2372 2922
2853 584
1855 2587
831 1459
671 1634
230 2859
1459 831
1901 527
831 1459
1587 386
831 1459
441 2664
2842 946
1247 915
471 26
2731 983
1077 1534
831 1459
111 1424
831 1459
1459 831
2503 1301
2474 2763
1291 2883
2274 2631
1608 2880
525 1183
2454 2579
760 1745
116 607
1745 699
200 1481
447 303
737 531
2538 2776
831 1459
1459 831
1459 831
831 1459
1106 2955
831 1459
448 2713
1331 57
569 2856
72 810
2035 1907
259 2365
1459 831
654 2183
1459 831
25 2848
2387 680
2967 2556
1459 831
2288 875
1937 2944
1538 1768
2433 2265
1435 2570
1734 1297
831 1459
2735 2639
2239 1191
1459 831
2696 2825
1961 1426
1944 1836
711 1527
831 1459
1459 831
1873 2172
831 1459
1916 587
2128 1438
2700 1299
81 2512
1649 255
1370 1440
2087 2913
2147 135
831 1459
831 1459
1880 2928
1459 831
714 2237
831 1459
831 1459
2299 2504
1459 831
2609 2274
2563 1780
2876 364
1952 947
624 195
2497 2995
1459 831
2205 604
2790 329
922 1849
2354 2602
2075 317
144 2041
2455 87
1084 15
2208 1951
1459 831
2381 2216
2265 2233
589 475
425 1053
1379 2787
1184 1713
1329 1925
1459 831
16 712
1878 2210
2203 2930
432 501
1873 2188
924 2626
831 1459
831 1459
2222 2059
1459 831
2321 692
265 268
65 500
817 856
831 1459
2718 2258
2841 2721
1785 86
92 2333
1158 548
2195 1184
831 1459
424 250
1240 1853
2387 273
2340 1687
831 1459
2702 1222
831 1459
1295 2289
476 2602
831 1459
1940 1344
1876 1154
212 674
1459 831
1459 831
554 2214
2550 23
1628 1968
260 1838
1459 831
1228 1394
2403 2878
2509 1384
1459 831
2902 2652
879 1419
1831 2660
2011 2546
699 2035
2893 738
2967 413
558 125
1015 1850
831 1459
1459 831
2599 2458
2521 1400
1006 820
1459 831
1459 831
2304 2308
831 1459
1988 2765
721 2987
2044 1557
2587 818
1459 831
139 1745
885 459
2058 775
1290 36
2223 2636
1459 831
831 1459
2671 2875
2061 2293
2748 2850
1459 831
1459 831
831 1459
1111 800
2703 205
1039 2784
986 2443
1918 2108
336 255
1366 180
1093 204
226 1616
2530 2901
2444 1406
2489 277
2992 2977
1459 831
973 59
1669 1596
831 1459
1459 831
1699 1545
1834 155
2003 2824
907 818
831 1459
2932 2114
474 1915
704 648
2876 475
1758 2218
1749 2453
1339 1510
1204 2394
761 48
251 215
2558 1885
831 1459
2953 2945
2215 155
2703 1686
908 680
1567 1023
2013 1205
448 2170
1459 831
831 1459
831 1459
1123 998
2776 1973
1879 509
1296 2854
1459 831
732 400
831 1459
2729 117
1459 831
1909 911
278 945
1459 831
2133 2374
891 1699
2537 2077
1459 831
2903 421
1459 831
2620 2354
2846 1741
532 2215
1083 801
1393 104
2669 1093
2194 1742
1489 1836
781 182
831 1459
747 2300
775 454
2922 48
1459 831
1102 1515
1930 1401
1073 711
2672 2446
259 2314
1459 831
227 1488
1443 864
1459 831
1459 831
1086 1048
610 1481
1329 1769
2871 1877
957 1899
615 530
831 1459
908 736
155 2296
831 1459
2998 1871
400 402
1459 831
2113 223
408 268
831 1459
967 2208
1459 831
23 1943
831 1459
2250 2844
1078 1386
2101 142
2802 1166
2483 1857
1459 831
831 1459
2598 1659
1992 1609
1459 831
2679 2287
2381 2497
1395 2995
831 1459
1459 831
831 1459
2166 1074
2180 1944
2393 750
1822 280
1421 2905
2123 1220
1289 2562
1485 701
658 1282
2124 324
831 1459
831 1459
360 406
2784 965
1214 591
506 2503
831 1459
831 1459
2909 626
1459 831
1459 831
971 2760
1797 1885
2766 2296
1459 831
1459 831
697 410
124 1665
879 1075
831 1459
291 480
1459 831
831 1459
1459 831
1457 2865
1459 831
2325 2422
2924 1448
1370 248
921 472
1448 1510
939 1292
675 1460
1459 831
623 2326
490 2317
2815 1669
91 483
831 1459
2614 2042
147 2559
1439 1762
651 1048
1607 2868
831 1459
550 2668
380 1622
495 2619
2155 2295
831 1459
19 704
831 1459
2453 1773
1459 831
1485 146
73 2412
2757 693
176 1993
2885 1638
1746 442
1459 831
1434 407
406 1576
2234 1390
1604 169
159 947
2229 2603
831 1459
831 1459
259 2577
349 29
2487 1530
1683 742
1459 831
931 1545
2828 610
816 541
1138 1665
372 1713
547 1023
1571 1709
1459 831
1777 2336
235 1761
2341 736
1092 2385
2225 1515
2500 2078
831 1459
1459 831
1459 831
625 2430
943 954
2302 935
1749 2773
1459 831
1453 1802
1209 2233
915 2401
399 1706
885 354
2019 2685
2702 2440
520 877
2561 1869
1608 2214
2401 281
1724 625
836 2374
14 1049
942 1442
1459 831
62 2207
855 874
1274 2683
1459 831
1459 831
831 1459
1459 831
1559 584
1459 831
647 1059
831 1459
2589 746
18 961
1649 2105
2257 251
831 1459
350 139
1459 831
566 178
708 1020
1335 2705
1890 1201
1440 662
831 1459
831 1459
1037 674
823 1335
1000 1584
307 253
2649 785
1459 831
377 1304
2801 1692
831 1459
1459 831
1948 1960
973 992
433 2775
531 2467
831 1459
831 1459
495 2054
2221 1104
2123 1520
2778 966
77 1412
1459 831
967 2853
2509 324
1459 831
1894 551
2014 2828
687 134
737 1606
690 2912
1459 831
960 2975
122 1225
2224 2520
1459 831
1459 831
719 1549
2511 132
1499 580
831 1459
2172 968
1459 831
327 1971
1459 831
2318 2957
1091 1797
2864 470
1459 831
1459 831
1459 831
2084 427
831 1459
1459 831
1459 831
1459 831
831 1459
2824 318
163 2335
2087 1560
337 2229
427 2459
406 83
572 1077
1982 2107
4 1156
1915 2574
685 23
1804 1875
1840 2684
1846 2083
2705 1667
1273 1049
1459 831
1459 831
831 1459
2651 511
831 1459
2311 2009
551 769
2700 2576
1231 2549
831 1459
831 1459
831 1459
623 877
191 1305
831 1459
2356 2736
1933 1074
831 1459
220 996
831 1459
831 1459
1459 831
937 1903
831 1459
2049 2137
2426 764
843 2712
2541 416
1052 1889
2026 170
2891 1395
2211 385
57 317
1358 2600
1459 831
2069 2549
251 1658
909 833
831 1459
894 1853
2967 893
1459 831
831 1459
820 661
95 702
1447 137
1429 2258
498 2210
2009 375
2923 2137
1368 638
2024 1143
2195 1348
434 2896
633 2656
727 134
2763 1893
1459 831
79 1264
2397 2818
692 2063
2784 1412
1703 1746
1952 2541
1964 447
1962 2561
2658 135
1177 413
1443 1295
831 1459
687 169
1517 1463
446 788
1459 831
2889 450
570 2442
831 1459
1759 697
477 1668
2828 1554
1775 830
1459 831
831 1459
2407 2240
763 2115
379 1843
2197 55
86 2682
2221 2141
1985 414
44 247
2864 320
1143 2966
375 1592
1864 2994
1459 831
2642 184
98 2507
1443 404
1459 831
2192 2487
1210 1909
2465 1228
632 1477
296 1218
30 2145
2529 150
831 1459
418 1675
2193 1612
259 2773
1127 1595
831 1459
2497 710
831 1459
94 734
1459 831
2392 2860
2958 1146
1348 444
1002 1011
2946 2603
1459 831
5 2334
111 2476
831 1459
831 1459
831 1459
1459 831
1942 143
1459 831
831 1459
2741 1467
1742 992
831 1459
393 2395
1949 2514
2433 1157
831 1459
268 370
865 674
816 1553
106 1872
1459 831
1411 80
831 1459
1411 1188
2574 1540
1558 2512
1174 2671
970 2758
1048 1489
2037 2798
359 1114
979 1
1485 590
1459 831
1141 2136
2633 2677
1902 2379
2841 1065
494 1025
1459 831
2034 2763
1145 74
2474 1640
359 103
1459 831
3 856
276 2866
1630 1836
1357 1795
2427 2477
1932 2193
625 1243
2728 1148
2025 2115
1459 831
1459 831
663 1703
2266 2918
2854 1258
2408 1451
467 2814
314 2515
1459 831
831 1459
764 2509
2449 2946
2047 761
2741 2026
1527 1967
831 1459
1869 2204
1322 378
37 2403
2857 1162
2882 2678
520 1283
973 241
792 2616
2325 1605
2227 2391
831 1459
1459 831
1459 831
1459 831
269 1045
1814 1875
2801 2023
2741 1913
2110 563
1459 831
984 2454
1459 831
2735 137
2462 2079
1725 2959
514 1689
1459 831
1006 1829
1619 1610
2328 1163
2855 1166
1118 1872
2221 2299
831 1459
2974 722
2685 702
1459 831
654 2308
2447 2653
638 87
303 827
147 1712
805 2820
1962 231
2510 1165
1459 831
257 2048
1450 2645
1298 1233
2006 571
2532 1948
664 313
798 1290
1459 831
1459 831
2618 1812
1389 1343
1183 680
2792 28
831 1459
2450 1617
1301 1044
2265 2681
172 720
1676 2840
629 34
1459 831
1459 831
1324 2430
2289 2866
1973 1359
1459 831
1917 1720
2097 1763
2008 2630
1134 606
831 1459
2921 1966
831 1459
831 1459
364 109
831 1459
2708 761
831 1459
1459 831
1954 695
2471 1546
831 1459
2253 1779
831 1459
2689 2316
1417 2803
764 1478
960 1832
1789 1759
2235 403
185 1321
1459 831
831 1459
1459 831
1209 2699
2560 2911
698 1691
1459 831
831 1459
2367 1005
879 1652
1506 657
2622 590
831 1459
831 1459
831 1459
713 2930
831 1459
430 741
846 436
636 280
1352 1
2674 2105
2302 2737
831 1459
2506 2359
1459 831
1459 831
1437 121
2399 2947
831 1459
1459 831
831 1459
567 2008
831 1459
2470 852
2572 100
2925 700
1459 831
1526 2743
1459 831
1459 831
2763 526
53 2142
1459 831
396 1771
741 1833
462 1120
1137 370
606 2823
1459 831
1459 831
831 1459
1813 2990
1966 2746
2586 1621
1877 655
679 2387
1459 831
2706 2267
831 1459
1459 831
667 1570
2953 295
1459 831
831 1459
2982 2131
831 1459
1465 2820
313 2647
56 1617
831 1459
283 1385
1459 831
1579 282
831 1459
2047 2035
1453 1440
1459 831
2312 2887
2463 1220
1005 1263
1333 139
538 575
2226 149
1459 831
2391 2213
1492 2718
730 2583
2693 1663
814 429
831 1459
831 1459
127 730
2207 2638
892 1842
1459 831
1880 2530
1635 1065
2728 179
328 1460
1060 2156
83 1052
834 829
1109 2030
567 2526
1459 831
2605 1279
657 2888
866 340
2978 1419
831 1459
315 236
2372 1840
831 1459
1263 396
831 1459
1459 831
2442 2839
2577 2469
1278 1577
1459 831
663 331
399 910
2791 1744
2935 2806
5 2979
1459 831
2335 2830
304 2801
1873 522
2387 2818
150 1727
2295 2558
1130 2489
2846 1545
527 2034
623 777
188 1776
2 1744
1459 831
1479 2348
831 1459
626 1588
1671 2171
1169 223
351 2441
2300 1446
1952 2921
1276 2927
2101 27
2064 2652
889 1279
605 897
1459 831
2158 279
2539 93
831 1459
2584 1512
2892 849
2668 2003
2470 33
1846 1066
1459 831
1459 831
625 1345
844 2373
2400 128
323 2146
866 203
466 2900
2358 239
1712 1470
2685 261
831 1459
819 2393
1459 831
1621 449
831 1459
2174 2504
1412 2879
1459 831
1459 831
454 228
2143 443
1459 831
290 1817
831 1459
1459 831
1459 831
1459 831
214 77
2026 1790
1459 831
1006 655
871 610
1086 2129
314 1177
2327 2973
1740 2428
2042 210
559 669
1009 1275
383 959
831 1459
1401 74
491 2773
1459 831
992 672
2486 2389
1459 831
1672 2042
802 275
1862 2424
831 1459
2391 2701
2834 1304
1459 831
831 1459
94 2532
831 1459
831 1459
2982 2892
2406 2615
905 76
271 2269
70 1182
1940 2777
395 857
1459 831
2049 1237
328 1235
1632 344
925 1304
1459 831
1459 831
831 1459
436 2248
2335 2803
1459 831
1879 2166
831 1459
726 69
1459 831
713 1646
2712 1712
633 2866
243 1394
2060 1999
148 1121
2873 2939
1081 1901
1846 2887
411 2152
1873 1345
2006 184
948 2591
2871 435
831 1459
1459 831
121 787
987 1402
2514 2318
423 1537
2939 204
1459 831
831 1459
1039 2807
1459 831
2398 1641
1793 2231
440 1279
1022 1163
2967 619
779 2140
831 1459
831 1459
831 1459
1459 831
1459 831
2885 1307
2194 2013
135 229
1459 831
831 1459
1459 831
29 1783
1459 831
1459 831
725 583
831 1459
1762 25
1459 831
1775 146
1459 831
2866 2855
1226 2286
980 1314
1459 831
1459 831
831 1459
502 90
2752 1085
1917 140
876 1729
831 1459
959 2710
1753 2035
670 1743
1592 1259
1459 831
2065 560
895 538
147 220
831 1459
2435 2816
558 1513
1797 2137
1618 1888
1459 831
2799 999
1288 2243
831 1459
1987 2126
2854 2539
367 2285
831 1459
2828 2793
831 1459
2284 2404
2454 1341
1459 831
1459 831
1459 831
921 2549
631 2531
2871 787
831 1459
1459 831
831 1459
2750 1811
1459 831
1622 696
1030 83
1790 1378
910 1977
1459 831
831 1459
2289 673
1459 831
2374 2078
226 512
831 1459
2724 2177
2432 674
1459 831
1508 1101
1459 831
1460 1531
1 764
1140 962
1459 831
2219 1506
2982 742
9 1815
2130 1037
1459 831
1241 2275
438 1142
1347 598
2903 1788
2585 2363
1927 2658
1541 2855
788 1382
1403 878
1075 1489
1652 1969
2789 2319
1254 88
1284 1879
61 2278
417 1380
1459 831
2618 1030
831 1459
2251 2437
831 1459
1434 1548
690 2013
718 2951
692 2062
1459 831
2105 240
1459 831
2495 525
2025 1041
87 1324
1459 831
1422 2897
1928 863
2334 2760
2298 479
1459 831
831 1459
2656 506
2864 2183
1459 831
2270 2317
2184 2548
989 1843
2557 1019
1459 831
1531 592
1551 917
1424 2152
831 1459
1459 831
1435 2869
1047 282
2306 2548
1553 806
65 2537
122 2749
1001 873
2005 481
1714 1043
2826 127
1180 2445
1192 2165
2466 1349
831 1459
2812 1435
2887 1734
137 1900
831 1459
1637 2067
811 869
831 1459
80 2219
967 174
1390 1249
1644 1623
2490 2974
1029 1468
2283 1410
831 1459
1968 2182
2548 148
2539 2726
1459 831
1661 1868
831 1459
2541 1020
2752 841
63 1711
831 1459
2035 1962
1459 831
831 1459
2722 2099
1611 2576
726 1283
831 1459
1928 2721
831 1459
578 407
1459 831
1459 831
1766 1581
2887 863
917 1051
2788 2741
1365 2291
389 2279
2494 2514
831 1459
1459 831
1459 831
831 1459
407 1227
1911 1742
1459 831
1459 831
1991 1602
305 1260
1402 174
2757 1946
807 2925
831 1459
1459 831
642 784
2756 2547
1942 1890
534 749
706 1961
507 1931
1403 468
734 1662
831 1459
1461 2837
2003 2035
193 394
1459 831
1200 406
186 993
2641 1340
1224 1913
463 2186
831 1459
1628 697
274 446
52 2833
2537 1520
1459 831
1459 831
1459 831
831 1459
640 2469
1396 291
2507 2709
1790 1867
2297 3
997 689
831 1459
1702 2043
1459 831
831 1459
2185 447
2684 1991
1459 831
1069 1755
51 2725
831 1459
786 1807
642 2808
109 1396
79 2667
831 1459
1218 1144
2979 1965
1261 336
1146 411
1242 966
1121 1156
831 1459
2913 2325
398 371
1053 1143
831 1459
2749 781
1459 831
831 1459
296 792
679 2429
1459 831
1304 1510
2973 345
831 1459
207 1328
2726 2979
2220 600
1459 831
1412 1590
876 77
242 2983
1593 204
416 2162
1835 2210
1459 831
1459 831
1416 1833
99 439
85 2813
887 2888
831 1459
2477 371
1629 1391
2396 1224
2251 399
2356 1096
831 1459
1132 1376
1459 831
1459 831
2814 2379
101 361
2170 2027
2135 2180
831 1459
2229 936
831 1459
1417 893
675 1390
1522 937
1459 831
1606 1652
648 2273
2276 2511
1896 1769
573 349
831 1459
1906 526
1459 831
1459 831
2854 2294
361 1843
1211 261
831 1459
831 1459
831 1459
154 2597
429 1105
2449 378
1377 1932
1459 831
831 1459
831 1459
831 1459
66 2844
1459 831
2423 702
2180 2794
1459 831
416 50
2500 2348
2529 2508
933 1670
2015 2386
403 1512
831 1459
640 1908
2867 1451
831 1459
1143 2062
1565 2084
1459 831
2465 2271
838 378
831 1459
139 2584
2339 1989
1459 831
831 1459
742 500
1924 1328
1914 2650
1459 831
2737 2012
1469 563
1733 878
831 1459
2519 873
831 1459
2915 2908
2348 627
1459 831
565 141
1459 831
1459 831
1459 831
2116 347
2187 2086
2539 379
1459 831
2611 991
831 1459
831 1459
209 1230
1862 2594
831 1459
1459 831
831 1459
883 843
903 970
38 1822
831 1459
2193 2849
633 2142
1485 1880
2529 2102
831 1459
2806 789
918 1109
1343 2199
1459 831
831 1459
1945 2507
411 2041
2283 2784
1459 831
1584 2721
1459 831
1677 1378
2137 2231
1459 831
1459 831
1459 831
831 1459
603 2012
2959 2942
483 15
831 1459
713 972
1459 831
2643 1457
2337 466
1120 2374
1197 702
2065 1838
831 1459
569 2444
2089 2217
2519 1225
831 1459
1459 831
1459 831
2284 1789
1171 420
1624 1205
1459 831
2211 1233
2248 2664
2897 160
1459 831
630 2594
831 1459
890 335
346 3
1512 1199
1672 1866
831 1459
2793 2324
1000 1842
2379 1677
1588 2504
2646 2050
823 427
558 2630
1342 1033
831 1459
283 276
1228 1923
1459 831
919 560
2130 1993
831 1459
1459 831
1702 2134
1273 2610
1420 315
1326 400
227 1018
2069 1275
2335 881
447 910
831 1459
831 1459
121 807
1459 831
2781 1453
1459 831
162 630
2494 1444
2095 120
710 2181
1681 2704
831 1459
1337 22
831 1459
1459 831
1459 831
1459 831
1249 9
2769 1376
2096 560
1301 2259
1459 831
152 1494
2978 1038
2883 562
1459 831
1167 1760
831 1459
2546 2411
442 904
2702 2494
1898 713
2267 1369
2741 764
1306 1390
200 2191
416 54
405 2251
831 1459
831 1459
2985 2834
831 1459
831 1459
1459 831
151 1540
2658 2920
1726 2183
1075 272
2911 1508
114 247
1459 831
219 668
831 1459
831 1459
2115 2575
2468 1260
1459 831
1459 831
2821 985
2707 132
224 2656
2365 963
1459 831
1502 926
2330 671
380 724
1655 1866
1459 831
2420 2389
2610 1345
2056 130
859 2732
2320 48
1459 831
728 1228
1522 1348
592 738
942 1757
1031 2080
392 2867
2410 1287
736 424
1268 2898
307 1938
1459 831
2290 2294
2808 2051
2974 2977
1459 831
1915 947
1459 831
1459 831
415 1534
2388 2032
2097 1278
2041 230
831 1459
831 1459
1678 2556
1614 2263
2066 1608
1764 2411
621 858
1269 2758
1176 897
2984 2362
1810 1753
831 1459
831 1459
2540 1332
831 1459
1459 831
2871 1134
831 1459
1329 627
1854 1404
831 1459
323 2500
831 1459
1459 831
1459 831
134 746
105 2215
119 1629
2756 2564
2682 1501
1135 556
1459 831
2258 241
1006 2059
831 1459
2424 1544
1459 831
1459 831
1479 1782
1459 831
1459 831
1232 2090
1551 2702
2454 1238
2212 1056
1459 831
2933 1833
1754 2210
2558 5
1459 831
1454 1546
2810 220
2470 841
1846 1280
831 1459
2225 1657
1480 2993
1459 831
2365 1043
2824 1767
2589 1523
831 1459
2706 2517
2485 1488
1233 2771
698 202
546 157
1362 839
390 1511
1923 2840
1295 779
525 1144
1459 831
1512 1697
1056 561
2727 2530
560 1827
2371 2689
585 433
444 726
2807 2059
2007 2824
1461 599
1459 831
1459 831
2005 1224
52 452
789 1747
1205 2111
1220 613
1234 2480
1459 831
1459 831
1898 1015
416 1113
917 1830
2530 1599
831 1459
2030 2221
1459 831
1331 1282
1765 1082
66 866
1525 712
2589 1359
2129 672
1459 831
831 1459
1459 831
2673 1558
2736 2730
1625 191
1459 831
2627 268
831 1459
2607 2531
1541 2295
88 1564
1289 2676
831 1459
831 1459
2295 2335
199 534
831 1459
1459 831
831 1459
233 2025
2359 2616
289 2546
831 1459
831 1459
1102 290
1459 831
1399 312
1459 831
831 1459
1267 51
831 1459
2823 2884
1862 44
831 1459
831 1459
833 541
831 1459
1065 2878
712 33
588 472
1982 642
2075 2803
2928 1915
1459 831
1065 1303
49 213
831 1459
1271 2706
1676 1747
1235 2627
991 995
1321 694
1335 2524
2975 801
1459 831
642 1734
925 177
1410 2048
831 1459
1077 1712
2727 973
833 2873
1360 1069
831 1459
831 1459
831 1459
1526 2140
2778 1170
2727 1546
1653 1451
476 2283
1347 2162
395 1660
2228 2069
1895 2701
1464 1318
1799 464
1459 831
1367 1288
1459 831
1459 831
308 1303
1459 831
680 2155
1884 96
1121 133
1459 831
1337 1809
1925 2462
812 831
1459 831
2943 2636
129 830
2664 721
646 513
2031 1746
831 1459
2624 1632
1425 2682
1961 1627
1062 533
2711 576
311 2851
1006 1668
753 1774
2407 1555
831 1459
2409 1529
1459 831
831 1459
2934 1786
1776 991
831 1459
271 599
831 1459
2724 124
324 1927
1459 831
994 516
2512 1040
1964 1986
1459 831
372 2553
2952 2156
2768 2147
831 1459
920 2027
1202 2947
1459 831
2503 2352
2957 2531
1465 2668
1680 1613
831 1459
477 2204
184 2581
805 1427
1459 831
755 2298
336 433
831 1459
504 868
487 2634
831 1459
2341 1168
1459 831
1680 2336
2558 2061
1360 2685
461 1805
1459 831
831 1459
1459 831
831 1459
831 1459
831 1459
118 1231
1748 2098
1459 831
899 2270
2816 1691
1955 1547
164 2400
1218 974
754 1650
301 2924
2735 1813
156 925
2662 2088
831 1459
1459 831
2383 2886
1528 973
831 1459
831 1459
2825 1486
769 705
2870 1044
2145 2954
2505 85
1459 831
768 492
821 1714
831 1459
1112 885
2027 12
1345 2596
90 359
831 1459
1459 831
312 57
1223 2879
2680 2011
881 287
1459 831
1638 2632
2788 479
1831 1691
1595 1487
1917 322
831 1459
1299 1820
831 1459
831 1459
2486 1914
1459 831
1408 2858
437 954
2910 122
14 1129
1049 794
2665 520
2497 1567
1459 831
2695 2728
1089 2137
1624 2045
1459 831
831 1459
1095 1547
831 1459
1459 831
1769 495
1631 806
826 1057
831 1459
2246 424
1459 831
45 2472
2576 799
2476 136
894 969
1459 831
1459 831
319 2877
1535 1975
2482 2149
773 1438
1459 831
1994 1805
358 1852
695 1896
831 1459
595 958
831 1459
2035 2803
2175 1613
831 1459
1459 831
831 1459
2887 500
1076 24
1046 2616
2262 1755
2368 2206
831 1459
1796 1261
831 1459
2187 147
1459 831
1856 1425
1103 726
1459 831
831 1459
831 1459
754 2082
693 1032
567 2583
1304 2030
370 595
2433 2208
1941 2088
386 958
1942 1119
831 1459
1584 943
487 2626
69 2034
625 2730
1459 831
1459 831
1142 2948
260 964
831 1459
2793 1947
1323 1944
1594 850
1459 831
831 1459
491 2046
1614 2050
831 1459
1718 944
831 1459
2734 2041
2384 2020
1940 1900
315 2641
2489 307
119 2404
47 783
1981 1105
831 1459
1207 158
2170 954
2686 2503
466 32
2444 1409
2927 1187
2888 2850
1943 2425
831 1459
722 1213
1242 1010
1459 831
1459 831
1150 2031
6 1150
1459 831
831 1459
1459 831
2963 1000
1459 831
1413 2458
431 2796
540 1888
1459 831
155 2209
1459 831
2990 2949
1448 621
2573 2196
2576 2021
997 2187
1459 831
1028 1250
1606 1452
389 1386
1459 831
2519 380
1011 282
2330 58
1654 213
2864 331
831 1459
804 2866
831 1459
831 1459
2220 2273
780 1021
1936 1702
1459 831
1459 831
831 1459
2556 917
343 1954
1159 2242
408 1307
717 2759
954 393
2806 885
1459 831
831 1459
2036 1403
1459 831
1897 2187
86 1531
1459 831
831 1459
1459 831
1014 2766
2770 2859
23 6
1784 1977
124 2494
336 14
1435 117
673 918
831 1459
1143 1685
1828 367
831 1459
1538 253
2064 2091
2712 1164
1269 897
164 500
1459 831
1953 2266
2679 27
1459 831
998 1750
1138 1896
973 2273
189 1034
831 1459
831 1459
279 2569
1459 831
1459 831
1074 2882
1160 2519
816 2413
1868 1901
1010 379
150 532
1026 2568
1510 1069
2697 2123
1130 1532
1546 1696
2312 1242
1766 1498
1459 831
1459 831
1381 2578
1862 2894
831 1459
2705 2182
171 1148
488 602
2757 1314
1526 1439
1766 2706
1373 294
1459 831
922 352
2227 295
1459 831
1459 831
831 1459
1459 831
407 592
81 2081
831 1459
831 1459
1614 2769
2847 209
1566 579
2807 60
1459 831
1459 831
1870 2469
374 1916
2266 2506
2566 236
831 1459
1702 2564
1501 2011
2609 1547
979 2498
831 1459
887 2486
2138 658
2656 322
1444 291
1459 831
163 1426
1459 831
2319 510
644 1047
2312 949
1459 831
2416 1087
1591 366
417 2093
929 356
2603 2131
1299 545
1038 824
831 1459
2383 496
320 2851
1521 2565
2612 2224
2574 296
1459 831
2201 465
1459 831
831 1459
1383 1719
2326 2147
2610 2855
2253 1523
1081 1532
1641 936
2604 70
831 1459
2949 2813
947 525
1459 831
524 1278
2528 1062
1582 1312
1431 2530
831 1459
2918 2896
1709 2753
314 188
2510 2720
381 1197
1061 1806
831 1459
831 1459
924 76
1772 1898
2883 922
1239 2112
1852 24
831 1459
1609 2604
1459 831
1144 1357
777 810
2623 1146
95 1534
831 1459
2703 1149
1318 1239
2171 970
2896 2376
1272 451
1459 831
1591 688
320 2791
686 2142
257 2211
1548 2143
831 1459
790 579
789 1974
2319 272
2910 2093
1459 831
1459 831
385 1979
831 1459
88 1453
1887 2690
1591 2930
724 628
1947 1127
2892 2720
1311 2841
831 1459
1929 2629
831 1459
831 1459
2312 431
1140 1736
476 191
831 1459
1823 677
1319 1403
2945 1041
1459 831
831 1459
831 1459
1519 1543
1107 1652
1459 831
453 614
831 1459
2078 1166
2137 2479
1729 2782
1459 831
2107 332
1597 1018
1368 700
2139 2581
1459 831
1459 831
831 1459
1306 1952
1834 231
831 1459
1459 831
1982 51
1459 831
2782 280
1459 831
831 1459
2974 668
295 1205
1243 1656
2728 2861
875 361
1150 1621
2394 699
2732 874
1890 76
1459 831
1531 1763
2068 2111
1594 2158
1223 1958
1696 1847
1459 831
2127 422
1162 239
98 231
2032 2251
831 1459
1561 1183
831 1459
831 1459
1459 831
831 1459
831 1459
1936 593
440 1338
1459 831
1915 1576
196 2266
1524 2867
882 2941
831 1459
2364 1612
120 2849
402 1
1896 757
1459 831
540 1346
831 1459
1774 2421
1788 2929
789 1093
2470 2567
1459 831
2897 2231
1459 831
1412 1569
350 2847
336 1629
2517 2791
831 1459
2097 248
2480 2418
1838 1549
831 1459
1208 75
2905 1835
1459 831
1459 831
2892 976
2696 629
1459 831
1459 831
831 1459
2800 1796
2988 1755
2821 300
1459 831
1953 557
1459 831
2023 884
181 559
2700 1989
2802 834
831 1459
2953 2772
2336 1631
831 1459
1526 125
154 2681
1459 831
1715 1041
1459 831
831 1459
1725 1285
2157 2901
1471 2627
594 2673
2598 2533
1888 1597
2413 1453
831 1459
1459 831
456 821
2916 2799
1459 831
434 1545
2753 2560
2335 2520
1864 2815
1626 824
2085 1092
1459 831
1459 831
2849 2186
831 1459
1459 831
2816 650
535 637
2289 1094
1325 2182
831 1459
2021 1230
2483 1563
1464 2741
2617 1890
129 501
1459 831
461 2969
1421 905
831 1459
1450 1185
1638 1000
496 1596
1459 831
1312 2071
831 1459
831 1459
901 2340
1404 876
1459 831
628 1749
1516 1580
2309 751
819 512
1262 2142
1506 1816
582 2979
1017 657
346 1660
831 1459
831 1459
2917 1850
1125 1118
1349 2394
558 2091
76 2552
222 2772
831 1459
2927 863
2765 2777
616 2349
462 1516
831 1459
482 2628
2210 1218
2620 1742
1588 124
17 2926
699 2078
311 199
1210 1732
1660 2376
831 1459
859 494
831 1459
2082 90
1170 2726
831 1459
2766 1928
867 295
404 1161
831 1459
1459 831
540 787
1215 2135
2152 2458
831 1459
1738 2288
831 1459
2328 1516
831 1459
1459 831
1459 831
1459 831
2315 1828
831 1459
1459 831
1459 831
831 1459
1573 2279
560 386
2877 2104
1942 2852
831 1459
2716 1865
2900 1756
556 2450
2025 2921
2585 434
1245 268
831 1459
1257 1785
711 820
2323 2287
831 1459
1971 1805
61 1746
1459 831
831 1459
1953 334
831 1459
1664 121
831 1459
527 2731
1931 1756
417 669
1733 747
1819 413
462 1769
293 2476
1966 2567
538 2273
2377 2163
1459 831
2839 2802
2610 1559
565 239
1128 730
267 977
2899 2498
1190 543
2374 1890
1459 831
831 1459
2592 1073
415 2784
2469 584
1974 2980
2790 2624
999 2690
1427 389
510 1224
119 2426
2488 2220
831 1459
77 1011
2742 855
27 2079
472 852
179 47
1307 357
1459 831
980 649
1459 831
1459 831
831 1459
1459 831
2204 1272
831 1459
1743 2638
2782 1721
979 852
658 2807
461 1487
532 1687
581 2799
1247 893
1459 831
2929 90
432 1103
1278 2742
1459 831
831 1459
791 1023
831 1459
1882 1559
593 2023
1689 2244
831 1459
2291 2579
831 1459
355 518
454 1634
2734 174
531 1626
831 1459
1559 1822
424 1642
2099 195
2364 1917
831 1459
831 1459
1459 831
2894 2958
831 1459
677 54
1626 669
1387 1563
597 398
1755 1442
2184 1501
2800 105
1735 898
985 1447
831 1459
812 1095
831 1459
1967 1942
466 2442
1620 2094
1475 1263
576 2814
2185 2256
972 1910
2615 455
659 2295
2609 2723
831 1459
2550 752
771 1761
291 795
1682 1564
2474 1331
677 922
831 1459
1459 831
1591 2908
303 1367
2064 1302
831 1459
831 1459
831 1459
831 1459
1852 1334
46 1871
831 1459
2592 2045
1459 831
831 1459
294 2305
2768 13
1459 831
831 1459
2298 2181
2405 2830
2675 1262
831 1459
69 1556
1459 831
831 1459
1304 2591
494 2230
2079 2903
411 1514
1459 831
1089 123
285 1708
98 2910
2509 2920
831 1459
2275 1688
2201 1089
1672 1253
1896 1780
2094 1549
300 432
448 2116
2060 2748
2357 1850
831 1459
831 1459
652 2644
2817 2656
1944 638
1123 615
2553 2621
1459 831
2690 680
1564 1040
1459 831
1419 1550
1722 970
831 1459
854 1506
831 1459
433 861
1011 1396
1430 1603
2962 2288
1459 831
1941 1436
1459 831
1459 831
1837 1375
711 1576
243 1149
1719 2072
1145 546
1191 2671
2225 134
1459 831
1459 831
831 1459
2602 2397
2070 2941
1621 513
1252 1527
1459 831
831 1459
1459 831
831 1459
2044 1510
77 2894
2929 2466
2105 2813
831 1459
1459 831
2154 638
1459 831
1459 831
1474 600
2393 753
831 1459
1459 831
1410 2953
2562 914
2237 380
1019 1449
2066 1952
1642 1435
1854 2790
1757 367
1113 691
2744 2235
1254 624
1592 1422
968 1544
831 1459
1200 2616
831 1459
1459 831
1459 831
1320 1953
963 1278
250 2220
2455 2923
460 1225
942 1186
831 1459
1350 2267
1544 1104
1459 831
993 1991
1347 811
831 1459
1640 2930
38 2659
570 1840
831 1459
2812 144
831 1459
1862 2639
336 2046
831 1459
831 1459
2102 686
2144 2362
2315 1477
1459 831
1459 831
1370 1607
831 1459
2375 225
1380 1383
714 2909
2972 222
2693 806
490 2545
173 1231
1780 327
1236 2501
360 1001
831 1459
1646 30
831 1459
1982 838
1459 831
1459 831
1459 831
1048 1458
1610 1371
1459 831
2176 696
2880 2681
257 419
1033 2279
1453 2402
831 1459
1151 505
1716 2238
1459 831
1911 2412
2364 198
2514 1863
511 913
2351 2879
1459 831
1459 831
1618 1736
831 1459
831 1459
1459 831
831 1459
1525 2437
1459 831
2891 891
831 1459
2461 343
1689 804
2854 1846
2148 863
380 2861
400 2730
839 1383
1897 2948
921 1873
238 1760
1123 980
1459 831
2439 17
831 1459
1855 1542
1652 1026
1459 831
831 1459
1305 2122
2957 1539
2057 2867
991 342
1459 831
766 557
1174 2865
1459 831
831 1459
1264 2652
831 1459
831 1459
1258 955
16 1554
1627 2638
2671 2002
1459 831
1826 677
942 2593
809 2091
1106 2186
915 1460
1485 2864
2644 566
831 1459
831 1459
1459 831
2863 1055
790 2969
183 1393
2970 2033
1631 841
687 2816
1459 831
1483 1572
839 370
1305 2362
2833 1381
2415 469
185 398
1139 2296
2268 789
2321 1347
1699 2047
347 776
914 1569
831 1459
2283 2876
2130 2894
2444 2675
1036 1437
1533 475
1081 2316
2957 1355
1459 831
1785 493
2362 803
831 1459
1137 1277
1036 1494
831 1459
2091 1546
2677 457
104 546
1863 1087
2461 1056
1706 883
230 2311
831 1459
587 2009
1459 831
1459 831
1459 831
1459 831
1459 831
1747 920
2542 464
831 1459
1459 831
514 1010
831 1459
1956 33
1459 831
2967 686
256 408
1459 831
1459 831
397 1430
1541 458
643 1238
831 1459
2313 784
1678 1317
1459 831
831 1459
2620 1359
2373 294
1459 831
2810 2033
831 1459
657 2896
2002 410
2660 2711
2505 2007
2106 1467
1685 2624
831 1459
831 1459
1657 317
1823 112
1459 831
2947 2373
1459 831
1459 831
528 668
999 1415
831 1459
2473 646
1459 831
959 2412
2533 961
1696 1307
576 803
2801 828
1667 2421
2828 1364
589 190
1459 831
1951 996
2140 27
1666 2114
1305 2628
2916 2980
831 1459
120 1028
849 1874
500 918
2483 1414
177 1766
831 1459
2837 235
831 1459
1459 831
831 1459
1398 1629
1459 831
2504 706
1459 831
2522 1153
1459 831
1459 831
1690 2088
1459 831
2366 2956
924 2238
1459 831
831 1459
2048 1535
1888 2789
2703 2302
2786 247
949 2681
506 1658
694 1589
2989 456
1024 1951
2024 349
143 1983
2811 452
1459 831
1284 2854
2020 2424
2992 413
831 1459
999 1439
2481 974
1613 865
92 485
1654 1635
1020 2400
2654 111
2315 429
1984 218
1427 1076
1954 1022
1488 2709
864 2197
1459 831
831 1459
1459 831
2423 1517
394 1195
2171 1507
725 1075
1459 831
2053 2951
1459 831
1125 1031
1372 2599
831 1459
610 2251
2239 1781
1638 853
2351 1936
137 2405
1459 831
2219 1853
1459 831
373 1469
1459 831
1459 831
2723 2673
310 135
1422 1990
831 1459
589 716
2709 2891
2835 2342
626 2539
776 2685
1459 831
1459 831
2233 2683
2057 1940
1470 2550
2589 99
1779 216
701 310
495 2736
1827 2925
386 2420
1372 362
1882 1170
144 2439
786 553
2237 922
1428 2838
2734 2007
1676 1758
1459 831
1906 901
1281 2057
2876 1068
2313 854
1450 1564
2767 1842
1459 831
2296 2327
2027 1040
2973 1454
503 917
1459 831
900 1820
1459 831
1459 831
1459 831
1315 2307
1459 831
869 2418
1674 373
2829 954
998 1454
1459 831
2355 2056
831 1459
2768 279
247 25
822 2253
1459 831
2456 1067
2810 1380
1530 1884
1459 831
1459 831
2992 2547
772 73
212 92
1312 964
831 1459
816 2031
831 1459
906 2316
339 505
831 1459
1966 2431
2817 1567
2721 139
2991 55
831 1459
2898 1191
60 2552
2113 360
2845 1693
2114 2312
831 1459
796 585
276 243
1459 831
655 1583
831 1459
1227 2625
1459 831
2401 890
1504 1322
1293 2030
2181 198
188 2282
2939 1123
1494 1141
1095 825
831 1459
2972 1326
671 222
2488 2190
1101 1441
1248 2221
133 697
891 2854
2844 1441
831 1459
1525 633
1034 2076
1459 831
831 1459
2221 1650
1708 2202
1939 1244
831 1459
831 1459
2449 2292
395 412
831 1459
1133 2511
831 1459
1111 2774
269 1392
619 869
1819 665
421 2031
495 1039
472 2483
970 4
545 1076
1199 2336
2890 1962
1109 2967
1920 272
1459 831
1417 1462
1459 831
831 1459
235 262
2294 1284
993 2411
2441 374
1459 831
1459 831
304 328
505 91
831 1459
2256 972
1459 831
2668 2508
2408 1039
770 297
1459 831
1459 831
1627 2330
2668 1039
1227 1012
2829 1018
2983 2297
618 1129
831 1459
1569 1900
1293 520
2476 1847
831 1459
17 2431
1109 2775
1732 1830
1123 892
1459 831
423 1685
825 1265
831 1459
505 2362
966 1859
48 2400
1738 2075
1459 831
1404 2046
1034 2168
1921 1437
831 1459
942 535
2604 1340
395 2201
2419 2968
353 720
332 553
593 1597
2584 1886
2047 2619
1459 831
2835 1741
2310 1847
831 1459
1968 523
831 1459
831 1459
1459 831
2060 1125
1459 831
831 1459
2197 514
2003 287
2117 1042
760 2839
1010 1756
1563 2447
831 1459
2546 1339
2272 1893
381 1415
1418 250
831 1459
1535 990
28 984
831 1459
1021 880
1459 831
1846 1243
831 1459
275 432
1852 2210
2262 2627
2670 2676
1232 1282
1940 2491
1459 831
453 1607
831 1459
1972 2720
2207 2406
2471 184
408 2626
1638 2028
1459 831
1197 2457
1501 428
2005 395
2763 2640
2152 392
1056 14
1230 35
438 1870
2661 2493
831 1459
1459 831
1459 831
2649 1041
768 569
1139 2347
2980 737
2998 2626
609 1111
831 1459
1914 588
1143 952
2442 1009
1428 1625
2527 686
1459 831
1459 831
1459 831
1459 831
1459 831
2535 1423
831 1459
710 1683
2401 2358
1132 403
831 1459
1459 831
1459 831
1459 831
1459 831
2024 709
831 1459
2447 181
831 1459
1536 550
514 967
1459 831
492 2477
835 1221
1278 18
2864 529
1459 831
159 858
141 2140
831 1459
1459 831
1119 1436
2298 214
831 1459
831 1459
1459 831
1875 659
532 2501
831 1459
1459 831
2738 1893
403 2730
2782 2965
2996 2120
2569 1108
1459 831
831 1459
2239 1922
831 1459
1527 1714
763 1197
210 2410
1070 2252
880 1619
408 2721
174 2167
2881 1035
325 2399
1459 831
1459 831
831 1459
831 1459
2965 1087
831 1459
1294 1351
1881 390
230 2951
490 1811
831 1459
831 1459
831 1459
1459 831
1459 831
731 241
1231 1174
2529 551
260 225
44 1588
986 276
2582 2283
2672 2658
1459 831
1459 831
1459 831
1459 831
1032 862
1521 1979
2774 713
2744 2988
1459 831
982 1956
831 1459
1459 831
709 1611
885 1006
1576 1448
859 165
1531 983
2875 2640
1459 831
1830 527
1212 1084
326 1559
1915 1212
2078 2555
1459 831
2820 2012
876 562
1459 831
736 2180
831 1459
1459 831
1459 831
2783 2292
1358 862
2932 399
2515 155
2235 2636
831 1459
831 1459
2000 581
143 2682
70 826
1459 831
2524 978
1120 2304
1459 831
831 1459
2714 2852
680 908
1670 886
2685 2586
831 1459
1459 831
2908 775
1062 2897
2545 2401
831 1459
115 1580
2463 2544
417 2985
2348 1943
1459 831
1557 1572
831 1459
2172 1859
1086 1295
796 1441
2373 2827
1459 831
2239 1657
1459 831
2850 517
385 2829
157 764
2283 2475
2324 26
2264 159
2601 2132
714 1800
1459 831
1960 128
1459 831
1459 831
161 562
366 1609
1950 509
1320 557
1459 831
961 2193
831 1459
2987 1055
2154 1215
1436 566
1043 303
1459 831
1101 1691
1788 2661
1708 1151
183 324
831 1459
1782 581
1433 1440
831 1459
521 2768
2893 253
1459 831
1015 2302
495 2997
1459 831
1394 599
1459 831
2753 2957
639 688
453 2926
1728 664
1020 2702
1628 1427
831 1459
257 2247
34 678
831 1459
1459 831
954 1988
1363 407
1459 831
1378 802
831 1459
1450 1440
1459 831
2484 1475
831 1459
1585 1700
848 1459
706 2938
1459 831
724 1769
428 1356
1150 2284
232 1117
1642 304
410 276
1459 831
1426 1267
431 647
2650 2803
2137 1387
2177 1327
1459 831
2705 1263
550 1414
1459 831
1559 1344
1236 2436
1878 109
1905 204
1597 2249
200 2948
1381 2250
831 1459
67 2647
2181 1335
176 7
667 1524
364 2315
1459 831
1123 1292
1459 831
40 823
890 122
1459 831
150 2342
1459 831
259 1444
2862 2659
1902 1527
2164 380
2490 1930
831 1459
158 814
1800 1749
1459 831
831 1459
1405 1138
831 1459
1578 1513
2170 1983
2235 1805
590 2134
2954 2294
1459 831
346 464
2195 2121
702 2194
831 1459
1055 2289
910 1280
831 1459
1446 1166
2103 2892
1644 2354
1361 2857
831 1459
1975 1428
370 2822
2679 85
2194 2430
2635 117
751 1263
855 339
1459 831
2167 1309
831 1459
2187 620
2788 1444
1743 270
831 1459
1459 831
2304 2937
2247 1539
2688 243
35 87
980 1832
1840 860
2827 538
831 1459
1960 2407
831 1459
59 2452
831 1459
1656 2922
207 1881
831 1459
1459 831
1275 1352
2331 1987
2663 92
1584 2845
2044 1763
1601 85
1459 831
2864 624
1440 2611
1459 831
2078 1606
831 1459
1459 831
182 2116
2149 1282
1743 2243
866 2000
1010 1287
831 1459
1459 831
1184 342
1350 2336
2673 755
2644 211
1459 831
2651 2096
831 1459
1459 831
831 1459
2747 2683
934 23
1244 1191
2043 748
2944 2389
1623 1431
1459 831
831 1459
831 1459
2413 1490
1324 2622
483 2682
2789 1297
1459 831
2328 747
841 591
1371 657
1459 831
2993 588
1459 831
1828 1357
831 1459
2989 293
1622 1612
1459 831
1406 2186
1540 1630
1008 2796
1459 831
2487 279
106 2148
597 923
1837 2307
1459 831
2623 1906
1459 831
1211 892
1459 831
20 2883
1459 831
668 2127
1242 1828
1459 831
933 1109
606 369
1881 2851
2527 2526
831 1459
850 331
598 1908
831 1459
831 1459
1291 1888
989 2572
1583 2449
1459 831
79 362
763 2813
2307 26
1043 2220
2150 2212
831 1459
1459 831
1204 856
2493 1238
1459 831
1463 1948
2315 1320
416 1354
2392 1666
1459 831
1819 1654
831 1459
2789 2712
631 987
1459 831
825 1049
1459 831
831 1459
1396 771
615 1546
914 885
2739 354
1459 831
465 2196
1878 689
2754 2093
880 2825
277 1809
2745 774
1459 831
831 1459
831 1459
831 1459
1433 2310
2890 1525
460 1356
1459 831
1572 2179
366 215
2241 2369
831 1459
831 1459
1197 451
305 417
831 1459
831 1459
831 1459
1459 831
2918 849
1793 2515
2970 2723
831 1459
2252 2356
2385 645
2969 1928
2671 1985
255 1172
925 2086
1589 2118
271 206
831 1459
590 2226
831 1459
1012 341
1896 174
1680 1053
544 1254
2788 781
1130 1896
1614 2732
831 1459
2511 310
2368 1762
1459 831
1764 2234
501 922
2631 2457
831 1459
328 882
2467 717
2137 2152
2868 1715
661 1916
2127 1708
2602 859
2626 1630
2294 1981
1389 1418
2640 2759
2653 849
140 1840
1462 1265
2684 1518
1459 831
1771 2251
565 2907
750 1167
1599 523
831 1459
1297 962
1779 454
1191 1569
831 1459
2150 1373
312 716
1625 1637
2051 1613
1892 1563
928 809
2157 512
2243 2510
1459 831
1796 324
1459 831
1459 831
1139 2347
1456 1435
810 2666
831 1459
831 1459
831 1459
831 1459
538 373
2136 2298
2427 1956
158 1011
597 2117
831 1459
831 1459
692 599
2627 39
831 1459
1293 111
93 2142
1659 2314
1022 2513
1459 831
1459 831
2567 1545
2508 1407
831 1459
1355 1009
1459 831
2118 482
1002 927
1459 831
1164 1892
1459 831
999 1071
831 1459
2425 2769
2246 694
2891 2693
1459 831
635 1684
1459 831
1780 2338
831 1459
2218 2679
1582 825
2991 1112
308 2856
1358 7
584 1542
2971 718
498 1592
1716 1932
2899 1993
2098 732
1459 831
1479 2797
1994 1227
1260 34
831 1459
1459 831
439 1150
1459 831
2437 1630
2878 103
806 549
831 1459
831 1459
2911 2957
669 1050
343 2009
609 2620
94 1842
2259 762
418 345
1252 2158
305 278
228 641
1843 1993
786 1837
831 1459
2760 1378
673 238
831 1459
831 1459
1459 831
384 436
1999 2150
831 1459
1919 1815
1459 831
2517 1456
2435 2498
1746 710
1559 1689
46 889
58 1877
1459 831
1857 2783
831 1459
1184 1277
1822 1733
1459 831
896 2563
861 1690
202 2138
831 1459
2410 2429
466 1459
831 1459
2051 1087
831 1459
1459 831
1459 831
1573 1430
831 1459
731 1842
831 1459
1997 1679
2255 214
2840 1264
119 220
1442 804
1459 831
1749 2158
98 81
831 1459
1825 1429
1017 2241
2355 2257
1459 831
2434 900
1408 734
15 1814
1361 757
831 1459
2177 503
831 1459
831 1459
924 575
1459 831
2356 2191
2205 1457
117 1341
2857 2431
473 49
1459 831
2070 2976
2524 102
1459 831
1875 2746
2100 1235
2460 1309
272 1666
831 1459
831 1459
831 1459
2354 54
2432 1911
1256 1690
1411 2798
1459 831
369 2908
126 1872
2733 518
831 1459
1698 1611
426 772
916 2057
1995 776
1891 2689
1902 264
1459 831
1805 1010
476 2788
2147 2310
265 2408
1707 544
831 1459
1459 831
1971 2276
2191 2712
2396 1907
2685 2491
635 767
831 1459
808 2552
1459 831
1459 831
2010 515
387 1241
2701 2513
1459 831
1459 831
1672 701
2921 2646
2468 2996
1153 2884
1459 831
1459 831
701 2442
1536 243
551 1017
831 1459
479 2761
381 2399
1733 1862
1395 231
636 2918
2562 1039
1459 831
831 1459
733 1392
831 1459
337 2188
1529 1181
1392 1751
1678 444
681 1906
1459 831
1678 367
1652 10
831 1459
976 2597
556 1334
1074 2401
1459 831
2477 2511
2446 147
1951 2398
614 1694
2669 1269
2635 1579
1459 831
2049 2758
62 79
1908 49
2583 89
148 1350
1791 339
831 1459
1689 386
464 855
2816 609
29 926
1459 831
831 1459
1459 831
1459 831
337 1386
673 2397
1459 831
1783 1139
831 1459
831 1459
720 2382
1176 1481
1588 1258
831 1459
1459 831
1459 831
2331 2912
466 702
2683 592
1761 377
1527 965
2177 2149
2140 1486
119 681
520 2989
831 1459
1459 831
2398 798
1805 1465
1459 831
831 1459
1924 240
1459 831
526 1762
831 1459
1938 2213
831 1459
1459 831
768 2486
1197 1499
2356 459
831 1459
2001 171
2409 1290
358 575
844 1132
436 1272
831 1459
1380 468
2121 1710
2247 182
2412 813
2331 1218
691 2772
1419 1379
2848 2912
2064 2957
831 1459
2031 112
1830 2917
831 1459
1614 629
1118 2144
1472 1211
2354 1851
831 1459
2957 653
2895 1606
2981 1906
2894 2527
2456 1728
1545 724
2924 2619
2572 1408
553 2937
1789 98
222 715
2516 1322
925 1944
831 1459
771 716
669 1927
2560 2510
628 1294
2245 2908
1459 831
2244 1698
1459 831
23 1430
1756 2062
244 2917
542 2642
1795 1757
2189 1114
1564 2205
831 1459
1459 831
1207 659
833 1244
2488 1206
831 1459
2318 595
2510 2731
159 1932
1998 2131
2611 148
897 412
2701 2190
831 1459
263 2006
1720 2696
1462 2998
983 2129
831 1459
255 1365
1459 831
831 1459
413 1128
1615 30
898 1251
2195 671
2523 993
233 436
831 1459
831 1459
1948 1568
2367 667
1459 831
2288 2664
831 1459
831 1459
1459 831
2970 2608
2404 2325
1459 831
1481 673
1459 831
1640 206
2678 2580
1406 1330
612 2977
2525 1664
1615 2713
831 1459
1302 424
2997 2630
1459 831
598 2932
2358 590
831 1459
1459 831
1459 831
1459 831
2466 1147
2288 2114
1459 831
831 1459
368 2496
1776 1086
2317 1117
295 1111
455 2330
1807 2150
831 1459
2885 144
579 1372
2978 295
831 1459
496 2730
1438 2647
2898 1812
9 2006
1284 1312
59 1087
1459 831
2759 1468
58 2481
1480 1710
2315 307
1459 831
1995 2615
1459 831
792 667
2074 394
420 610
1459 831
1022 2533
1459 831
2735 772
2408 626
703 493
360 1028
831 1459
831 1459
2517 1752
1459 831
1582 2892
1705 1871
82 33
2397 361
1459 831
711 1164
1459 831
1263 1114
1459 831
2040 2359
1379 579
686 609
977 4
2340 2171
1803 1384
525 860
2915 1019
374 1852
1870 422
1459 831
831 1459
699 381
831 1459
813 1891
831 1459
2690 1094
1804 506
2323 501
94 704
1459 831
2619 84
525 906
1459 831
831 1459
831 1459
831 1459
1073 1777
831 1459
831 1459
831 1459
2097 982
1678 887
1578 498
831 1459
937 775
1845 1320
2859 1394
2069 52
2250 1540
961 1435
1010 1811
2523 45
621 754
2472 2975
1459 831
2723 2850
1853 2687
1479 2040
831 1459
1459 831
2341 1962
831 1459
381 503
831 1459
1851 1612
1459 831
331 2127
839 2008
827 1620
1977 2489
157 1561
621 2767
1459 831
2982 1953
241 2294
831 1459
731 2599
979 1983
831 1459
1601 2252
2919 886
2820 1882
2559 2859
1287 764
685 2674
1210 2961
1459 831
1459 831
2893 2542
1459 831
1988 2548
1026 737
2392 2558
621 2746
1959 2878
2849 1711
831 1459
2289 2816
289 1535
831 1459
2094 78
2261 704
719 614
2658 2703
2089 2311
1674 61
2299 311
831 1459
58 2176
569 1563
1119 2676
831 1459
1332 2213
2349 1007
79 1526
831 1459
1939 2116
1749 712
306 2560
1459 831
831 1459
831 1459
831 1459
1532 537
1334 2844
645 1382
1459 831
2149 956
651 1359
768 73
1621 788
831 1459
831 1459
841 1700
831 1459
2209 1717
1220 408
1459 831
1459 831
1799 1824
2027 228
831 1459
1459 831
1431 129
2792 1907
1921 1170
2231 1657
1519 2676
231 905
2807 2243
831 1459
1607 1987
769 592
2496 2845
2500 1981
1459 831
1078 2539
1241 600
1226 2959
1459 831
2632 2327
1459 831
1459 831
2073 2703
2937 2271
1459 831
2195 1199
2281 1480
2681 2619
831 1459
1033 1864
1810 1964
831 1459
952 1031
708 1703
911 309
904 1128
1823 575
831 1459
1459 831
611 2535
993 2263
441 1234
831 1459
1053 2422
831 1459
794 2363
831 1459
732 2529
349 2519
182 2413
528 1122
807 838
1169 462
2622 1476
831 1459
700 858
1459 831
831 1459
2480 2793
1807 1372
831 1459
2091 2733
2579 2929
1459 831
2277 2624
1459 831
2412 2286
831 1459
2246 2394
831 1459
831 1459
1459 831
1487 1971
831 1459
1219 1421
2877 242
831 1459
44 2820
1956 302
1071 101
2934 2341
1459 831
831 1459
831 1459
2194 564
340 885
1299 1957
203 2157
1459 831
831 1459
2038 1502
831 1459
1459 831
819 427
1793 1691
2512 668
392 1865
831 1459
2507 2344
2445 2531
1459 831
831 1459
1172 1767
2383 2140
447 1008
636 837
2372 896
831 1459
2447 558
2177 2317
1459 831
1177 2876
511 2569
900 1679
1801 545
831 1459
1459 831
1365 40
2336 2813
831 1459
2884 2930
831 1459
976 926
1090 2364
1634 641
1566 1152
209 1487
1837 2047
1459 831
1459 831
1204 1224
831 1459
831 1459
2144 116
1554 2096
2769 1365
2194 994
487 99
1459 831
1348 1904
1684 477
2034 1456
23 320
195 2242
747 972
2444 394
1831 1041
97 1858
1047 58
1304 468
425 1869
940 1526
831 1459
1875 351
826 698
831 1459
831 1459
1639 2760
2118 965
744 2813
1459 831
831 1459
1838 1483
1459 831
1083 983
1183 479
1485 2283
2088 2284
29 2000
1750 489
2164 2993
2126 891
1866 1072
1459 831
2982 2710
770 1671
1459 831
443 553
2799 2271
2892 115
2309 93
1459 831
2859 561
867 148
1459 831
2963 321
946 930
2164 1271
2926 1760
831 1459
831 1459
2875 2084
1693 2109
1982 2613
2312 193
1459 831
831 1459
707 2489
2821 2571
2950 2149
1895 2461
831 1459
2997 1409
2916 1864
2965 2738
831 1459
230 2393
342 1950
1621 2309
2951 444
1594 2789
317 2329
1023 572
2686 233
1282 300
2213 1596
831 1459
181 797
98 1763
181 190
2284 1922
1073 1038
2650 1541
1459 831
1459 831
2236 1518
1459 831
2184 899
2217 112
757 833
1459 831
831 1459
2194 839
372 1982
1614 828
1499 1391
522 1765
900 1492
644 925
831 1459
2367 361
256 159
253 2020
831 1459
831 1459
1262 1689
1459 831
2020 510
1459 831
2826 1538
1459 831
2548 1921
2855 1506
1987 2502
1098 2043
831 1459
1415 707
1102 1426
831 1459
813 1255
2450 2614
1837 2965
831 1459
2448 952
831 1459
831 1459
460 2255
120 1
831 1459
162 2351
797 246
831 1459
729 1503
1016 2685
2296 2766
223 1135
1682 1370
378 1168
243 1541
2202 1986
1459 831
2649 1753
1459 831
1459 831
2844 232
2743 2708
1719 1297
831 1459
131 2022
2879 1428
2434 814
1096 2282
766 2490
831 1459
1459 831
2200 2294
2655 923
246 2128
1459 831
2814 1664
205 1316
1720 790
831 1459
1459 831
1459 831
320 1874
831 1459
831 1459
1037 2452
443 639
1081 2306
1418 1445
839 1946
1459 831
1459 831
831 1459
831 1459
875 2765
293 2698
2465 1021
755 640
1459 831
1530 1506
621 1574
831 1459
195 2470
2530 933
1218 2353
298 2255
1459 831
2661 1627
2350 979
2442 2764
1829 42
1127 2602
2507 2097
1459 831
2474 1676
1962 897
831 1459
429 1581
831 1459
436 778
1459 831
391 61
831 1459
1459 831
831 1459
2094 1414
1459 831
2795 1767
2400 240
2642 1379
831 1459
1864 2586
2772 2678
831 1459
831 1459
1459 831
831 1459
1003 1796
1459 831
831 1459
831 1459
576 863
1459 831
2496 2048
1459 831
700 2611
831 1459
124 1943
1088 827
443 2437
1437 1928
1459 831
2625 1850
1459 831
254 585
2316 100
1095 104
1054 2349
1571 1363
2388 2215
831 1459
34 36
2725 2050
1970 2844
1459 831
528 2193
2663 2345
300 2920
569 176
831 1459
1459 831
2867 1138
1453 2911
2298 202
1459 831
570 234
1637 147
491 974
1023 214
831 1459
2511 2354
680 862
1459 831
831 1459
1863 2374
325 969
2061 2661
132 854
93 2773
61 2442
1459 831
1674 2464
1327 1147
831 1459
1686 2920
723 473
1459 831
1636 239
1407 2160
2859 2890
831 1459
2707 1594
2839 1836
831 1459
1783 710
1481 2491
1003 2586
1689 2263
1020 763
134 1193
403 930
2882 887
1523 669
831 1459
831 1459
1459 831
1984 1839
831 1459
245 786
2917 2814
1036 1497
831 1459
831 1459
804 820
831 1459
1216 2600
2557 2116
289 344
183 274
1004 1186
1459 831
831 1459
1523 475
935 1736
2006 1186
2807 1435
2819 2445
1459 831
223 946
2950 1835
1459 831
318 1164
831 1459
1459 831
975 844
831 1459
1604 2820
831 1459
1275 1897
889 64
1459 831
407 2114
2767 236
1143 1452
1459 831
2003 1049
919 506
2654 609
1191 1295
165 2389
1915 214
2499 855
988 2132
1459 831
451 1468
831 1459
1143 1031
2984 140
1422 2591
1698 2564
2454 789
1459 831
612 113
1459 831
831 1459
532 2373
1183 120
831 1459
831 1459
2711 385
831 1459
646 1450
88 978
831 1459
1459 831
811 893
831 1459
1459 831
1459 831
524 1903
2422 432
214 2152
831 1459
1554 926
2861 1807
2799 2990
1459 831
95 672
207 1440
1405 1610
554 517
572 2251
2186 2690
1459 831
1087 315
2840 1354
358 2845
831 1459
831 1459
2563 1373
2050 385
831 1459
1459 831
47 221
1227 620
2981 2947
2244 2032
1459 831
2180 1067
831 1459
1641 1398
837 1514
2418 1463
2107 1318
2651 400
1459 831
661 1616
1968 28
2938 1330
2094 1490
2576 5
1567 1769
831 1459
873 2288
1905 446
2597 900
246 2284
1007 108
1459 831
831 1459
1459 831
2144 927
1459 831
1459 831
1355 2942
1325 2242
2759 237
768 145
831 1459
158 1054
831 1459
1459 831
702 2546
27 434
567 2386
1459 831
831 1459
1846 1033
831 1459
1093 2950
830 1331
1459 831
2253 2455
1459 831
80 67
1459 831
831 1459
2037 704
2309 1775
1459 831
1459 831
2706 2701
1459 831
1432 240
932 2607
441 355
2276 1219
2358 281
831 1459
2286 1643
2756 499
1376 1162
1459 831
1804 151
82 2362
2332 867
1074 2800
2898 1591
2904 2829
1459 831
1798 70
992 2115
1459 831
1503 907
1279 2448
1459 831
1151 1212
831 1459
735 354
2177 386
1816 879
600 7
797 2177
162 329
1479 1463
1459 831
2787 1658
1459 831
831 1459
831 1459
831 1459
997 1463
1459 831
831 1459
2642 1056
1950 680
1783 579
1670 1096
132 1097
1108 604
417 276
131 1338
2582 945
1459 831
831 1459
865 1161
2852 2470
2969 709
911 2877
384 1558
2416 2507
984 2201
2722 171
1890 1767
2744 1087
1273 31
1459 831
666 1939
831 1459
2530 77
91 2578
491 1222
2647 913
857 1282
831 1459
831 1459
659 784
1459 831
244 2556
934 1909
1459 831
1090 2351
1459 831
2679 1242
831 1459
1459 831
559 1455
1459 831
1879 294
2162 1796
139 2587
1105 1237
1962 2432
2283 640
1414 2253
1459 831
1459 831
2613 2056
1301 2581
951 68
1818 1984
831 1459
831 1459
1983 1287
1233 1007
808 952
340 741
658 1438
448 1614
831 1459
2093 1678
194 956
2609 193
1007 1894
461 1408
469 2084
95 1185
1621 2405
1268 1114
831 1459
2553 203
2595 886
1459 831
713 2452
1459 831
1752 2211
831 1459
1930 1010
1459 831
1155 454
831 1459
1732 782
410 2847
831 1459
2790 195
533 978
1766 1201
2233 1603
1459 831
83 792
2282 2555
831 1459
1459 831
2009 974
2447 1118
692 1384
891 2313
2940 2861
205 1378
2531 1473
831 1459
2428 1529
1757 409
95 753
1228 2326
1413 579
856 1648
1870 1216
1600 776
2384 218
1339 999
2373 285
2417 1476
971 2351
1275 784
2850 2158
1385 2779
831 1459
1459 831
282 870
962 192
2546 2479
890 1126
1896 685
91 2857
2781 2519
1459 831
831 1459
1775 1206
313 1223
693 2981
1459 831
1059 1337
1574 1918
1234 270
831 1459
180 1483
1459 831
1745 2771
98 1063
2640 1644
831 1459
2309 1255
831 1459
2451 368
831 1459
40 1059
1459 831
1459 831
831 1459
831 1459
1296 2796
84 2511
1458 218
1459 831
196 2814
2957 1407
831 1459
2414 644
2946 1459
2919 2740
286 1074
831 1459
2474 1932
831 1459
1459 831
2852 2001
974 924
831 1459
375 133
2676 1481
2988 953
2710 2159
2860 1352
1834 2712
1896 1596
831 1459
831 1459
518 1585
989 1652
1459 831
977 1604
951 318
1118 259
2892 4
831 1459
1401 2508
831 1459
2448 2487
728 2763
831 1459
2035 1738
1163 2033
831 1459
482 2689
831 1459
831 1459
1459 831
1000 1235
1459 831
459 2908
788 1114
575 892
1974 2135
1733 2429
1459 831
2812 172
1459 831
1178 1887
1459 831
2221 386
1459 831
1898 1583
618 1126
2870 1231
847 1516
881 1494
1866 1645
268 2232
831 1459
2866 83
831 1459
1273 1426
571 99
636 1816
831 1459
2621 2521
2219 1991
2982 2381
1459 831
1046 2373
1523 1604
650 2831
1121 1600
168 590
145 784
853 1827
831 1459
831 1459
43 1856
198 2188
1155 1249
1527 1516
183 1575
1459 831
804 1192
1449 2470
2320 419
1459 831
2530 525
502 2085
1623 872
1093 1378
2880 1884
1459 831
1618 2537
2270 1327
1459 831
1459 831
2137 1107
831 1459
1005 2710
930 234
831 1459
445 1471
2161 2047
589 398
833 1316
831 1459
2325 2971
465 1482
1459 831
1459 831
2812 1999
345 702
831 1459
1837 1595
1459 831
1459 831
1346 2753
1568 2650
2420 1386
831 1459
201 1205
475 1592
831 1459
831 1459
1529 439
477 1499
797 512
2168 2479
745 2138
1459 831
2270 1549
512 675
1459 831
2238 414
2721 1198
1612 1302
2674 3
831 1459
2524 2357
2834 678
1869 1246
1757 501
1011 953
2178 1659
2367 678
831 1459
831 1459
831 1459
643 2148
859 668
831 1459
1472 147
831 1459
831 1459
1840 2202
94 221
169 457
831 1459
2400 1639
831 1459
307 1021
1459 831
2009 367
1459 831
58 474
1459 831
1021 2851
2972 406
831 1459
2106 254
831 1459
2067 2231
846 434
1095 2262
130 2732
1974 959
427 2312
2668 46
2527 831
831 1459
281 2046
2624 732
2142 326
482 2979
605 2047
216 2152
1459 831
121 1166
1111 858
2830 2822
831 1459
2466 2391
2983 866
404 2639
2710 2067
2404 930
1459 831
2724 164
831 1459
760 961
1783 2907
929 837
2584 692
1753 2357
1557 276
798 173
1266 1071
1459 831
581 143
603 573
855 428
857 2990
1459 831
1217 1274
1310 231
831 1459
1459 831
1521 2089
1040 542
1380 757
1322 1259
2025 1887
1252 656
173 1360
1459 831
151 2270
2367 165
2365 2345
725 2582
826 2349
1321 1607
1459 831
831 1459
1237 477
1459 831
2276 102
2803 2960
1690 2406
85 2032
2283 1531
2175 735
2318 1989
2959 1309
2447 2646
999 1289
1482 570
1721 1350
721 453
2922 1067
1231 334
831 1459
1983 1266
2133 2326
1454 78
115 2420
1459 831
1925 1700
1053 735
831 1459
757 2992
831 1459
1737 2195
1371 1622
831 1459
2233 2994
1100 973
1601 68
1252 1372
2675 1180
1459 831
4 2733
1771 2537
12 1343
2391 2207
2857 805
831 1459
1459 831
1459 831
2533 2740
831 1459
2242 2629
831 1459
150 549
2708 1167
2071 2024
1643 447
1459 831
1459 831
2405 1173
42 2334
1364 2049
1861 784
831 1459
1434 1790
1459 831
831 1459
2923 422
2592 1472
1539 1939
1459 831
1826 712
219 1156
1371 2500
1459 831
1572 436
869 1280
530 650
1554 889
2819 645
831 1459
1459 831
2658 2545
2246 1688
831 1459
1383 2367
1459 831
653 2275
704 1132
2218 2325
1204 639
898 2036
1459 831
831 1459
11 1095
831 1459
1459 831
1459 831
2206 2584
1162 2042
1459 831
2349 2264
188 384
1826 1857
1940 1163
828 523
1184 2324
1987 665
1972 409
1459 831
1459 831
1459 831
1459 831
1459 831
1616 668
2392 2702
1459 831
1459 831
1237 1675
2228 2839
1024 1581
831 1459
1459 831
2884 2315
2576 1293
163 1963
1459 831
1459 831
831 1459
831 1459
1459 831
1459 831
1367 2881
950 978
2835 1899
300 1054
787 1241
445 969
2013 1066
1459 831
831 1459
1459 831
284 2
2542 116
831 1459
1194 2211
2821 827
1280 1667
2960 654
831 1459
1227 1836
1459 831
2278 2242
1100 2242
1316 1160
831 1459
332 277
2589 2154
1837 324
1459 831
626 823
1437 499
291 2740
631 1537
2849 1717
2654 2985
1355 2861
2503 2346
394 2377
503 2040
831 1459
831 1459
243 2592
1000 487
160 519
831 1459
1574 1014
2366 1077
1567 1035
1095 1280
831 1459
538 380
68 2268
1486 2083
1459 831
1562 2402
2869 1576
831 1459
1227 1742
677 2729
2927 1311
1459 831
2451 2067
1790 2582
1459 831
2474 37
2700 2910
1459 831
1781 2277
953 1296
1019 1310
1847 721
2717 1978
1970 153
831 1459
831 1459
1711 1880
2065 2300
1459 831
1774 237
1095 1215
1204 941
831 1459
1600 419
211 2947
831 1459
439 626
627 1654
2002 1005
260 1843
831 1459
831 1459
1459 831
831 1459
831 1459
1265 1828
575 2500
2940 2073
597 1650
77 1296
831 1459
1459 831
831 1459
2483 1504
1413 1081
175 1675
2352 1630
1459 831
1016 346
1459 831
1917 249
172 1372
2529 2643
897 1080
831 1459
1360 1818
1569 927
1994 220
858 2894
360 479
2916 1346
449 1269
1191 2864
2839 1411
916 659
2881 2005
1459 831
2335 2584
991 1930
831 1459
2383 1286
1459 831
1342 936
840 300
1459 831
1459 831
1459 831
1459 831
831 1459
1536 2987
831 1459
2972 2110
2015 145
1459 831
1459 831
1199 2006
361 1001
1459 831
547 978
831 1459
603 105
841 112
1739 851
1460 998
277 1398
2041 2605
1459 831
27 1581
1459 831
1459 831
104 1691
780 2642
1565 2491
2933 470
2355 2119
1138 208
2944 2347
206 2872
831 1459
2024 1803
1624 1558
459 260
1097 1829
586 2824
831 1459
1943 629
831 1459
1459 831
555 865
832 902
2164 511
831 1459
1459 831
1249 1939
831 1459
1588 2556
831 1459
2887 660
1979 251
831 1459
831 1459
831 1459
559 406
295 605
1307 723
2401 493
2037 900
2496 680
1459 831
202 1036
1459 831
1204 986
1459 831
1870 2280
287 1930
831 1459
1535 1893
1459 831
251 1559
2472 2984
2895 2199
569 1209
505 2062
2571 1366
831 1459
1010 1921
2881 344
1459 831
2331 2811
1256 1206
931 1270
2807 1310
1012 833
610 1205
2109 79
831 1459
1283 2253
831 1459
702 1422
612 1954
1968 2247
831 1459
762 2403
744 2202
831 1459
1459 831
1518 1795
1459 831
831 1459
783 1531
572 819
1459 831
2874 567
2685 154
1485 728
1459 831
831 1459
1057 2831
1881 471
1841 2640
621 1406
1459 831
1271 2613
1459 831
1641 2127
2259 2238
831 1459
1542 1861
2262 72
2199 2382
1439 513
2619 1901
1459 831
831 1459
1055 1668
1459 831
2088 621
581 207
1003 1303
470 849
1459 831
831 1459
831 1459
1365 15
2329 2970
1801 1803
1459 831
2161 2034
2191 446
468 2288
1174 1152
292 1411
1459 831
795 2943
831 1459
2197 1992
2319 947
1314 2564
831 1459
1459 831
1932 2051
1486 773
1459 831
831 1459
651 1410
1769 899
2614 24
2596 136
2559 2906
10 1886
1497 77
67 2190
1459 831
146 2907
1459 831
831 1459
1220 1265
1459 831
1459 831
1580 1783
1459 831
831 1459
1727 2926
1545 1869
1201 575
1459 831
831 1459
1338 826
831 1459
644 964
167 1875
940 4
1050 1461
332 2140
831 1459
831 1459
1253 1823
831 1459
2901 2781
2527 1489
904 1281
2692 1198
722 519
1459 831
1459 831
831 1459
394 1423
1641 2134
1698 74
1459 831
831 1459
1459 831
1469 1407
1459 831
1459 831
831 1459
2481 1455
2659 786
831 1459
1153 1482
1459 831
1459 831
442 2499
1299 1056
2718 2612
1459 831
1459 831
1459 831
1459 831
831 1459
1459 831
5 1242
1459 831
396 1990
1459 831
1459 831
137 890
2283 1085
2341 285
6 2273
2835 1407
2982 909
831 1459
831 1459
877 2272
2654 352
586 655
2497 1713
2783 2944
446 2442
2457 2215
1138 2644
831 1459
133 2970
773 7
2814 2332
1141 1581
361 377
1459 831
101 2002
1459 831
113 1364
591 202
1961 2723
2130 1113
831 1459
703 2790
831 1459
1641 51
1459 831
2023 2457
831 1459
1771 847
939 2880
1459 831
31 2877
1487 1918
1459 831
575 1005
1737 656
1891 361
1237 1885
1583 810
1459 831
831 1459
1308 191
230 1456
745 1754
1459 831
2123 1642
831 1459
1459 831
1459 831
831 1459
2919 1641
831 1459
1459 831
1970 2206
263 508
1459 831
2499 1186
1459 831
831 1459
1497 789
1459 831
2998 2696
1459 831
2728 1467
173 2406
831 1459
831 1459
1820 844
1956 2480
2067 1817
416 85
1459 831
1459 831
1044 168
2657 2627
1803 2995
1459 831
1459 831
114 1499
1729 1803
278 2824
132 2987
831 1459
447 1544
1273 1722
1674 2757
1651 681
2173 1814
831 1459
2135 234
1459 831
1459 831
831 1459
1459 831
1827 662
1889 2369
1657 2537
1206 435
2571 835
2601 1971
498 749
918 1164
2539 1224
948 1581
533 387
734 1107
2354 455
765 2083
303 1113
891 1779
831 1459
1459 831
1107 1072
2351 1340
2330 1411
994 769
762 1444
1459 831
816 268
831 1459
1435 785
2955 2693
87 2297
1459 831
2132 2638
2769 2430
2939 30
2105 2477
435 1774
2 32
1643 1836
831 1459
1398 2879
1522 4
1459 831
1728 1590
2900 852
2043 425
831 1459
691 1310
1459 831
2179 2778
831 1459
2809 1809
1459 831
1000 2849
831 1459
1052 1882
2571 1417
1634 1108
1459 831
1459 831
1459 831
943 2362
831 1459
432 539
1837 111
1459 831
831 1459
2649 1011
1459 831
2449 754
1494 2731
1633 2290
996 2077
163 45
1671 1244
2468 17
2882 2897
2775 1518
1459 831
703 1045
771 1342
2121 1353
2960 2054
2080 907
2785 1162
2261 730
958 2604
1002 2581
2855 1466
868 2684
1457 42
1218 1238
369 2765
2089 791
1851 2159
1245 2006
2526 1398
1459 831
574 932
2647 2162
1880 969
1459 831
1990 1260
2560 117
1459 831
2051 1101
519 2570
1883 495
222 2128
393 124
1917 2669
831 1459
800 439
1459 831
1691 2574
1459 831
233 2757
2178 1628
2823 1826
1459 831
2464 2741
1199 2957
1184 25
1459 831
2476 1962
1459 831
1459 831
2159 1903
598 2303
831 1459
1459 831
1441 2780
2834 2226
2683 86
2495 1523
1280 1050
1684 2377
2420 18
831 1459
931 2973
1126 1528
1157 1549
831 1459
831 1459
2462 906
1708 565
1455 912
1459 831
2020 475
1128 2795
698 2613
2582 284
583 1068
371 255
500 1510
556 2583
1459 831
2411 1210
831 1459
1459 831
2902 1693
1459 831
1767 1191
831 1459
1459 831
831 1459
2820 2802
2916 1693
789 2583
2133 2248
1680 1077
1734 1705
514 1573
2296 2571
831 1459
1025 2462
2841 1523
264 2678
153 2851
2846 1422
831 1459
227 1072
2923 415
2189 2787
831 1459
831 1459
1459 831
7 1677
470 1320
916 1410
165 760
1459 831
1440 2445
1637 351
831 1459
738 654
831 1459
2531 2398
1719 1929
2660 1263
1427 2342
2466 1028
1905 929
1783 2738
1224 875
831 1459
1037 1837
831 1459
2960 2142
831 1459
816 1971
1148 479
1069 1276
548 959
1420 60
2388 631
831 1459
2863 1794
1689 2951
1303 2285
1349 743
2945 2277
2235 1769
1388 1715
371 2797
1093 342
2797 2959
1493 231
2101 1856
831 1459
1410 1811
2421 1543
1169 2437
1459 831
618 2361
1459 831
1459 831
1459 831
831 1459
831 1459
2758 922
1459 831
1556 1243
336 1295
633 2550
2777 198
897 369
2915 469
831 1459
2687 234
2683 2023
921 1186
940 2282
831 1459
2263 2835
1270 2238
1463 2764
1459 831
831 1459
2353 1679
1459 831
2494 180
1459 831
741 2222
2264 1876
280 1172
2031 2531
1180 2490
2838 924
1573 2217
1384 1141
2348 756
1462 1369
831 1459
738 1343
1619 1830
1459 831
831 1459
2586 1073
1459 831
1922 2113
1041 569
831 1459
2810 1676
2969 2407
873 2991
437 906
2148 760
2472 836
722 691
1648 2673
580 1306
1568 2816
2746 1360
2192 1368
831 1459
1459 831
325 296
2571 2892
1652 2509
831 1459
1459 831
1459 831
1777 1067
66 1061
1509 1289
831 1459
187 1458
2756 1461
193 1927
2483 1408
916 1974
1617 1528
1459 831
254 195
1090 221
2642 105
126 2405
831 1459
1459 831
2247 1504
305 494
59 2481
2047 1767
2010 2185
2688 2908
2144 1482
831 1459
1393 1186
1459 831
1459 831
2567 243
1070 617
831 1459
1778 1654
1145 429
1725 38
2881 2594
831 1459
230 890
831 1459
1365 2247
1093 1220
341 1648
1334 2614
239 1987
759 122
1928 1374
873 2381
2329 2011
883 273
1057 2326
1459 831
1459 831
1459 831
1475 97
1018 233
831 1459
1891 2732
2095 2367
2191 396
1426 2596
831 1459
2835 1057
831 1459
1459 831
230 2816
58 559
1933 2686
1459 831
797 1710
2671 1607
1884 1819
2808 1837
1945 2953
1475 1788
1459 831
1459 831
1629 1096
2392 2415
2545 2204
1805 1551
831 1459
1649 1851
541 1399
584 2986
959 1428
1472 1648
831 1459
1813 333
1135 2200
2425 929
831 1459
573 1298
1459 831
831 1459
428 346
509 2501
831 1459
1707 1803
426 1049
1459 831
1484 2983
874 1590
2721 2776
2874 1853
1595 560
2513 846
1670 1515
1750 827
25 2018
2205 2605
2589 2226
2501 315
1696 99
222 2246
1641 2320
2955 561
1460 2810
2467 864
1425 2331
831 1459
881 360
221 2741
318 891
460 295
1722 535
1459 831
1920 2097
715 2271
1459 831
1459 831
1459 831
841 55
2864 1422
2531 862
2991 2426
1459 831
1459 831
1459 831
2234 873
1459 831
1076 927
2107 617
1459 831
1449 2299
2026 2629
719 358
206 2142
2551 746
1980 2788
1893 1482
831 1459
2802 1202
831 1459
324 2863
874 2833
674 1161
1646 1124
1248 2275
831 1459
1459 831
2203 541
1777 1238
2548 2792
1459 831
868 1520
133 2446
1957 2274
2295 2434
2734 1704
766 280
291 2193
505 383
1906 27
2191 2210
2571 93
2118 2551
831 1459
831 1459
831 1459
831 1459
724 2523
2235 2924
831 1459
18 1733
2295 2265
2517 35
782 1225
106 1258
831 1459
39 1733
399 1810
330 1315
340 1913
544 301
2580 334
767 529
831 1459
877 1938
711 2475
2114 765
2102 1198
2454 2185
1459 831
22 1455
1556 1461
1422 2509
1282 2287
831 1459
1459 831
1621 1278
831 1459
1984 2424
2400 846
1459 831
831 1459
1459 831
1337 489
966 2173
1986 127
1459 831
488 1516
2258 422
1459 831
1526 2258
2669 2860
1243 2248
1944 403
2794 838
2382 2041
617 2864
831 1459
1459 831
48 682
818 1611
831 1459
1459 831
1459 831
1365 332
2811 2254
2605 1707
943 960
725 2705
1459 2682
1459 831
831 1459
777 1043
1617 383
1313 2038
831 1459
1832 2676
614 1700
1703 973
1116 1687
831 1459
2619 2476
3 2444
1459 831
729 1989
2552 577
1852 281
1459 831
1930 959
1063 2072
831 1459
1459 831
1901 305
2737 922
635 815
757 1521
2632 815
831 1459
2860 2140
581 2911
2646 383
1518 701
325 566
670 880
2724 1868
1459 831
1996 2200
1819 2405
2967 1731
831 1459
831 1459
2971 1378
26 215
2219 1503
73 1198
2729 700
1459 831
831 1459
2312 1671
1598 1397
1459 831
262 1073
1459 831
831 1459
831 1459
2785 2908
2856 1836
768 423
831 1459
1458 1726
1459 831
813 2017
1143 2796
831 1459
831 1459
2747 1206
2008 1360
650 2101
1459 831
831 1459
37 2439
1459 831
2290 2486
827 993
2852 2639
1459 831
2717 2897
2349 646
1459 831
1459 831
831 1459
1320 369
1459 831
297 918
1545 1568
2860 1778
1185 752
2317 2527
1807 1440
1103 1428
736 1055
831 1459
1634 2151
663 2255
2795 523
1534 526
2145 659
1650 2879
2440 1536
831 1459
1459 831
1017 2990
1457 1286
1459 831
287 448
831 1459
1687 126
831 1459
1891 154
1642 1533
831 1459
594 1810
1692 910
2673 2414
831 1459
1821 2615
798 1530
2595 2995
830 671
2784 2571
1459 831
790 2965
213 2324
506 705
1459 831
1459 831
2863 1645
533 145
831 1459
53 291
588 1319
527 2699
831 1459
181 1640
2429 15
275 2516
1382 2150
1459 831
797 69
2482 1893
2992 2864
1459 831
1614 1041
2939 10
1438 545
1459 831
1459 831
1459 831
106 654
393 1110
1155 1056
831 1459
1059 1346
1459 831
1459 831
1459 831
1459 831
708 227
831 1459
1684 2200
2103 231
2415 2454
2296 2740
1526 2639
1459 831
455 300
1459 831
922 2061
494 2869
174 1102
1724 2714
398 2217
1459 831
2158 808
1809 1946
1322 676
660 563
1805 1339
2509 1002
1459 831
1398 2168
769 260
1459 831
381 2824
2440 2483
1544 378
1295 1194
2171 2669
1806 907
625 523
858 2932
831 1459
1992 2081
831 1459
1976 1477
43 929
1354 2078
1459 831
2434 609
831 1459
2880 917
1459 831
1381 1682
831 1459
2723 1812
1459 831
831 1459
420 1703
831 1459
288 1556
612 940
2202 2743
1779 680
2851 2437
1459 831
885 786
2943 2561
2956 2667
204 327
2184 1231
167 1324
831 1459
831 1459
816 1966
1459 831
831 1459
640 181
934 2515
810 2864
346 1982
831 1459
2529 1938
1815 1699
2744 1492
1459 831
831 1459
1459 831
649 1409
390 1078
582 2271
2921 343
831 1459
2337 370
1459 831
831 1459
1077 149
1649 141
865 692
831 1459
1673 1513
831 1459
1104 1731
545 2343
831 1459
2411 2203
507 1705
1459 831
2384 1911
831 1459
852 711
98 889
1459 831
831 1459
1459 831
1459 831
2030 1016
777 1844
1459 831
2660 2956
1683 2231
1459 831
97 1244
1314 2704
198 43
2900 2303
1174 125
831 1459
1791 1436
2587 2252
1757 2286
2759 2494
2985 1956
1397 1549
2715 1189
2987 1071
1407 2863
831 1459
831 1459
1971 1704
17 1048
1459 831
1459 831
831 1459
1459 831
897 2253
196 844
178 1786
760 2373
1459 831
2091 952
951 1393
1154 1699
1505 2704
1487 2143
1459 831
831 1459
831 1459
1653 1925
1907 2981
1305 2104
1322 2867
1478 2144
912 2389
1459 831
511 2301
831 1459
1758 579
2958 256
1459 831
831 1459
2276 860
2077 2548
1675 76
1237 2704
2099 511
831 1459
556 467
1958 1544
1459 831
793 2884
2551 1201
1459 831
197 1157
318 760
264 784
201 653
695 2039
371 625
316 683
165 82
831 1459
1901 2504
1018 402
981 1654
1772 685
831 1459
1459 831
1081 2538
386 2333
1459 831
1459 831
2690 406
831 1459
1459 831
1984 37
1459 831
1167 2210
2639 670
85 1082
831 1459
1510 2374
831 1459
1256 1563
1459 831
2303 1455
1061 2684
831 1459
2699 2205
18 302
1459 831
1735 1179
1459 831
831 1459
831 1459
2840 2283
229 1488
1244 2377
1431 933
2910 2669
831 1459
2155 625
1459 831
2958 1680
2310 1262
1459 831
1594 2942
1459 831
867 115
1209 895
60 647
831 1459
1272 2528
2582 85
2615 2214
1078 547
2095 2375
831 1459
1654 343
1914 53
831 1459
395 2818
522 1143
831 1459
1836 1912
1097 1987
1459 831
831 1459
121 1964
2807 1837
831 1459
831 1459
1459 831
1459 831
1358 1117
1459 831
1330 2020
92 1695
1459 831
2009 1673
548 1149
1825 301
831 1459
1460 2651
2709 2282
30 1686
392 2558
1449 990
1865 1853
831 1459
918 490
1459 831
2466 468
149 173
1789 2555
1459 831
453 1858
831 1459
1802 527
831 1459
1459 831
831 1459
2617 1713
1410 2990
831 1459
1598 1341
1459 831
2045 421
1459 831
1240 2033
2488 2632
930 2894
2132 954
126 2456
2611 2423
831 1459
129 2382
431 54
1459 831
831 1459
1459 831
292 2638
1459 831
831 1459
2440 824
799 1154
2084 2354
2187 1655
1516 1036
2843 223
1515 661
2470 633
2174 851
831 1459
1459 831
194 1579
13 2755
2098 410
2188 1706
1769 1176
1459 831
743 2838
1459 831
1080 25
2139 972
1459 831
1455 2316
2388 87
1459 831
2539 1537
1459 831
937 2115
913 2968
2023 365
831 1459
215 1841
1404 2163
995 2482
1573 2698
772 2548
2154 653
2015 68
240 1738
2005 213
2432 519
2042 2863
289 1727
972 1554
831 1459
831 1459
1387 543
1452 1986
1005 2263
794 2176
1459 831
264 1898
2696 1712
1316 465
1459 831
1352 346
1526 1227
831 1459
704 412
86 315
2077 289
682 2776
295 2268
88 2776
688 2391
2493 616
831 1459
1753 1983
1178 1818
831 1459
223 2102
2914 1545
1206 1508
831 1459
1844 2767
2356 1931
2209 2239
2316 2812
31 2984
831 1459
258 606
1378 1492
831 1459
831 1459
1848 590
831 1459
1188 2180
384 906
831 1459
2 1227
1360 150
831 1459
831 1459
2217 1288
1428 2052
1459 831
2470 2067
2141 27
831 1459
1270 626
1604 1846
1517 2115
1459 831
643 511
1459 831
831 1459
1459 831
2171 85
831 1459
2482 65
1459 831
831 1459
1762 2978
2157 1766
1049 2488
70 450
831 1459
1809 2917
831 1459
2565 2080
1441 1515
2778 288
1510 1592
671 2047
831 1459
1459 831
601 2405
2573 2429
831 1459
831 1459
129 1366
921 1244
595 453
1459 831
2719 919
113 329
1459 831
1510 1976
673 289
2963 1311
1382 22
1459 831
2506 1749
2556 1635
1459 831
2436 1166
1459 831
2047 147
2683 1822
1066 2275
1467 2017
2709 1353
2095 1472
2260 573
66 954
2141 1372
1459 831
2485 2200
342 787
682 1365
1256 1342
2846 276
870 1251
1459 831
585 2923
2953 2958
831 1459
1459 831
831 1459
1459 831
518 1580
1459 831
2996 928
1459 831
2368 2494
1459 831
659 1157
1885 1999
831 1459
831 1459
868 1116
831 1459
1715 2828
2056 2210
2993 2791
2027 360
2154 80
1304 14
2443 1085
1459 831
408 2894
2059 2125
2923 963
1459 831
1459 831
1106 1580
1409 2374
902 2104
44 845
1459 831
2646 811
1697 1814
1459 831
380 1410
2569 2918
1830 716
202 1778
831 1459
1570 1616
646 2449
831 1459
1459 831
1393 2980
1821 2290
2457 2838
831 1459
937 986
1459 831
321 2732
831 1459
615 2775
831 1459
1953 1916
429 413
1033 2821
1459 831
2934 1237
831 1459
831 1459
880 2696
2724 1075
1459 831
2534 719
831 1459
2625 1376
1612 1619
209 377
1002 284
519 2928
1489 2339
831 1459
1158 1139
1876 2172
2360 1630
831 1459
2070 1711
1141 525
1107 1160
1459 831
1567 2738
831 1459
941 2866
2316 65
1004 903
2403 2135
831 1459
2980 368
831 1459
1459 831
831 1459
1743 1378
4 1037
831 1459
2540 2564
1801 2130
2676 2574
742 1371
1881 2164
297 1624
2046 2160
2443 329
2578 105
2033 392
739 2092
831 1459
1327 226
872 2386
831 1459
1459 831
831 1459
1459 831
2677 2106
523 2787
304 1700
2011 1913
831 1459
1240 2677
1459 831
1466 2489
464 1932
933 1133
2670 778
831 1459
2435 472
1459 831
831 1459
2529 2539
269 262
2132 2567
73 3
319 2894
831 1459
2926 2500
831 1459
2972 2137
1898 2339
1459 831
831 1459
2026 1116
1832 2641
1444 1876
1459 831
915 2382
2645 703
2850 1179
998 666
2396 1154
1459 831
897 1306
1005 2781
375 634
2089 1510
2859 909
831 1459
1084 1282
2541 378
1987 1689
1542 1754
1406 1242
258 1976
2111 2922
1459 831
1459 831
831 1459
2578 636
2867 2776
831 1459
541 1206
1459 831
2932 2368
831 1459
2656 1264
1367 225
1459 831
847 1331
1459 831
1459 831
831 1459
2019 2532
1201 2713
1459 831
1057 289
1100 1885
34 2620
2297 2231
222 2900
305 496
2917 2511
2429 2727
1365 2885
831 1459
707 2245
2127 1013
732 2216
1945 1495
2772 1680
2965 164
7 1976
2386 1112
1861 355
1459 831
2803 211
210 2447
135 2971
1459 831
2014 1282
979 2192
2149 391
831 1459
1459 831
281 1990
2419 2355
1896 783
1694 2516
1459 831
1714 111
870 42
1361 457
831 1459
2292 1568
2008 2794
2764 1727
1679 1826
64 527
728 867
1459 831
831 1459
831 1459
1427 2306
1459 831
932 400
1459 831
2022 1386
831 1459
1459 831
1459 831
2775 651
2374 1487
831 1459
262 1641
1883 144
834 2864
952 1040
623 1510
1279 1867
2825 2720
1459 831
2059 2987
2252 1019
140 1456
1459 831
1307 2844
145 2308
2264 1517
2675 1696
1951 2389
2787 124
758 40
2859 2972
2198 2750
1459 831
1709 1777
657 974
1081 2354
100 2962
2550 2841
7 2869
1704 2768
2777 188
991 2846
1234 1039
2001 947
831 1459
2013 355
1486 1028
1762 2528
831 1459
1459 831
2191 668
2131 2475
1561 1617
2297 2649
1459 831
1694 1866
1459 831
2657 2390
831 1459
831 1459
831 1459
750 2787
148 2711
2421 1056
551 351
1415 619
1459 831
2595 1646
660 63
1459 831
1550 1696
831 1459
2445 2167
2074 2404
551 2075
831 1459
22 1205
1132 959
193 609
587 2977
831 1459
2543 1341
1459 831
2104 647
1169 2230
526 2105
2944 1679
616 1311
432 2224
980 2104
1887 485
831 1459
831 1459
1928 176
14 416
2235 1068
598 839
623 774
353 20
402 820
479 1686
323 951
2243 1312
1709 375
604 2414
2378 2544
2126 276
1486 876
1560 703
2159 891
2040 2498
831 1459
1058 1779
1724 1136
2791 2832
2708 2742
1459 831
963 1332
2960 1141
1971 1342
831 1459
831 1459
393 875
417 368
1459 831
2526 1644
831 1459
520 1849
1459 831
478 535
1759 1150
1459 831
146 912
2654 1300
1712 306
831 1459
1459 831
2254 634
831 1459
580 2193
2001 876
2734 1956
1170 870
2854 2698
831 1459
2021 2292
1999 143
1167 2026
1747 868
344 2048
1295 1695
909 2300
1291 1920
1132 868
1459 831
1459 831
831 1459
2104 1068
1459 831
2520 2028
1459 831
927 560
662 711
2229 1072
555 214
2243 285
1459 831
2231 1698
2897 2971
831 1459
849 1120
1571 1199
1459 831
1410 1788
1903 763
1993 2335
1459 831
71 1612
2442 435
1891 908
1459 831
758 2642
612 1467
1297 194
2851 2449
2498 1135
1268 1413
728 1239
89 1545
831 1459
475 2012
1360 1810
1924 1785
1831 504
2986 2370
717 2024
2758 149
831 1459
831 1459
2189 2239
1178 2604
2075 1235
1758 479
1459 831
831 1459
831 1459
860 2955
831 1459
831 1459
831 1459
1929 419
1911 2544
428 1261
2692 194
831 1459
2888 2055
1459 831
14 399
831 1459
2056 1869
1898 2153
831 1459
1526 1209
831 1459
1373 909
1486 1259
831 1459
831 1459
1459 831
1459 831
831 1459
1714 215
249 1432
1055 1588
2766 2622
1944 2189
1677 1073
2602 2051
596 440
1459 831
2937 80
2731 2670
1528 2216
687 1351
2485 1549
2056 744
1008 349
831 1459
1829 26
831 1459
1459 831
1908 1150
1921 2534
2 543
1216 2380
321 1230
1459 831
831 1459
831 1459
831 1459
1459 831
934 132
2407 2122
2458 2920
2529 1035
1333 1501
2531 1366
17 1207
2665 2367
570 2198
595 621
136 2616
510 1275
341 1749
2722 1787
1459 831
831 1459
1494 2430
2031 2605
1459 831
1995 1245
831 1459
1988 1025
2091 740
1657 467
1419 1375
1459 831
2878 917
130 2662
2370 2616
1459 831
2516 1941
2140 1276
2119 775
2865 2106
957 1990
2353 493
831 1459
1434 1272
1488 519
894 2939
1571 174
299 2581
1572 1411
831 1459
2248 1359
986 503
2734 387
831 1459
1459 831
618 155
316 40
1537 2828
831 1459
1459 831
567 1909
1234 1200
233 1191
1053 880
1459 831
1041 2009
2797 2512
310 15
2676 142
672 457
1102 2591
2182 2311
1921 2605
2512 700
1459 831
831 1459
831 1459
1085 1298
1459 831
512 122
831 1459
654 909
831 1459
372 706
1459 831
1810 1503
1126 2525
2551 2193
1122 2965
1517 2833
2842 263
1459 831
2624 2326
2004 2196
2799 1216
2581 2846
1636 2406
1981 653
896 1153
2954 2620
258 263
1226 83
2170 1954
831 1459
2608 2924
1101 1711
2554 2939
1459 831
831 1459
2858 1447
831 1459
952 1293
2122 1797
1459 831
81 605
1234 1906
1459 831
2113 2292
1375 1425
2187 1944
831 1459
1459 831
1290 2869
76 2501
2825 1649
160 1122
831 1459
2858 2078
232 2239
2129 1753
1557 1209
591 1875
1318 2967
831 1459
776 1591
831 1459
1289 525
1459 831
1857 2248
1459 831
1459 831
831 1459
1459 831
2205 2975
831 1459
1889 653
2753 1233
831 1459
2312 402
831 1459
775 1538
703 2751
874 2474
788 1363
1459 831
831 1459
1459 831
1459 831
210 1964
337 258
2085 2703
1459 831
2625 1449
2512 2745
2587 2766
268 310
185 144
1792 67
1068 899
270 728
1009 1330
2651 2356
1459 831
1459 831
2355 2111
2783 219
919 1987
1046 1540
831 1459
1459 831
831 1459
1536 2936
831 1459
1777 2448
1012 1203
2095 1053
1007 2300
405 1749
831 1459
1459 831
982 1320
2092 2463
410 2907
186 694
1459 831
1610 1840
1459 831
675 2548
1809 25
1370 2298
1459 831
733 1792
2383 2797
1459 831
2068 1989
831 1459
1459 831
722 442
2309 1709
2809 1243
1574 1621
1459 831
904 530
122 663
2031 1374
831 1459
944 2139
87 2811
2273 717
1370 2168
729 2762
805 885
381 2228
1459 831
2148 1903
1459 831
2126 1672
668 2020
1459 831
2271 239
831 1459
1459 831
2129 1110
831 1459
614 2045
2168 240
693 1947
831 1459
519 2660
263 481
831 1459
1459 831
1459 831
1459 831
2918 1459
2431 220
1459 831
1021 1617
831 1459
2212 853
2192 1406
831 1459
565 668
1882 714
374 2809
443 2642
2732 1836
1148 636
544 1257
296 1457
1459 831
831 1459
1459 831
1948 1675
1394 136
855 1844
1459 831
1556 946
2582 2027
1459 831
1704 2065
1211 1576
1009 2199
1459 831
1770 202
137 1793
1408 2138
1029 2678
2857 2783
2051 458
1459 831
81 1036
2039 458
1459 831
2860 2610
2229 1310
831 1459
2785 451
1199 2031
2340 1632
2060 381
1880 2302
1459 831
1203 715
2992 2806
1923 2102
791 2096
831 1459
300 94
1459 831
831 1459
1885 1532
2799 12
1459 831
1454 1784
2594 2406
2376 1288
1459 831
831 1459
385 1832
1894 2119
1459 831
1459 831
831 1459
831 1459
1062 1094
708 2568
467 432
385 585
831 1459
657 107
1459 831
2861 2923
798 2354
1415 1842
1982 2160
1007 2068
393 1702
1129 1108
1590 1375
2686 1148
831 1459
831 1459
2351 1849
831 1459
2336 1113
1459 831
831 1459
1459 831
1884 1738
2519 490
1140 36
1676 2035
831 1459
1013 2850
2066 1421
534 2850
2083 1373
1877 1518
831 1459
1459 831
1743 1695
2594 198
2833 864
831 1459
2253 662
2040 1372
2148 2396
2174 1989
166 501
1419 2595
1836 2112
840 2010
386 2166
1346 2989
1459 831
1459 831
639 695
2779 1577
1703 664
1530 134
1459 831
1730 2304
572 2932
688 2217
831 1459
1966 14
2674 2655
831 1459
1459 831
1686 1275
1459 831
1100 1704
100 1994
1459 831
2657 1511
1432 2290
2655 378
2517 2109
1047 2271
831 1459
1459 831
831 1459
2593 2552
2373 2702
2350 911
2267 1504
2309 1644
1459 831
500 2303
2253 843
2370 772
2494 2188
2189 278
1759 589
1078 715
2305 1296
831 1459
1466 285
1209 2396
831 1459
1609 2667
1316 2143
583 1709
831 1459
831 1459
467 1292
1592 790
1055 1803
2123 1804
1522 448
2591 2305
831 1459
2663 885
1390 1421
831 1459
886 1444
1459 831
576 1469
431 952
2714 1960
1673 2277
583 2205
173 1692
392 235
1459 831
831 1459
1291 1512
2956 2023
710 1471
846 2482
1459 831
2962 367
2144 2845
1459 831
784 751
1444 501
1186 2515
1459 831
12 2135
2683 269
2328 770
831 1459
2313 2253
1157 875
1889 519
752 182
1459 831
2641 1641
1785 2446
1595 441
1764 2353
1290 84
1989 1156
657 136
1459 831
1924 2703
788 2094
898 1121
831 1459
2418 2896
2883 322
831 1459
2084 1707
683 2350
1214 1400
778 1632
2471 2095
831 1459
1459 831
960 439
1572 2264
831 1459
2929 1696
183 1213
536 860
1444 2317
2608 538
568 1694
831 1459
41 1498
1459 831
1796 1409
831 1459
831 1459
1459 831
2459 2724
2807 2639
2657 598
154 203
1013 305
1459 831
2972 2278
598 1195
1910 1223
831 1459
831 1459
168 990
2851 2108
1459 831
831 1459
2442 1266
2449 1284
1392 2420
831 1459
1459 831
1246 791
730 2945
1386 796
2457 2922
40 872
636 1762
190 1618
1349 2628
376 2760
964 2501
1459 831
835 1837
141 1295
1459 831
2230 2136
1459 831
1459 831
831 1459
416 1070
2261 2806
501 2525
545 189
22 2339
1401 853
2323 2427
571 127
1117 679
1090 800
984 1592
1070 105
447 2744
1984 1523
1084 637
2861 982
1630 1085
2515 1854
2151 1920
2626 2550
736 295
2513 2132
2002 1679
1459 831
1443 1845
1508 2332
181 758
2009 442
809 2472
1887 2412
2022 186
1252 213
2819 338
831 1459
1030 2484
2080 1085
1880 1294
992 2349
1459 831
1459 831
1459 831
2306 2361
831 1459
753 1582
1783 1886
2783 2068
1580 1294
1628 660
1234 1100
2163 822
303 2067
831 1459
299 2862
1459 831
2674 252
2208 1414
284 2049
831 1459
831 1459
343 1257
554 2806
2214 2897
983 446
1764 2897
1459 831
1511 2382
2981 2350
1010 2612
1459 831
2918 496
831 1459
1011 2121
1459 831
831 1459
1459 831
2197 2107
1459 831
302 859
22 394
106 272
614 486
1459 831
870 2634
2152 272
831 1459
122 2152
1768 2068
344 2746
621 706
1200 629
556 524
2175 2797
1094 969
2192 929
1452 2839
428 222
2272 2663
231 2412
831 1459
1459 831
774 1419
1459 831
831 1459
1760 1450
2000 868
1751 88
433 784
2951 2389
1459 831
1974 1704
760 123
1459 831
2964 1927
831 1459
1505 685
831 1459
1459 831
2988 2667
501 1941
886 1992
1459 831
831 1459
831 1459
2040 2887
844 1111
1459 831
1462 1396
1256 2888
2528 2683
487 2289
1251 1630
831 1459
1779 737
2988 813
831 1459
1459 831
2288 437
918 2228
1286 2939
866 2452
1065 2453
1459 831
588 1945
1459 831
831 1459
94 2257
1688 362
1447 185
1459 831
1459 831
131 2288
831 1459
831 1459
1459 831
831 1459
1459 831
436 1212
282 1715
831 1459
2654 1152
132 318
1136 2630
2278 388
1786 2534
2286 1289
85 2455
831 1459
1459 831
1459 831
1459 831
831 1459
2931 2028
1459 831
2068 690
2711 2975
69 2333
2110 418
1824 1536
857 132
1597 1627
2253 1752
294 2977
1514 1707
831 1459
2659 1444
724 1277
831 1459
831 1459
418 1746
831 1459
1039 2833
1450 1651
2513 1458
521 2027
1459 831
430 626
1459 831
1724 1055
831 1459
1259 2256
2288 2048
571 2891
2216 2409
1809 2874
2708 837
831 1459
1384 610
2177 498
2025 1678
1459 831
1030 2521
2343 2438
1675 2024
1459 831
2050 2523
124 883
1459 831
831 1459
973 2211
272 2639
2364 1107
831 1459
1459 831
1575 2217
831 1459
1818 1858
1728 2719
185 632
2022 2148
1459 831
868 1411
1537 2311
376 1728
831 1459
1459 831
1868 344
1945 1700
2965 2284
2292 2731
831 1459
121 977
1961 2718
639 691
1538 1296
1859 579
1639 1355
1459 831
1525 2899
1007 1566
1459 831
2124 28
1486 1832
2819 1787
2717 1347
183 777
1459 831
1381 2225
1979 173
4 1915
234 2268
745 2012
831 1459
1081 1172
2376 2724
1459 831
2270 2984
1166 969
1459 831
2954 2527
894 2796
831 1459
831 1459
1459 831
831 1459
778 64
1459 831
831 1459
2834 2189
207 86
515 776
831 1459
1362 712
1056 1535
831 1459
1506 1399
1073 1860
1459 831
2539 2198
1701 2
1895 2935
1894 2535
2948 987
1901 2657
1805 313
659 1611
319 1708
831 1459
1459 831
2721 2634
831 1459
831 1459
60 2441
186 1592
2356 1165
1271 585
2179 2352
831 1459
1615 2245
936 423
2513 1775
1459 831
831 1459
847 2820
1626 1035
831 1459
2813 1420
2832 2711
1978 466
2504 4
831 1459
831 1459
463 2853
831 1459
1181 2178
1582 2685
831 1459
468 1018
1988 2985
1318 486
2567 1883
2962 2296
2727 108
831 1459
2317 2863
1315 1492
2937 2198
2379 2334
2159 2647
