3000 10000 1
1384 1042
2986 2571
1384 1042
1836 644
1788 340
483 1175
1384 1042
1628 2720
1384 1042
2352 2462
1384 1042
1384 1042
1384 1042
2448 1804
331 1969
3 506
508 1383
1164 1491
1769 1398
566 2915
197 670
2167 1783
733 621
953 2014
1384 1042
909 3
131 2334
2521 2525
1622 2298
1463 2973
1384 1042
2522 2418
2985 1925
2086 2793
2058 1364
1721 133
1384 1042
2653 2529
309 5
660 584
1384 1042
849 427
2503 2730
1384 1042
392 2787
2027 2844
1384 1042
1240 2260
1384 1042
917 2397
1197 1094
1384 1042
2926 1246
1622 855
1451 1541
1687 2278
1384 1042
246 738
2596 1415
2425 1848
2030 2506
2716 2038
1384 1042
1382 2626
1076 2574
2841 518
1384 1042
665 1819
1414 815
2944 1238
1384 1042
439 2278
894 2754
1318 2248
738 871
1818 1836
1384 1042
1151 1808
2887 1713
1384 1042
1384 1042
1808 1831
2668 1790
2407 2198
150 1561
1042 17
1509 118
1384 1042
2442 2211
1632 2911
2965 1571
2912 1201
1384 1042
619 2876
897 1687
1160 2836
1384 1042
1384 1042
53 2517
1384 1042
1384 1042
1758 445
1384 1042
1384 1042
1384 1042
792 487
1384 1042
1551 2153
949 235
756 2242
2258 1179
1824 1374
1384 1042
2475 1472
1384 1042
1384 1042
1384 1042
1384 1042
694 2197
1384 1042
2715 529
2885 654
2017 336
1384 1042
1384 1042
2299 1669
1967 2354
627 1012
1788 105
1384 1042
1413 1467
2017 1901
2987 1429
3 2979
2063 2936
1384 1042
704 1659
1464 1384
1384 1042
1625 1230
91 776
1927 1236
2763 2814
1403 452
2586 609
1778 1392
2376 1978
1384 1042
427 2321
515 2422
1979 2836
2265 2413
2295 2472
2312 2364
997 2590
590 652
1759 1253
267 2998
1384 1042
176 454
1480 2722
2716 1162
109 1918
1384 1042
1384 1042
1093 2501
1050 2507
2471 1891
2024 450
1946 1326
1833 2608
2425 2838
1384 1042
2779 1598
1090 302
1930 1874
1195 352
1575 44
2532 2523
1396 2654
2104 479
2145 2569
1379 2476
1616 1491
833 1051
1384 1042
1384 1042
1384 1042
301 1770
2041 310
2499 265
443 2063
2541 1482
736 1216
296 15
2625 1065
2225 977
1384 1042
2093 1139
2030 2355
2226 676
323 1823
1681 512
1384 1042
1384 1042
1002 2672
672 1409
1384 1042
2149 1496
1678 723
2203 38
2856 1226
959 1086
2997 220
764 2957
145 2897
83 2449
1631 268
2400 1670
826 613
1339 2254
1313 1092
2565 1587
2683 2456
324 2630
783 203
1551 1114
1384 1042
1384 1042
733 2766
2214 2531
31 1165
1384 1042
1484 2931
1384 1042
1168 1635
443 413
1191 2393
2731 2180
469 451
2147 1401
1384 1042
1384 1042
2147 2840
1665 1228
1384 1042
2133 227
1384 1042
1384 1042
27 877
1384 1042
1458 1013
967 498
1159 875
1263 888
701 796
1384 1042
1384 1042
1437 21
1442 129
1384 1042
1384 1042
955 176
680 2995
2558 1003
930 1486
1100 1576
1384 1042
1661 1042
2807 1614
2594 96
1456 2359
1384 1042
1384 1042
59 1135
2815 845
1344 1588
1677 1447
1362 2203
701 2709
2695 391
874 1037
1384 1042
1617 694
27 97
1384 1042
1384 1042
36 372
1961 1171
1384 1042
2683 506
1384 1042
1384 1042
202 2240
2899 720
488 1497
1384 1042
830 1226
2168 2564
2080 1738
2297 569
1248 1323
2307 2854
303 677
1384 1042
1766 2462
303 683
1384 1042
1384 1042
2754 963
977 1995
1384 1042
1548 487
1884 2145
1252 2906
554 1237
2822 2500
945 1713
343 990
1613 1395
457 1868
2643 2247
1384 1042
2444 1255
1798 1589
501 1760
1120 282
463 2019
1384 1042
2434 2716
1384 1042
746 827
1015 1898
2841 689
1345 565
1384 1042
1396 345
343 2988
1498 2312
1277 1048
543 1215
748 1573
2535 2588
1781 465
2242 176
167 1380
45 2680
660 541
28 845
1030 1119
1012 2517
1531 2302
1384 1042
2081 1963
820 61
1370 1619
2443 2399
1063 1547
1943 2495
2589 339
1462 2188
2172 712
902 2268
1384 1042
1559 2419
998 2216
1384 1042
1384 1042
1384 1042
504 1253
1384 1042
2844 1482
2173 961
2824 2122
1853 272
588 2494
1233 915
1384 1042
629 2981
296 1037
1384 1042
48 2467
2519 449
2558 2195
725 2603
2419 1077
542 1542
1217 2192
1384 1042
1738 1734
2842 2921
1384 1042
389 2702
1384 1042
947 1073
1384 1042
1339 202
1384 1042
1384 1042
2062 2578
1306 2007
2190 2109
1384 1042
709 2133
1384 1042
1102 2117
868 1464
1384 1042
1008 2274
1505 1914
1835 865
1384 1042
1384 1042
1485 1665
1384 1042
1527 1665
553 1537
2192 229
526 2012
1384 1042
2067 1163
1384 1042
357 1243
2892 2963
1651 1213
1431 214
1384 1042
1384 1042
2032 2130
2584 1465
2592 2801
2807 2124
1384 1042
1531 887
2935 1110
892 1234
1384 1042
1030 1020
2167 436
364 1773
2752 601
1384 1042
1384 1042
470 2564
615 930
1384 1042
1357 1362
2009 1235
1384 1042
1452 2546
2278 1548
1384 1042
2223 1162
2203 661
1384 1042
1445 1637
171 1969
1384 1042
116 1255
2055 2590
990 1256
2298 1631
1221 787
2400 240
1006 752
1132 1272
1513 1440
1032 2464
1566 2184
1384 1042
94 820
1054 2410
1384 1042
1127 1478
962 462
1608 110
327 528
1384 1042
743 2134
1384 1042
1384 1042
1384 1042
1079 1563
552 2846
2238 1013
768 1783
1384 1042
818 1530
190 2307
617 370
1384 1042
1899 2838
393 1606
1885 206
1036 2383
2134 1686
2647 1659
1277 1229
1713 359
21 250
101 1425
881 2107
1384 1042
1384 1042
104 549
2016 2387
160 1667
1857 1908
1923 652
1328 2879
304 1969
1384 1042
1139 300
1586 2206
1384 1042
2291 1568
2580 1263
1910 2147
143 2780
2754 280
1098 814
1384 1042
1978 2708
1722 467
1384 1042
1978 1001
1384 1042
1384 1042
1873 1250
2243 2642
39 1915
1384 1042
1908 2946
1384 1042
1384 1042
2877 912
1346 2362
2810 973
2171 319
2771 1139
1884 481
136 1364
24 1292
1196 1675
650 1861
1754 892
2105 2601
1384 1042
1384 1042
847 84
2869 554
914 682
1384 1042
1100 1193
1384 1042
349 2921
1384 1042
1384 1042
1384 1042
877 2291
1193 2231
787 961
1796 1554
1384 1042
2212 532
338 136
1384 1042
2360 2827
1384 1042
1038 92
1384 1042
2605 735
1384 1042
1685 2716
1384 1042
1384 1042
1954 456
2938 40
1019 2672
479 692
1005 1770
532 1048
1384 1042
1384 1042
1384 1042
1149 2028
1847 744
1384 1042
1384 1042
2078 1440
1384 1042
1384 1042
1820 331
1053 585
1384 1042
593 655
2040 1473
2909 1379
2975 370
13 25
697 2383
1204 2588
1875 2966
1384 1042
701 2198
1384 1042
1636 1869
1516 856
1731 1383
1532 2665
1384 1042
2522 1656
161 2985
842 2647
2021 1313
2628 820
904 2225
99 739
1384 1042
1949 1043
1384 1042
2383 2162
1384 1042
2142 757
1384 1042
1836 1027
1384 1042
2727 2718
2913 2022
507 1583
1384 1042
1384 1042
1689 290
2787 1791
1096 775
1384 1042
39 190
1982 254
1947 673
2373 1849
1501 1187
2549 1400
738 2798
1403 2643
2517 871
811 2836
2093 1205
1384 1042
1220 996
333 1297
2176 2201
1476 2619
2234 240
481 2334
1384 1042
927 1667
1219 54
1384 1042
1384 1042
492 218
1384 1042
1384 1042
1320 505
1975 1174
1384 1042
1384 1042
2068 1924
1384 1042
1796 2114
1384 1042
1384 1042
1102 2964
2299 1676
950 2510
1076 2608
1850 1360
2446 1622
1925 110
1825 2240
1232 1340
2675 131
1661 479
794 41
2417 548
1564 1255
2631 2900
749 2479
2651 1898
617 2165
1043 558
316 743
1384 1042
1384 1042
1384 1042
2479 344
793 807
833 2881
1384 1042
2717 2209
1577 2232
757 45
1384 1042
1384 1042
7 2692
1384 1042
296 521
2776 322
571 34
1904 823
1384 1042
614 1002
2391 2540
807 838
2656 1456
2794 2725
1384 1042
960 1850
1663 1156
300 1249
2244 1483
2335 642
1765 2904
115 785
2303 2008
1408 2803
1862 1059
999 121
1638 901
1384 1042
1481 2160
2638 1725
1879 1483
1116 449
1384 1042
1384 1264
1384 1042
2226 2437
1384 1042
1384 1042
1384 1042
1889 826
1384 1042
1384 1042
471 123
636 1986
2558 2154
2509 1021
19 830
518 2261
1690 1488
2402 1228
2219 1654
2209 1989
1554 2203
2242 2272
1384 1042
1817 2322
942 1147
1384 1042
1918 674
2404 2549
1946 1039
1384 1042
2670 2718
475 1552
1354 2526
261 2230
158 1173
1384 1042
149 168
2361 2624
1559 2061
2915 401
2985 1150
1384 1042
1980 1922
1040 613
33 1247
409 440
1324 2468
2272 22
520 1784
1384 1042
2944 1123
400 542
1384 1042
1384 1042
914 2032
1384 1042
2806 2004
297 738
1384 1042
1540 2155
1384 1042
2460 2600
1384 1042
1384 1042
1384 1042
1384 1042
2457 375
2890 1841
985 824
486 1809
2998 2654
1632 1838
1384 1042
2269 932
1384 1042
85 502
2594 251
1384 1042
628 1526
50 739
1834 1574
2889 581
651 2774
1431 1016
1811 452
874 1021
1384 1042
119 2025
1226 2390
1384 1042
2378 2745
1384 1042
445 1044
953 2346
2619 670
1384 1042
75 2397
2322 2223
1681 2258
1384 1042
1108 1274
2674 2673
2777 2015
165 331
1384 1042
1277 63
1384 1042
2821 1456
1384 1042
1384 1042
1384 1042
1778 2650
1384 1042
1384 1042
1384 1042
717 2260
467 1473
2069 655
1384 1042
1384 1042
2787 1961
1544 1304
2334 725
1539 2737
1384 1042
2736 1779
1594 1526
1238 569
281 2229
2424 125
944 1561
2297 2238
1384 1042
2053 1033
2665 176
1949 2121
2101 2628
1384 1042
565 1517
216 1107
1384 1042
1046 575
604 421
1384 1042
1384 1042
656 1515
1384 1042
1022 1740
2800 499
667 2593
2499 272
372 2545
1384 1042
2990 2414
902 1313
2572 22
1384 1042
2673 1906
1384 1042
2143 774
2985 2486
2931 2201
1310 1369
1384 1042
2293 759
1057 649
1384 1042
2514 1528
1384 1042
2854 1438
144 2453
523 2148
691 523
1384 1042
1862 2864
1395 2972
321 2765
1980 160
1384 1042
1384 1042
2020 651
1384 1042
1384 1042
1384 1042
2101 800
1384 1042
1652 2462
1384 1042
695 1433
659 188
85 768
1384 1042
1078 1793
586 1914
1115 2085
433 1706
1384 1042
1211 1788
2953 2133
1384 1042
635 2047
2767 170
2562 173
1023 2569
2906 2558
1728 1549
1171 2856
463 113
2121 1295
792 2268
1004 1675
1300 1918
1384 1042
2782 680
1384 1042
1384 1042
1384 1042
1384 1042
1384 1042
1384 1042
1384 1042
1384 1042
1118 1945
1059 673
1384 1042
2158 889
2368 1823
1542 2912
2598 2566
2256 2936
2859 1091
1384 1042
1384 1042
2210 905
670 2354
198 834
1384 1042
1384 1042
727 221
1384 1042
1482 2939
2239 344
2681 1974
1384 1042
296 2840
1384 1042
903 1713
1384 1042
1384 1042
207 534
1384 1042
798 2073
2473 1572
1447 16
177 849
1256 2095
1384 1042
1361 1110
2601 1518
2491 485
1384 1042
1384 1042
2080 2689
1384 1042
1384 1042
1384 1042
714 2829
1049 234
89 1139
2570 667
2950 1794
2557 2182
1384 1042
1384 1042
2668 2557
1875 1043
2564 2449
495 2259
1384 1042
1862 2643
1501 2626
1384 1042
1403 300
1201 2779
1384 1042
480 450
1491 378
164 2150
1384 1042
135 2513
820 2687
1384 1042
1384 1042
625 2532
2991 2882
1384 1042
1384 1042
1384 1042
1176 131
312 2528
22 2180
2586 2037
1588 1063
348 855
1384 1042
1044 758
950 2181
1461 2745
1880 485
346 852
2332 2799
84 2075
1132 1711
49 2615
2336 742
994 2027
1384 1042
1384 1042
1384 1042
1384 1042
2500 2380
2826 2642
2050 1294
2516 623
1384 1042
51 148
1384 1042
1037 2102
2141 1597
822 2030
2723 1049
1384 1042
1384 1042
2704 2333
1384 1042
2306 955
674 1006
1278 2672
1811 740
1384 1042
2857 2913
2668 1628
1384 1042
2523 1508
2617 578
545 2751
1384 1042
2727 2427
519 1739
2649 2439
180 1466
2937 228
2850 2637
615 2563
672 89
990 2012
923 1269
1384 1042
1353 2736
2243 2442
757 443
2361 1316
2122 2390
1384 1042
756 2162
1384 1042
2692 91
2952 693
620 2987
535 391
2844 2162
2901 108
84 1225
1578 953
1384 1042
785 7
2680 1829
921 2911
1660 2047
2580 327
2487 925
1618 2531
2627 894
1309 2372
1384 1042
1710 1910
819 196
1643 2662
1295 1994
1384 1042
2248 2429
1384 1042
310 858
1384 1042
2799 1658
1384 1042
1384 1042
1124 1591
1384 1042
2827 2476
2256 286
1384 1042
534 995
1384 1042
447 2436
1178 2975
1484 1101
294 1814
1208 293
2645 1255
1384 1042
477 1087
1384 1042
1384 1042
1086 2408
1443 1028
1384 1042
5 2312
2922 705
1878 1069
1222 1591
401 12
2483 1776
1384 1042
306 1463
1384 1042
1384 1042
2236 2250
2585 2745
1966 397
1384 1042
1391 2657
1384 1042
2376 2080
1490 665
162 1524
1384 1042
1178 1462
1103 1271
2992 1389
1384 1042
2369 1281
2971 1463
2158 2837
209 864
1384 1042
1384 1042
1455 953
1384 1042
2803 2999
1724 716
1094 2601
2338 1819
744 925
1830 1149
2493 1531
1384 1042
1032 313
2982 204
1384 1042
99 2441
1073 362
1384 1042
1334 2117
1384 1042
1384 1042
2079 1387
1384 1042
1384 1042
1384 1042
1617 555
739 2392
1632 593
1384 1042
1384 1042
1885 1853
1249 1414
757 1703
1384 1042
1384 1042
2089 575
1953 2443
192 2398
2610 2034
2279 2780
1384 1042
2258 1515
2573 2214
2912 70
1384 1042
2048 2567
1408 2082
2511 52
2221 2690
894 2590
1384 1042
1209 1392
1384 1042
1922 2283
220 1572
232 2690
1384 1042
1594 2060
515 2159
609 1775
1384 1042
1384 1042
2323 2008
710 2380
1607 843
353 931
2313 2309
581 111
1139 1661
1983 2432
2246 243
2153 1844
1384 1042
187 688
1384 1042
1384 1042
1384 1042
1384 1042
1840 315
1384 1042
757 733
1702 1983
938 1062
1384 1042
1384 1042
1757 1804
1384 1042
1384 1042
2484 529
950 662
2690 628
1384 1042
273 1839
583 2232
289 2662
1588 1855
1384 1042
1384 1042
2384 2925
1384 1042
2109 244
345 274
1868 2955
1384 1042
552 1839
1234 389
2610 465
383 157
1087 2170
2344 2646
2832 1395
2729 329
2237 975
1311 754
811 1414
2210 2129
1384 1042
1201 1464
1384 1042
1384 1042
1438 626
1384 1042
2692 1402
1018 1260
2264 1991
1384 1042
2204 2392
1821 331
237 2903
1603 1836
1384 1042
1384 1042
1384 1042
1878 1044
705 12
543 2231
2555 915
1384 1042
1384 1042
1539 2381
359 2248
1748 1243
2034 1035
1721 352
2479 898
396 753
1384 1042
1806 864
1440 2610
1082 116
1384 1042
1384 1042
2195 2253
1211 1490
1368 637
2265 622
177 55
1472 513
276 2256
511 2778
2252 905
846 2814
861 1680
2762 402
1384 1042
2959 1744
1384 1042
159 1975
1384 1042
198 1344
2027 1179
2506 2632
2734 589
1701 1487
1384 1042
1384 1042
1384 1042
97 2344
1053 217
1384 1042
2571 983
691 1320
325 16
1384 1042
47 2264
2730 190
1443 242
1831 2101
1384 1042
1697 2747
1864 1311
250 1138
1384 1042
2155 610
1384 1042
141 1769
647 338
895 1678
1384 1042
1384 1042
1384 1042
1961 1531
223 2920
2959 541
2497 577
2028 2275
1384 1042
1146 422
1384 1042
2074 1089
1605 28
5 1484
1384 1042
1910 1799
1384 1042
566 2056
2111 2708
49 94
1384 1042
487 2554
824 148
851 2803
1384 1042
2443 2053
1388 2354
1709 1920
2469 663
1579 2914
2406 420
284 1771
1384 1042
1384 1042
511 445
1455 2207
1061 2425
2934 2630
1734 2432
1020 1341
1384 1042
1384 1042
864 2109
1384 1042
2562 2965
1145 98
1384 1042
2574 975
2440 2706
1384 1042
1384 1042
2245 401
1384 1042
1384 1042
1207 2475
520 968
887 360
807 730
2871 1399
104 759
1629 1834
1384 1042
578 2880
1852 2361
1384 1042
2000 726
1384 1042
1384 1042
1383 418
1384 1042
54 587
1771 1135
1384 1042
1384 1042
761 1902
643 1080
1701 254
2143 1914
1584 2728
1411 805
1384 1042
2777 947
1195 2305
2935 511
1384 1042
1384 1042
105 1034
1384 1042
1384 1042
2055 205
755 1945
1868 1832
1384 1042
1384 1042
2399 509
1384 1042
1384 1042
222 1202
1426 1848
1384 1042
291 1463
1384 1042
1384 1042
2304 2090
1384 1042
1384 1042
1704 2798
1384 1042
1014 1760
1384 1042
1166 2931
2934 1324
30 1415
1384 1042
934 465
2001 2431
2075 869
1384 1042
610 1680
456 1105
1513 1932
1458 2909
2868 815
1121 2292
863 879
1540 765
2467 985
1545 1018
1532 2799
2978 2246
1384 1042
1086 711
2772 2237
1277 1901
1384 1042
874 428
972 389
1384 1042
1530 1193
1384 1042
758 1795
1384 1042
1384 1042
977 2740
2315 205
1384 1042
167 2380
2530 2931
1649 1754
1690 714
263 1686
1384 1042
1675 2595
1384 1042
1828 2928
1384 1042
589 2663
1725 1269
2746 1410
1872 191
2307 1808
1303 2893
45 272
1384 1042
1801 774
499 972
905 2179
984 1058
2392 2382
1585 900
718 918
1384 1042
934 2057
2378 2105
640 701
2483 1470
1384 1042
607 1663
1384 1042
1147 1296
1031 1220
1576 1602
1384 1042
1919 144
1764 1889
1384 1042
348 1035
1384 1042
2537 416
1806 2535
2415 944
778 181
184 1453
1061 964
2990 1371
882 2209
1384 1042
2413 1272
421 1388
1384 1042
1384 1042
1384 1042
1384 1042
2294 1848
1929 1326
713 2779
1799 2559
950 1384
2798 1687
87 2463
2321 520
1384 1042
2978 2639
1672 2664
2175 679
1056 660
1384 1042
1124 414
2480 1186
1384 1042
2993 850
1455 1465
1384 1042
411 2622
1384 1042
227 2056
1222 238
1470 2926
823 1076
1384 1042
1069 1341
1438 2733
2996 244
2601 1335
288 2670
2206 117
2356 2064
2553 1043
576 220
1384 1042
1384 1042
1611 1945
1384 1042
1390 2824
1384 1042
900 793
1853 2479
1384 1042
1354 1381
725 1545
638 288
938 1030
1384 1042
117 2597
1384 1042
2371 643
2321 239
110 2583
1384 1042
1384 1042
1384 1042
50 2738
2649 342
153 1361
2481 2050
915 2459
142 1177
11 1309
84 2248
1384 1042
2271 368
57 2289
2223 862
1824 1454
404 1743
746 2424
1877 327
1384 1042
2575 1695
1384 1042
177 1082
889 158
2973 531
1823 469
1384 1042
1384 1042
80 1605
689 2373
49 296
2620 1698
884 480
2412 2409
1384 1042
1059 1734
1568 2948
1384 1042
1384 1042
1384 1042
1959 793
2313 2889
1347 2037
8 2647
1650 1502
1384 1042
2634 2639
1384 1042
1384 1042
1384 1042
2572 2132
1384 1042
1384 1042
2032 1626
2303 741
2722 56
1105 196
1532 1418
1488 2858
533 230
974 126
2144 2345
810 2137
527 2898
1406 2877
426 314
1903 1023
1125 1158
1384 1042
1010 2368
2528 70
842 674
1384 1042
1691 1842
724 2068
1384 1042
190 2579
796 2775
80 733
2330 1969
1384 1042
2192 2800
1384 1042
1384 1042
1608 2057
1384 1042
2193 693
1489 1481
1384 1042
612 2176
1131 2123
1408 911
528 1033
266 720
1384 1042
916 649
1384 1042
2147 2960
2934 667
2902 899
524 660
1384 1042
1657 1347
1384 1042
415 470
957 1226
2385 2960
1057 361
1384 1042
2696 2818
2359 1808
1520 1088
1384 1042
496 530
1644 2925
561 2638
2635 603
1384 1042
1384 1042
899 527
2802 732
2129 2145
2594 633
2461 1107
46 192
1218 2452
510 1014
2380 2884
1384 1042
2525 2870
1211 252
1384 1042
2063 1872
1384 1042
1384 1042
556 185
458 485
1384 1042
1101 139
1384 1042
2090 1631
2608 1792
795 2301
1384 1042
1140 346
1384 1042
1384 1042
1609 1050
545 126
1384 1042
1613 2824
68 596
2801 2814
2650 2460
2692 1028
780 2235
2143 1305
2935 2291
2240 590
1384 1042
1384 1042
1658 1905
1775 1441
1384 1042
1384 1042
2613 1763
9 1792
35 1871
2048 613
2 628
2250 139
1384 1042
474 2173
1759 2764
1384 1042
421 112
1384 1042
1774 240
1384 1042
1384 1042
462 576
1384 1042
1108 401
1848 2966
2552 1709
295 1205
2272 324
139 810
1031 1754
2624 2306
2302 2836
2103 1484
2966 360
884 2444
2525 1523
2321 1773
1225 1193
1384 1042
1384 1042
286 18
1384 1042
1384 1042
2530 15
2216 2387
76 2955
1384 1042
1771 418
391 509
1384 1042
1384 1042
1384 1042
2456 1687
457 2468
1887 228
1156 1098
1384 1042
2194 2386
1384 1042
2425 1638
1384 1042
2257 779
1384 1042
1384 1042
492 272
2908 1276
2114 162
2548 1734
1384 1042
1369 2582
2421 524
1876 1056
1384 1042
1741 863
1384 1042
1384 1042
118 553
206 440
2028 339
1384 1042
1978 1816
1609 1876
1384 1042
647 2004
1384 1042
2151 2078
2003 257
843 61
86 920
59 2768
1113 2867
330 2725
1384 1042
2827 323
1384 1042
1384 1042
1384 1042
186 877
1740 2433
923 477
1475 1226
2473 519
1384 1042
993 2585
1384 1042
200 560
406 2378
216 2246
660 773
2150 63
1884 1734
1384 1042
1384 1042
1560 45
1384 1042
2121 688
1199 1194
1384 1042
1206 869
2970 1649
2465 2038
2955 1228
1384 1042
1117 1330
2431 2229
2901 2923
1384 1042
2170 63
1761 2673
1833 1375
957 2825
1384 1042
1384 1042
1384 1042
1384 1042
1384 1042
989 1649
1384 1042
2760 1985
2340 2639
1375 1299
1384 1042
1609 2770
1806 1060
464 2359
1384 1042
1593 2839
1170 1266
1384 1042
1203 2970
1384 1042
869 550
336 1732
1389 2889
1384 1042
407 2863
2095 1750
1384 1042
412 1202
2049 2366
1201 2276
1384 1042
1251 378
1548 2438
1384 1042
1384 1042
1384 1042
1384 1042
616 658
1384 1042
1129 2886
2793 1845
2672 26
2365 95
1157 1478
384 1257
1384 1042
438 404
1046 1696
1146 448
1711 32
2730 2258
699 1165
1761 2352
2181 413
2012 765
761 2592
1034 383
1384 1042
683 2021
1384 1042
2818 2727
1636 863
1332 2933
1384 1042
979 1872
1384 1042
1384 1042
605 2699
533 1388
1245 2513
330 2983
1384 1042
320 1090
1384 1042
1662 2675
1384 1042
2608 2052
862 654
1648 1230
1606 1330
1370 1989
2648 2185
1384 1042
2361 2722
1384 1042
75 252
1178 2071
2615 705
36 2601
2186 2121
2867 1071
98 1218
1384 1042
2635 1591
1384 1042
750 543
2372 533
1384 1042
1877 143
1384 1042
1576 1660
1384 1042
1197 1845
1384 1042
810 2686
1384 1042
2869 976
166 682
901 376
1295 1807
1613 1324
1384 1042
202 1483
186 2853
1506 1109
1528 227
2048 1238
1384 1042
1590 854
1419 2787
1795 2111
1933 255
1384 1042
1035 2915
1384 1042
288 651
1941 2313
2619 407
1384 1042
1384 1042
1771 2753
219 2794
765 922
1636 863
671 1562
1384 1042
643 59
2716 904
2251 1492
2204 1965
246 2760
929 251
43 2781
1452 2565
1406 979
2257 769
1938 326
857 1082
346 2571
1688 1067
715 2238
1384 1042
1923 58
1384 1042
1384 1042
1380 1166
1384 1042
892 1320
1235 2216
1384 1042
950 171
2337 2678
1135 1236
2365 2076
1384 1042
1724 1937
436 221
2809 1061
1384 1042
140 1798
718 1312
2782 1609
1384 1042
2964 2342
1167 1593
749 2399
1384 1042
2245 102
1934 1606
1384 1042
1384 1042
1384 1042
1463 2792
651 1963
489 184
1384 1042
633 2097
131 1550
1384 1042
2216 1837
1384 1042
2544 951
1384 1042
1975 1254
2338 583
1138 309
2809 284
2101 1837
1384 1042
1384 1042
973 2603
1384 1042
1520 600
478 1272
365 233
666 1471
1813 1465
1023 2739
1384 1042
645 1471
123 2934
473 886
620 2741
1384 1042
1898 2818
609 2766
968 2290
1384 1042
269 2564
1384 1042
1384 1042
1545 1989
1384 1042
2611 1371
1778 32
1384 1042
1384 1042
1384 1042
1384 1042
1384 1042
1384 1042
1384 1042
691 2030
584 2173
2346 75
457 1737
1302 2351
1384 1042
2717 2671
1 2480
1384 1042
1794 1288
1384 1042
384 622
544 1925
1572 1010
1384 1042
1254 612
1384 1042
1186 2464
1522 623
2080 624
2315 1294
2814 1780
1384 1042
1738 439
1384 1042
2097 5
2182 10
2530 810
2333 1309
2611 803
1384 1042
1384 1042
1205 2524
1887 1293
2981 1911
1490 313
2836 1422
2140 2091
464 2533
1671 2820
188 2897
2700 1799
1384 1042
1448 1650
1384 1042
210 1940
1631 2537
2689 1733
1209 1999
1384 1042
155 1049
1384 1042
1384 1042
1834 1660
1838 446
2226 1646
1384 1042
2717 428
1523 1458
425 950
1384 1042
2931 2130
1384 1042
1384 1042
1359 750
395 575
1378 2809
1330 587
1943 2087
2091 2745
559 2782
1384 1042
475 1758
1384 1042
1255 2963
1384 1042
1384 1042
2896 2524
794 1779
2749 2922
1384 1042
1384 1042
974 2499
2616 1202
1953 327
1384 1042
2156 1498
2704 1932
1384 1042
595 994
1304 1687
2384 1308
2338 1290
112 1037
1696 721
888 1232
204 977
1384 1042
2803 1348
2713 373
1384 1042
2351 2550
1638 2507
258 2342
2563 2954
1384 1042
1384 1042
483 2927
2151 2568
521 2310
445 722
1221 1556
2084 227
1384 1042
325 2136
985 2107
2994 1209
22 1912
1384 1042
2373 1917
1384 1042
1718 2781
1384 1042
1800 189
2578 1150
2068 1132
473 2405
1384 1042
2529 460
2577 2605
1155 289
2292 2433
237 1185
1384 1042
1384 1042
1107 2007
1384 1042
1978 512
12 105
1384 1042
1384 1042
1384 1042
1056 2095
766 1926
2833 2174
1241 515
913 1017
2064 2958
1516 2186
1384 1042
2647 929
1812 1460
2420 2105
1047 1409
1091 609
2741 2759
39 2520
2177 655
2474 113
2528 517
1841 1348
1384 1042
2819 2180
1384 1042
2158 105
1384 1042
2162 2818
1751 17
1420 858
1384 1042
1384 1042
1384 1042
2429 2307
1384 1042
1896 892
2418 938
2664 1599
1384 1042
1354 2594
1384 1042
1384 1042
1384 1042
2964 2565
2823 816
1384 1042
1384 1042
24 258
1384 1042
2164 1772
1384 1042
781 34
474 1715
557 332
2087 1379
2781 2448
307 64
1384 1042
502 1700
17 2218
932 229
1384 1042
1384 1042
187 2945
1644 1574
2111 2032
959 2308
2758 1387
1805 1598
395 2943
1384 1042
74 1156
1399 1596
1089 3
1384 1042
1384 1042
28 251
966 990
5 2170
702 2102
1903 2648
1384 1042
1779 2030
2057 690
1384 1042
138 1513
2377 2107
1384 1042
43 2319
1384 1042
2301 842
969 2892
1614 1538
1384 1042
1384 1042
1384 1042
1342 1863
779 2048
1384 1042
2991 2932
1384 1042
1384 1042
2851 2896
1384 1042
1384 1042
329 2475
1464 2695
1005 1894
1384 1042
1140 2880
246 1636
1344 203
270 1051
2555 2126
1384 1042
1259 1978
1833 2398
601 1128
1518 717
571 380
2572 715
713 1112
1384 1042
1384 1042
1384 1042
1384 1042
2458 1092
2010 259
1300 2559
1384 1042
2526 1117
1288 2018
519 988
1384 1042
1295 2221
2398 2115
1384 1042
2224 2314
2165 1246
827 437
1384 1042
1384 1042
2465 1135
1193 497
1384 1042
2623 1445
671 2425
1796 2394
2678 2794
1384 1042
1384 1042
1384 1042
671 71
1550 2511
2936 2654
1384 1042
1384 1042
1712 1493
1384 1042
1384 1042
1091 818
1384 1042
1153 917
2105 480
1843 681
1989 2199
1384 1042
1384 1042
1384 1042
91 2091
688 2854
1384 1042
2777 1692
2709 1864
170 2637
834 986
2776 1806
1154 1354
1384 1042
1384 1042
1573 121
2167 2387
531 2567
787 2065
1384 1042
976 1375
1384 1042
335 1689
2191 531
1384 1042
1384 1042
640 1966
2872 1127
501 1602
310 193
1424 2243
467 1513
517 1214
2359 1371
1384 1042
1384 1042
1741 1687
2471 2505
1384 1042
1919 2565
1384 1042
1384 1042
1384 1042
2666 2266
504 1331
1671 2491
1555 2402
1742 1079
1535 32
1284 910
2230 2471
2938 90
2443 1200
2346 2952
1524 347
1384 1042
2278 679
1384 1042
1978 1601
2656 554
1384 1042
2018 529
2681 604
1384 1042
2717 656
1384 1042
107 1716
2582 1133
1214 2780
2270 664
1047 1051
1384 1042
1384 1042
2184 2062
2489 992
2238 1054
1877 454
2220 2501
1024 1963
2220 1467
1384 1042
438 259
1379 1718
1511 717
1384 1042
1384 1042
697 936
2508 2424
585 2194
2781 1487
1318 1074
2502 2985
2998 552
1464 1252
830 2437
1311 2208
295 269
2289 2666
1384 1042
1384 1042
467 2447
1384 1042
1384 1042
2208 2711
1154 1681
2598 1635
2826 2350
1948 2175
1384 1042
1384 1042
2302 2168
1384 1042
2924 2760
2826 2017
2806 1609
1200 2688
2468 2065
1397 377
1384 1042
1384 1042
1384 1042
1393 46
1384 1042
1384 1042
1056 440
1384 1042
2486 2643
292 2364
1009 1136
611 1308
1384 1042
1384 1042
1384 1042
783 2386
1348 1420
1527 1323
1384 1042
867 2056
1489 1081
44 2199
2815 2894
1384 1042
530 2847
2684 2045
335 349
1927 444
1748 2423
1384 1042
1346 650
1248 1749
1384 1042
171 2470
1939 682
2185 597
2885 2373
1045 1421
122 157
1384 1042
1042 1987
1384 1042
1429 2177
1568 33
1384 1042
1384 1042
1142 2643
917 180
2884 887
1384 1042
1384 1042
853 1919
305 1869
2183 2
908 766
1384 1042
1964 1953
1384 1042
1384 1042
1384 1042
1384 1042
1249 1791
1384 1042
2538 2431
2569 1700
2646 2187
1384 1042
2725 1859
1039 474
1384 1042
1384 1042
2436 2471
1384 1042
47 2232
1384 1042
1384 1042
2812 1445
537 1507
436 2846
1384 1042
61 1850
1145 2288
168 1260
1384 1042
1767 837
1814 1851
1193 1204
1384 1042
2821 2618
869 2733
1384 1042
901 515
755 8
944 2002
1384 1042
1948 780
79 749
2794 2989
1384 1042
2914 1507
1500 697
300 720
1384 1042
2919 2452
1384 1042
2886 1082
1384 1042
115 277
1876 226
2592 1174
2212 2473
2442 678
1629 995
2382 2814
893 1486
1450 1493
2067 1626
1384 1042
1384 1042
342 1089
2614 2853
1034 2042
1384 1042
1384 1042
1384 1042
1384 1042
1384 1042
19 297
1384 1042
429 733
1384 1042
2541 853
119 419
2585 1607
529 1253
2362 977
2893 1820
2198 2017
1905 2402
2367 1512
859 2483
154 2042
2875 1382
2387 2293
1110 2694
1384 1042
1384 1042
1384 1042
1052 2358
2013 1769
2098 833
1291 2370
2038 2869
1459 448
808 54
1562 646
1384 1042
1384 1042
1907 1044
538 109
1944 2964
1384 1042
2080 1828
1846 2275
1384 1042
1693 2754
277 615
1862 2496
814 43
213 836
1384 1042
1384 1042
1384 1042
491 2799
1945 1631
2658 686
2737 1439
914 1460
1384 1042
1555 1091
859 2703
2638 95
1384 1042
880 2597
1384 1042
2140 2053
1482 1188
2334 622
1449 2521
1384 1042
1384 1042
1727 1116
1384 1042
1924 2062
2397 566
1384 1042
1897 2568
1879 46
2985 982
2131 173
1166 2127
2520 1505
1009 99
1384 1042
1736 1304
1506 2522
1384 1042
2550 2068
318 1811
2050 1933
1076 1012
1384 1042
1006 1633
2670 2181
1384 1042
2724 2202
1318 62
1438 1067
449 1863
820 733
2860 942
440 442
1902 773
1878 740
1384 1042
1384 1042
1384 1042
1946 2353
1794 2350
1384 1042
1384 1042
1223 2407
1843 422
2890 1374
2066 1041
1384 1042
986 2377
175 474
2206 1577
1488 781
1384 1042
1405 906
2522 642
565 2731
720 2697
2429 2983
423 1895
459 1731
2685 333
2522 2145
2790 2116
540 2504
2127 789
1696 1577
2459 15
1384 1042
2831 1193
797 2735
1384 1042
1384 1042
1781 836
1384 1042
193 2493
1384 1042
2879 2071
1082 1833
1384 1042
2562 1226
1126 1476
1454 2388
1602 1789
77 1096
1136 2269
2868 2889
2101 2593
1384 1042
1419 1298
1384 1042
1384 1042
1384 1042
1384 1042
931 189
2765 2317
1384 1042
2396 1322
1384 1042
185 1062
1384 1042
1467 129
1828 144
1500 452
1384 1042
427 1269
961 1576
1384 1042
1143 220
2978 1363
191 2725
552 1175
1384 1042
2392 1737
1009 319
377 3
1384 1042
2115 56
609 421
1384 1042
1262 1396
220 2715
2786 2440
1384 1042
625 1081
138 227
1794 906
1384 1042
2551 1048
1384 1042
1384 1042
263 932
963 569
1449 1384
552 1604
1384 1042
1384 1042
1858 783
157 2483
1384 1042
1384 1042
1384 1042
2309 668
2266 508
1384 1042
2782 1824
1384 1042
1967 1608
939 314
558 1020
2126 2958
1384 1042
1384 1042
1384 1042
92 120
1384 1042
2562 2705
942 354
2682 2868
2977 1526
1384 1042
1384 1042
172 716
1384 1042
2585 1675
2092 900
1384 1042
1696 1930
282 1053
1411 2507
2459 1250
1384 1042
1996 2576
1487 2458
873 1303
2371 1863
1416 2401
1378 435
955 2743
164 896
717 2009
1384 1042
2897 913
1384 1042
395 1376
589 1597
2567 1367
1312 741
1384 1042
1598 1717
967 1533
1998 1289
910 1087
1384 1042
2965 1565
403 1197
2316 603
1156 2059
1982 1516
1384 1042
2235 818
228 461
1384 1042
1384 1042
1384 1042
1615 1231
1384 1042
1511 1490
1607 57
1035 2770
498 1556
2199 1294
2897 2134
1384 1042
1737 1861
641 635
1384 1042
1659 659
1486 2566
802 2806
1963 217
2920 2902
2050 1014
1396 1305
1384 1042
1384 1042
1384 1042
1835 9
1384 1042
1384 1042
1384 1042
1254 2547
2831 2283
2120 1452
2991 2069
2498 2080
1421 196
1434 297
1384 1042
1010 1991
755 409
151 675
1384 1042
2096 1251
2944 2652
2966 1674
351 2209
1947 2621
368 2587
1673 809
2372 2829
1557 911
51 1787
1384 1042
1384 1042
2561 227
2878 454
2624 243
1063 769
2231 270
2734 431
1250 1761
1384 1042
1384 1042
1384 1042
438 2844
2280 2696
1612 2846
1384 1042
1384 1042
1807 789
1384 1042
2347 2473
1095 962
1648 336
2577 1970
1384 1042
1384 1042
177 211
2479 2392
1384 1042
1384 1042
49 2279
458 2925
297 901
2517 273
29 665
1650 2194
128 141
932 576
780 2047
204 1986
1073 27
539 1262
754 2325
1634 1460
1384 1042
1226 1054
1384 1042
1384 1042
919 2258
2633 2141
1384 1042
2456 1120
972 252
1224 1291
1384 1042
69 130
1698 2770
1619 811
576 769
2199 2240
1582 1986
2009 2449
1335 2212
808 2095
1384 1042
813 1503
1357 523
1432 21
701 519
1384 1042
1384 1042
1384 1042
1384 1042
1384 1042
1996 1327
1406 624
751 2221
1384 1042
1384 1042
681 1519
1384 1042
1820 2879
2441 1737
1384 1042
1384 1042
1384 1042
1384 1042
2633 2383
1741 450
2068 164
1384 1042
804 1525
1384 1042
1384 1042
2863 880
2088 910
1384 1042
1384 1042
1336 77
1160 1056
1384 1042
1384 1042
1384 1042
381 1721
1126 1302
1471 2313
2453 444
518 1543
1384 1042
576 1038
521 1066
2206 2733
348 1035
868 2915
866 1785
2463 290
1384 1042
1663 207
1366 2970
1384 1042
2006 374
451 760
654 319
497 845
1384 1042
1507 1769
1384 1042
1384 1042
2407 339
216 2458
1078 699
2390 1306
1384 1042
92 965
1958 1866
1384 1042
1384 1042
315 150
1384 1042
1384 1042
13 1432
1384 1042
1384 1042
2779 2721
1384 1042
1384 1042
1384 1042
1534 1539
1384 1042
205 1812
2572 2384
1369 21
1384 1042
2245 1995
378 2741
2066 1099
1617 235
1341 1740
2423 1075
854 1585
2088 1372
1384 1042
537 2252
1384 1042
580 1508
1384 1042
1384 1042
1384 1042
2032 2160
1820 1735
1384 1042
1384 1042
1271 2550
2238 187
805 234
1384 1042
2894 127
1384 1042
1384 1042
2236 2843
114 715
1384 1042
1384 1042
1193 2815
955 1897
2174 163
884 2922
1610 2812
1384 1042
2990 1107
553 1902
239 1198
1124 1202
1384 1042
2599 1882
1432 168
227 374
642 2378
543 614
2949 1963
1324 953
2482 1007
1384 1042
1884 2352
1384 1042
581 2168
1384 1042
2962 265
1384 1042
2361 2538
1384 1042
2108 321
1384 1042
966 196
2580 1896
1384 1042
1384 1042
2685 2494
7 2549
2335 2821
867 2442
1384 1042
1384 1042
1973 2110
114 2638
2142 593
1384 1042
1384 1042
1384 1042
883 2211
1384 1042
1363 2107
1384 1042
2593 605
1549 133
2753 521
983 680
1384 1042
1384 1042
1384 1042
1384 1042
930 1322
482 2063
497 1735
1384 1042
900 2421
376 2256
1358 2339
1572 2077
1384 1042
1246 615
1214 2067
1900 1228
53 801
2158 2701
1133 1038
1384 1042
1384 1042
1384 1042
1169 1995
1576 651
2023 238
1384 1042
284 1956
1384 1042
230 2027
2083 1938
1384 1042
1059 529
1267 2657
1384 1042
1384 1042
1100 2843
917 665
2554 1110
201 356
1011 696
2562 1962
1384 1042
2402 89
2829 1768
428 968
1384 1042
1384 1042
1384 1042
1928 2173
1278 646
1384 1042
1467 1671
1384 1042
1895 754
2108 923
807 2953
1681 665
51 1011
2654 2037
3 1570
2165 998
2837 1210
46 1305
2467 2682
1892 2433
2711 2212
1075 2854
1638 1231
1094 2561
2364 999
1384 1042
243 567
1384 1042
2002 1058
659 823
368 1898
1235 2252
2196 2343
1384 1042
464 2143
1197 2374
963 1933
1779 2702
311 2177
2278 2950
1943 1055
1025 727
1384 1042
588 809
769 224
928 2987
2764 594
2904 161
548 621
2108 159
2517 906
2218 1073
79 881
2728 2935
1384 1042
547 2292
2314 2090
711 1378
2153 2582
2691 1576
2875 2686
2801 2802
598 1042
1384 1042
259 1616
1384 1042
1571 1005
2953 635
1384 1042
2698 567
1384 1042
2078 2097
2652 1570
1483 292
2932 934
406 2949
1384 1042
1806 1941
431 524
1751 862
1384 1042
1961 928
191 270
1384 1042
1384 1042
2849 1221
1384 1042
21 1243
370 2032
1384 1042
1384 1042
1081 2480
880 2910
1384 1042
1714 1996
1801 1991
2332 2705
1384 1042
2093 1600
2541 242
1384 1042
1039 557
1384 1042
1384 1042
2011 1254
1384 1042
1384 1042
2908 782
1384 1042
614 2560
2117 848
2151 2898
890 2213
472 1139
1652 826
371 2619
595 2181
11 2069
1023 1930
1310 2285
2863 2859
2679 910
337 224
1384 1042
1365 2538
2537 698
942 1563
1384 1042
147 1305
1172 1706
1384 1042
2570 1376
839 2722
1384 1042
2104 2064
1700 1446
2357 259
2608 1073
1384 1042
2965 2321
1847 687
1274 2615
2531 268
1384 1042
56 2745
1384 1042
2409 170
1384 1042
50 1813
1148 2196
2457 999
2220 1940
2277 652
1384 1042
274 985
1384 1042
1384 1042
1384 1849
1384 1042
1112 505
953 1649
335 1201
524 973
1384 1042
1384 1042
2871 476
1926 2609
1474 2519
148 2522
1384 1042
394 1456
1104 649
1384 1042
1384 1042
1384 1042
2902 1495
2018 2084
2631 2267
1866 1467
1384 1042
1384 1042
1686 1850
1082 363
1384 1042
1069 555
1384 1042
1176 1141
2228 1246
1302 314
1384 1042
2648 2823
1384 1042
1159 2561
1384 1042
1291 1164
2232 2659
1058 2054
2126 1146
621 455
666 338
1384 1042
1469 605
1384 1042
1384 1042
1384 1042
2525 1224
255 61
1384 1042
1384 1042
1384 1042
1668 1913
2566 1894
39 2185
2529 1381
1852 2757
1230 1746
1550 2058
1806 2048
1787 1051
2078 1962
2937 236
298 891
2863 2140
1647 300
2425 1103
1268 2863
2375 465
1384 1042
1329 1280
1384 1042
1384 1042
329 2041
334 1656
277 894
2136 1690
1012 925
1157 2779
421 577
2968 520
1384 1042
2555 127
1625 231
2682 556
1384 1042
858 370
780 1713
401 2143
581 951
1384 1042
2513 1577
2588 2950
2464 215
1931 338
2425 2325
157 2656
661 2998
1384 1042
681 834
983 2571
1341 2573
2366 2798
2568 1721
248 2125
2175 1874
1763 389
1384 1042
1384 1042
1384 1042
1267 1018
447 2342
1384 1042
1725 664
1543 891
1405 1287
2274 46
234 1939
1699 2593
1265 2091
1384 1042
1328 61
1384 1042
2370 1148
1526 2949
1384 1042
1384 1042
1685 1516
1819 425
1276 242
1384 1042
1384 1042
1384 1042
215 2504
1773 2452
1384 1042
492 121
2667 845
2708 2771
1384 1042
1384 1042
978 2470
1384 1042
1384 1042
872 1439
2933 100
1803 2351
991 1756
1499 1194
1536 2210
1384 1042
1384 1042
43 2549
1384 1042
2138 159
2528 999
1384 1042
2550 2816
1384 1042
1155 1481
1801 448
1565 911
2803 1386
1384 1042
2287 2697
1384 1042
1277 535
1384 1042
565 1790
848 883
2349 227
1367 472
1384 1042
1384 1042
418 2807
2501 2882
1982 385
1542 1621
135 2657
793 2682
1552 801
2015 227
1625 1179
1384 1042
914 171
2622 1253
573 1685
1384 1042
1384 1042
1384 1042
1199 1737
1384 1042
669 1550
1337 2522
2296 1190
1384 1042
101 1717
1384 1042
1702 800
2385 2492
1384 1042
19 1981
1384 1042
2789 640
570 154
1966 1310
512 2410
119 2789
1384 1042
2009 2629
1281 12
1384 1042
1384 1042
2682 1645
881 2168
192 1930
1239 839
1384 1042
1384 1042
501 2983
778 1049
2283 2286
1989 2404
2006 2595
2845 1507
1568 66
1384 1042
2697 2926
1384 1042
647 1868
1384 1042
1384 1042
1861 1982
2016 811
1384 1042
1384 1042
1505 334
1384 1042
1276 1497
2858 1345
1384 1042
2536 391
997 2627
2448 2685
2134 1246
1384 1042
1384 1042
1384 1042
1817 58
385 1014
1384 1042
1974 411
1384 1042
1384 1042
2588 834
1384 1042
1384 1042
2473 1406
1600 2094
1384 1042
658 2633
1384 1042
411 2096
1400 2507
1472 1280
1173 1456
1360 1714
15 1561
1505 2798
1465 619
861 244
2561 2018
1384 1042
1028 2637
2016 127
399 1741
1384 1042
636 2043
144 398
1413 609
1057 2438
1912 2279
1384 1042
1384 1042
1384 1042
1100 2324
336 2204
1384 1042
2690 2626
1384 1042
2758 2648
1384 1042
1260 2612
1514 139
300 2734
2396 1093
1384 1042
1384 1042
281 936
1248 1982
2522 1196
1333 1961
513 2621
294 506
1067 400
837 597
1384 1042
1419 2645
1384 1042
1695 1466
1384 1042
998 2994
583 2158
1261 1136
1384 1042
470 777
1384 1042
1367 316
1384 1042
2624 1831
559 130
2340 38
2043 748
285 222
2936 2896
2128 1413
1384 1042
2637 1687
1519 2118
2499 407
2746 2801
1384 1042
1913 943
521 2349
1727 553
890 2867
1384 1042
1384 1042
1190 2654
2719 1786
282 2360
1384 1042
2551 1588
1384 1042
1384 1042
2039 606
1384 1042
439 2329
36 632
1384 1042
1384 1042
772 871
1818 1978
2831 1130
1900 1647
860 1001
1384 1042
504 2480
774 2065
1669 816
2396 407
1223 2561
1384 1042
1384 1042
1954 1577
2510 1338
857 2165
454 1469
825 1435
863 139
1536 1404
282 1901
1922 26
2783 2047
1129 2061
62 2858
2295 1350
1356 2422
2865 1485
2961 894
1413 2377
872 784
2109 972
2777 1803
1384 1042
1384 1042
1384 1042
1384 1042
2007 2960
42 512
1818 2641
2471 1799
1384 1042
1384 1042
2877 1172
1031 851
2383 332
572 912
1384 1042
2625 1050
1722 1771
2120 2137
2280 2375
1408 725
2053 1626
2725 2933
2360 2291
2062 639
1887 529
2196 1740
1262 1049
663 2007
2725 1298
2262 1586
1384 1042
1384 1042
1384 1042
524 581
165 412
1384 1042
1384 1042
1384 1042
1384 1042
1900 2703
1019 1115
1384 1042
2278 1636
1432 586
1160 137
2462 1867
1094 2174
398 2712
2364 832
2363 354
1539 641
169 1346
1247 1284
579 475
2155 257
1529 638
1005 66
1998 2524
2125 1329
1652 1008
2630 1999
19 2192
1384 1042
1134 1299
2673 540
1241 1751
1719 2203
1384 1042
1384 1042
804 2668
2581 28
1384 1042
1165 2187
2749 694
1384 1042
1384 1042
1384 1042
650 944
735 395
1384 1042
1673 1561
187 2631
2013 882
2645 845
1384 1042
2012 1151
1556 2012
1452 2380
1384 1042
1384 1042
137 2274
2985 672
1012 2078
1562 1804
913 406
10 2941
1384 1042
1418 607
614 2701
823 922
1687 1779
576 1113
1384 1042
1706 2975
1384 1042
1472 607
465 1692
1384 1042
953 765
760 1145
40 25
1384 1042
1921 565
1384 1042
2344 1370
2930 2161
2335 1961
1144 1489
2 158
365 1821
1384 1042
145 2202
2112 1103
1970 1643
2122 1745
1384 1042
1641 2938
779 2144
1424 2654
1384 1042
711 652
836 255
1384 1042
1384 1042
360 120
1978 2311
1384 1042
1558 1257
1834 1434
1384 1042
174 552
1544 2560
1384 1042
1384 1042
1384 1042
1332 755
1384 1042
1384 1042
1384 1042
1728 2772
2514 2204
1565 666
2280 1466
2307 207
1344 2914
1104 2327
1384 1042
808 390
2220 1081
1384 1042
1626 1862
2593 886
2103 2291
1384 1042
884 2970
1384 1042
1016 2455
38 1039
272 2209
2834 1654
1860 111
180 1460
1384 1042
811 1783
1945 389
461 48
886 2549
935 1388
2382 2096
905 1759
1384 1042
2899 745
628 1589
1384 1042
904 1920
1384 1042
1801 2772
1100 2491
720 650
1301 1064
1384 1042
1774 1771
2456 2575
942 1102
575 1328
1384 1042
1384 1042
2705 2624
1384 1042
1209 75
1913 106
1384 1042
2425 2534
1384 1042
2313 1556
1384 1042
2859 222
1384 1042
1384 1042
1384 1042
2273 2334
2302 1644
2122 1632
66 1641
412 2130
1384 1042
2966 838
2564 989
2356 809
1190 1366
1384 1042
1477 1379
2546 2992
1384 1042
830 1252
2301 628
1384 1042
1948 98
2296 1781
1952 1351
1384 1042
25 2582
2480 2393
1384 1042
1040 190
2675 2704
1384 1042
1384 1042
1683 2019
210 1626
1384 1042
1279 2001
2332 2798
2977 119
496 435
2603 2894
565 2727
2141 146
125 563
1384 1042
1690 796
598 433
1384 1042
86 1427
783 798
174 2617
1682 2097
1875 2172
2522 430
1384 1042
1126 479
1989 4
1384 1042
1458 1674
218 853
859 2753
549 618
1168 2414
2970 25
1395 2881
1182 1021
1874 252
1089 700
715 2258
1236 1363
1384 1042
569 507
1160 1588
1384 1042
1437 2373
827 1878
2038 1715
327 2231
1384 1042
2075 1059
2592 1241
1384 1042
1384 1042
2952 2568
553 2175
1944 2450
391 901
1384 1042
494 1798
1384 1042
2931 329
1395 1006
1384 1042
1461 1644
2161 1432
577 2203
326 1333
276 1656
1384 1042
231 2631
2656 99
217 2676
2415 2034
2297 1896
1095 2940
887 35
112 1662
1384 1042
2647 1658
1699 1915
1384 1042
1384 1042
412 2539
1566 2864
930 280
1626 2266
1982 2675
2086 530
1384 2565
2659 22
1384 1042
1550 2632
1909 352
1503 598
1384 1042
284 107
1384 1042
1443 1267
2101 972
1384 1042
1384 1042
1365 2163
2204 469
400 1132
138 1378
313 364
1717 125
2296 2725
2966 1002
1384 1042
361 2822
1661 2662
1086 296
85 772
1630 1953
1384 1042
1744 2487
1384 1042
253 345
975 1252
207 1567
1156 88
1384 1042
2183 1711
1455 1104
1384 1042
1384 1042
1384 1042
2142 1089
1384 1042
2667 2340
2241 2073
1669 2370
1384 1042
615 2299
97 2562
529 1402
1384 1042
2804 1072
1384 1042
2912 2112
1384 1042
837 976
1384 1042
180 2471
1384 1042
2 932
1384 1042
800 608
1764 435
1384 1042
1384 1042
1384 1042
1384 1042
2409 2348
107 2469
2366 2638
2451 86
2274 2469
2578 481
1384 1042
1355 2141
1384 1042
1384 1042
2588 1938
2543 1418
1384 1042
2221 498
8 1489
702 1546
570 1210
2791 19
2037 647
1384 1042
2509 1278
2667 1284
1384 1042
1407 597
2747 1069
1384 1042
759 251
1384 1042
2054 1423
1095 1820
1930 2695
1430 2828
2957 1952
448 100
1384 1042
2552 419
1357 2604
1298 2059
1153 1439
1503 1156
1887 2111
1299 1879
2975 188
300 1831
1384 1042
1384 1042
1924 34
1999 2307
843 208
1399 403
1384 1042
594 2725
2449 933
1364 2472
592 1331
2643 1363
1798 1248
1050 1609
1766 324
1384 1042
1340 2587
2465 2437
2365 1469
806 1104
2524 2174
2818 1916
159 2653
1384 1042
1176 532
2096 2481
1384 1042
203 1164
1659 925
1384 1042
2419 63
1384 1042
456 2549
2656 1708
696 1918
2359 2812
2364 2878
1097 2226
1384 1042
1384 1042
215 2864
2205 1964
1136 2732
1384 1042
2407 191
962 982
2535 2943
1384 1042
966 1290
2591 8
1384 1042
797 2947
720 2754
2617 1963
2722 163
1522 799
1798 1910
1384 1042
1672 1045
204 2070
2787 1605
1384 1042
1699 1400
2058 2177
756 2101
1348 1000
1638 1664
1384 1042
2507 2852
1448 2294
1384 1042
994 1584
1384 1042
1616 141
1474 2272
2398 2418
101 61
508 1914
1384 1042
1384 1042
2761 121
1083 1475
1384 1042
799 946
2258 534
1384 1042
1261 2035
1923 64
1384 1042
1103 1963
509 2324
81 675
2805 2768
2480 1617
1384 1042
1384 1042
410 2888
1141 2534
1384 1042
843 2927
539 2268
274 729
1384 1042
1384 1042
1384 1042
569 2750
820 1131
370 2020
2565 2889
2099 2723
1384 1042
2776 1895
1698 2018
456 2198
100 1289
2009 869
1473 1135
269 1165
1040 2668
1384 1042
1410 2437
1365 1794
633 2499
192 2385
1384 1042
1991 155
1384 1042
1226 2072
1384 1042
1120 1371
1692 1737
2636 1737
1384 1042
1384 1042
1860 1456
2153 2249
2375 914
2530 1940
226 305
1384 1042
1518 683
1327 169
2459 1289
2153 1593
317 2681
1530 736
2707 2479
2071 871
85 1610
2303 2464
39 629
1865 1825
405 1111
1636 1707
171 2184
1384 1042
1384 1042
1076 2828
175 1912
2444 2244
2576 1989
809 2580
1678 1990
1341 986
466 468
1203 1655
2228 2219
2404 2918
294 1647
1384 1042
695 1830
1108 1374
2529 5
449 2203
1384 1042
1519 2473
1384 1042
987 1742
667 1857
621 2034
1384 1042
491 2894
1384 1042
344 587
2605 921
1384 1042
1384 1042
1384 1042
1710 2078
1333 998
2708 1167
1040 499
41 701
1384 1042
1490 1844
2632 306
250 1513
369 2492
2011 1887
2988 316
1384 1042
646 1849
722 1277
2111 371
1384 1042
1480 1643
1438 1089
250 127
1384 1042
695 1785
718 2835
2988 1034
1384 1042
1384 1042
1384 1042
1732 1712
1384 1042
613 1220
743 671
1160 24
1384 1042
1595 587
2264 1785
2211 1370
2077 1139
1120 442
1683 1092
2236 224
662 2971
522 26
1384 1042
1445 1367
352 2545
321 2249
2312 649
2820 1553
1384 1042
2346 1427
586 1344
1384 1042
188 1341
1384 1042
1476 2697
1384 1042
568 2874
1513 949
1384 1042
2041 2677
1789 2194
2672 2929
670 1572
2808 2389
1384 1042
1384 1042
1828 1012
2671 1883
2419 953
1384 1042
655 2718
1118 1185
2108 655
2467 2946
1408 2219
2248 424
970 2451
2320 1564
1998 2890
2675 1024
1965 1351
520 1806
1384 1042
1384 1042
2874 2239
1387 252
1384 1042
460 2165
2057 2047
2490 444
1384 1042
1879 2258
167 1598
1576 306
2225 1267
1944 1997
1384 1042
1435 385
398 1674
2414 2901
185 1035
640 2138
1384 1042
1659 2732
1545 1539
866 479
559 1534
2523 2880
2812 258
1978 2186
1384 1042
1535 822
1384 1042
1384 1042
2066 1042
1494 2651
1323 115
1384 1042
1384 1042
2719 1709
2249 2513
2119 1216
1841 2729
1728 1313
1384 1042
1384 1042
1548 76
829 76
991 2056
1384 1042
1960 1837
1384 1042
2502 2435
2052 2559
1384 1042
1057 2368
1384 1042
2861 1559
2374 1989
2511 2272
319 902
975 208
160 2083
734 2360
1909 659
185 1968
1384 1042
164 223
1895 1910
1375 723
1039 2930
7 1276
536 2293
1641 2611
976 156
1507 1955
1384 1042
1384 1042
1384 1042
1384 1042
2222 953
2216 1903
309 1444
1384 1042
1384 1042
2680 1100
2113 1508
1384 1042
2887 2822
2961 1685
791 1451
1096 1606
2278 1883
1384 1042
2566 576
1143 2673
740 1869
428 125
1415 1222
1384 1042
2153 1307
2679 925
454 1874
2440 186
128 443
74 1946
1384 1042
2343 2960
1694 1833
765 551
2060 144
2550 1657
1292 286
1384 1042
859 857
2221 1025
1384 1042
2662 428
862 1346
1333 2524
1384 1042
1035 1668
1384 1042
1384 1042
556 1875
1384 1042
575 2526
506 418
2912 2816
1384 1042
1987 920
1384 1042
689 1005
2736 2714
323 2346
1586 1895
1384 1042
1032 1565
1384 1042
2571 871
1384 1042
1384 1042
2053 1662
23 288
376 1038
992 2011
2083 2561
920 2294
1589 631
2007 692
1775 55
1384 1042
1384 1042
2695 2451
482 2881
2313 441
1384 1042
1384 1042
1384 1042
1139 114
867 942
917 1446
1888 2617
335 764
1384 1042
1056 156
95 2805
2388 1721
1384 1042
954 1055
1384 1042
1109 2998
1384 1042
203 2678
1384 1042
1416 889
1516 1289
2597 2685
1845 1924
2595 2769
546 921
759 714
1384 1042
1176 651
1384 1042
2425 420
1384 1042
1474 683
1384 1042
1384 1042
1384 1042
130 1502
1384 1042
1554 2370
609 1905
2969 29
2297 2818
1384 1042
1384 1042
1384 1042
184 2315
1730 1715
775 1461
1177 2978
386 2635
1384 1042
2679 2148
1384 1042
980 1755
1384 1042
2574 2687
571 1409
119 2720
1873 1198
1322 1338
927 1115
49 1996
1300 558
2573 1297
1839 1440
173 767
894 1377
2966 2656
1384 1042
1406 2202
1384 1042
1100 521
1781 266
1384 1042
1384 1042
1815 2033
1384 1042
1384 1042
868 2732
1174 2617
2235 698
1384 1042
1860 1517
710 847
1384 1042
2232 1303
2281 236
1384 1042
1918 2871
1615 2138
2766 139
1308 2549
1628 902
2720 2460
1384 1042
838 1558
1098 19
1555 1704
2973 1433
975 1288
1384 1042
2931 1229
1242 2272
2473 2701
2839 1580
975 811
1384 1042
1384 1042
2919 1811
1406 2916
192 986
2358 2395
2106 1571
1571 1030
335 577
1384 1042
1384 1042
23 2936
1384 1042
1625 54
901 478
1384 1042
255 1562
75 2019
55 2012
2442 2070
1677 2174
862 704
1648 1950
2607 996
2746 642
1384 1042
1384 1042
1319 1854
1640 2996
1384 1042
1384 1042
11 481
1251 2957
2250 1531
2491 2216
1900 2855
679 239
1626 2894
1384 1042
1884 1704
1384 1042
2068 1857
2297 1666
1850 2919
2062 30
1384 1042
2373 2439
1844 259
2381 1774
478 14
2572 884
385 1541
450 218
1384 1042
2930 1833
1402 1346
1709 33
2063 604
939 2428
1117 414
1384 1042
2693 1894
346 894
560 135
2652 1799
1384 1042
1964 2628
1384 1042
841 2913
1941 1388
2040 294
521 1857
1779 1448
1080 236
737 126
1384 1042
2539 1946
1435 586
2092 1127
1680 301
846 272
2576 312
1384 1042
1774 177
869 2337
2976 1031
1384 1042
2220 1860
512 1370
2843 2594
2484 1604
1384 1042
1384 1042
1384 1042
1384 1042
2833 1559
2464 1719
1907 2580
576 618
1384 1042
600 2042
1510 1704
1384 1042
2996 2310
1160 643
1384 1042
1951 531
1784 1700
1384 1042
1331 545
1384 1042
7 1217
2766 2917
405 1894
1090 384
967 1365
1143 407
2136 1829
1343 1542
2564 560
226 937
1462 1208
1187 1357
1477 495
731 2278
1384 1042
2570 1517
1238 877
103 1795
2991 2931
1697 1681
2384 2363
1426 2135
2262 2376
1952 2942
1089 2857
1876 706
1384 1042
2128 1996
2808 1373
1384 1042
1384 1042
1384 1042
1384 1042
1384 1042
1384 1042
2456 700
2772 2634
1384 1042
1384 1042
1384 1042
2444 2007
1778 2520
1384 1042
1767 2633
1160 2650
2314 2719
777 839
1384 1042
574 595
1997 2774
2932 466
1384 1042
2948 1763
1384 1042
810 730
2319 1847
1384 1042
2579 1257
2336 2124
2443 1244
137 1917
1384 1042
1151 932
1213 2924
2845 541
2269 2651
859 934
2583 2317
1924 2579
1472 2852
2084 2301
604 1472
1384 1042
1202 521
2178 31
2417 132
1384 1042
2622 389
2810 1310
1384 1042
1384 1042
2814 179
2169 2909
2916 908
1384 1042
2196 2340
2042 1196
1384 1042
1595 934
1384 1042
1384 1042
664 2219
1384 1042
1384 1042
1851 1593
2430 1461
2225 1112
1210 2171
1384 1042
1384 1042
511 276
1384 1042
2674 255
1384 1042
830 2222
1079 750
283 1453
1384 1042
1384 1042
1055 1302
2449 2888
803 2504
1384 1042
1384 1042
1384 1042
2821 1083
2394 1913
1384 1042
1935 647
1384 1042
2625 1763
2902 1244
1592 1485
1384 1042
1384 1042
1384 1042
1059 2337
2876 2856
1100 2528
1384 1042
1384 1042
1384 1042
940 2788
1384 1042
698 1148
1384 1042
1384 1042
1384 1042
1384 1042
1384 1042
2581 1633
1281 1578
2440 1005
1384 1042
1899 968
1384 1042
1536 2133
580 898
2152 1798
378 714
1615 453
860 1268
1620 387
97 1289
1418 601
1384 1042
1384 1042
2621 27
1384 1042
1384 1042
1384 1042
583 2375
2330 1919
804 2677
201 1973
1384 1042
920 2422
1384 1042
824 224
1384 1042
1101 872
1982 2805
1384 1042
2727 38
1780 1763
1384 1042
2338 2296
1384 1042
1384 1042
1384 1042
1819 2792
200 1775
1065 2060
1384 1042
1384 1042
1384 1042
902 1448
1572 901
1384 1042
2643 780
1380 1237
556 1277
1384 1042
1384 1042
2168 2947
1686 278
1384 1042
2469 255
495 2636
2131 40
1354 2043
71 954
1034 1037
1384 1042
1349 2376
1384 1042
16 2145
518 302
1571 494
368 1479
2810 967
166 2182
641 2036
1384 1042
2944 295
2250 2078
284 2338
1384 1042
1384 1042
2350 1889
1384 1042
1384 1042
2869 1758
1632 1554
1384 1042
1384 1042
1702 1695
1384 1042
1016 2053
1384 1042
1622 2078
1384 1042
1384 1042
2165 189
1770 895
2683 1297
2758 1409
785 762
2682 115
2155 861
180 2482
831 1931
1384 1042
2092 2594
2811 2141
110 1054
1384 1042
790 2571
2322 1069
1386 614
219 838
1482 402
1851 1553
695 484
1338 2428
1414 147
1156 1190
2849 993
582 2450
2833 739
2167 2370
1384 1042
2769 2220
1341 674
2034 1719
1667 975
2715 2800
1333 2451
1384 1042
1801 922
1601 2794
2204 762
1182 2778
2962 2835
245 1872
1074 1413
382 2834
1384 1042
1772 2766
1384 1042
1802 1652
608 1872
1643 1623
2939 2449
737 1802
501 431
2108 2356
1384 1042
409 1317
737 384
842 997
1770 247
282 1949
1340 709
102 1996
1696 273
1384 1042
2302 1628
2392 1677
1832 151
1384 1042
1384 1042
1384 1042
891 892
612 1050
1384 1042
1795 1507
2519 1504
37 227
303 1617
1374 729
1575 1909
1217 346
534 2274
723 2115
1148 1622
1384 1042
1384 1042
675 2617
1384 1042
2662 2930
1267 833
1384 1042
1706 1991
2357 1328
1384 1042
607 1555
1384 1042
1771 2598
2044 1072
735 1731
1951 2913
1384 1042
83 2255
2213 723
800 2143
1448 1726
1384 1042
888 1989
2087 2749
1879 1127
816 1171
866 2680
1384 1042
1465 2197
1384 1042
2470 1296
1384 1042
1384 1042
246 1056
2245 1383
2077 2311
1384 1042
2202 753
387 1725
2220 640
1384 1042
2166 1636
1291 2602
630 1082
1384 1042
248 773
1384 1042
1384 1042
1384 1042
1384 1042
964 215
2225 1600
903 1070
1384 1042
1692 1364
435 1547
1024 2302
1384 1042
1384 1042
1384 1042
2260 1008
153 1937
921 2843
1920 515
2540 2170
1384 1042
1030 2325
1102 44
1384 1042
1233 427
2401 26
2847 165
622 2988
1384 1042
78 536
1443 1928
2533 2550
2722 1263
2405 1910
1648 234
1429 2550
1384 1042
416 2303
881 1559
1853 800
1384 1042
494 370
503 193
1088 619
1384 1042
1384 1042
384 1608
2370 823
1384 1042
721 2562
1384 1042
1144 2955
1667 2862
1384 1042
1611 1808
455 2345
1237 1159
2639 2553
1129 2972
1384 1042
1384 1042
1384 1042
1854 85
1167 905
2602 411
1864 2117
1509 1521
1769 617
2480 1086
1384 1042
2096 856
564 386
1744 1712
1526 972
1543 115
1384 1042
2873 2363
2725 145
2221 317
1879 2762
1154 673
1165 1671
515 805
2678 2592
2540 2229
1298 179
1975 706
1731 2501
1384 1042
1384 1042
1384 1042
1384 1042
2453 1083
1384 1042
835 2592
51 1220
1384 1042
740 2847
2272 2622
2912 1272
2613 1259
1042 968
1384 1042
823 2274
1384 1042
720 2624
1507 2596
1550 1821
1384 1042
1384 1042
1384 1042
803 1979
1384 1042
2522 993
2725 2076
1384 1042
1713 130
2652 2203
2117 1031
1844 2143
2909 2430
2531 1937
121 2108
2826 1515
2945 1801
1165 591
2404 713
2795 1839
479 1737
1384 1042
2289 824
1384 1042
184 294
1384 1042
2619 1066
2977 1639
570 243
1220 1639
1384 1042
2298 2595
2316 527
1384 1042
1586 1375
1384 1042
2335 1151
1384 1042
2486 2857
2689 213
483 2
2320 1896
1384 1042
1384 1042
1384 1042
1094 1908
1384 1042
1454 1948
2863 2787
2042 2604
999 156
1384 1042
2552 197
2934 2798
1425 1854
2607 2101
1384 1042
2792 1981
917 725
1384 1042
1384 1042
1057 1733
1015 1774
2695 570
1705 304
433 1947
1071 2016
2817 2400
1209 331
1384 1042
1384 1042
2086 2101
617 2672
1932 1815
2751 612
378 1593
1384 1042
480 2104
1936 799
1384 1042
759 1459
1932 142
2733 460
2333 1071
1180 1402
974 2698
2251 2902
1226 1067
551 1083
2371 750
2558 589
2732 2605
263 2608
1444 144
2890 2971
2726 1157
2301 1686
1454 2660
2775 1351
787 958
1384 1042
1846 642
1384 1042
500 1476
1492 53
1818 29
1280 418
924 2311
1384 1042
1379 1116
1610 467
1384 1042
1946 216
1771 1169
1384 1042
1384 1042
1094 1509
1384 1042
2856 2526
2329 610
2664 328
1384 1042
2178 435
1384 1042
481 1760
1308 2275
1962 1805
1384 1042
2529 1731
2423 1332
447 2665
2122 1883
1384 1042
1537 227
703 2754
2417 1356
1838 1510
1384 1042
2635 1790
1856 2214
612 1222
1384 1042
1384 1042
29 1294
1384 1042
1841 1642
480 101
436 1754
1384 1042
2659 1764
1534 253
1384 1042
1805 2623
2112 2461
1399 1827
1602 1105
2139 2089
2814 1317
1384 1042
1384 1042
2712 1708
1384 1042
2747 2796
1368 795
217 622
1632 943
1041 523
1384 1042
1471 2190
1091 653
1227 2770
925 275
1196 2441
1384 1042
1512 368
1287 1572
173 2272
1559 2888
2847 2920
2111 2702
2834 768
1072 2171
1384 1042
2308 320
1384 1042
1384 1042
1958 73
2939 302
1026 2715
1703 484
1384 1042
1384 1042
2359 131
1384 1042
1027 2732
1384 1042
2892 43
2755 668
370 1615
1504 263
1384 1042
1384 1042
1384 1042
2452 2133
2828 402
1384 1042
1384 1042
2055 600
1404 2714
2066 489
1833 350
628 294
2387 2428
1384 1042
1384 1042
1096 747
2505 2686
1384 1042
788 82
1508 2441
2055 114
2501 1401
1822 2161
1958 848
1384 1042
1340 2892
1384 1042
694 2100
313 969
50 717
1968 2528
1384 1042
670 483
749 468
2888 634
1384 1042
1384 1042
227 1466
818 362
1384 1042
199 649
1125 222
313 2910
2866 1308
1119 540
2813 2329
1384 1042
1021 2698
2425 609
1384 1042
2034 555
1384 1042
2674 418
1384 1042
336 788
1330 1436
290 1186
666 308
1200 2763
1099 1344
1384 1042
1511 2611
1007 2910
1938 1541
1384 1042
2668 2949
2457 2287
1384 1042
1384 1042
1384 1042
943 2089
2518 2356
2631 253
1384 1042
1384 1042
644 2523
1342 1085
867 1905
1453 754
1384 1042
1384 1042
778 2257
1241 1546
1384 1042
1316 1875
1384 1042
1384 1042
493 75
748 2827
2862 876
1384 1042
965 1309
2319 1334
1384 1042
2709 1174
1384 1042
1255 2340
2540 2358
508 2639
1556 198
1384 1042
2225 1999
2216 1055
1655 1168
1623 1514
2743 275
1117 2552
1384 1042
120 2279
2247 2438
214 2122
1384 1042
1384 1042
627 1081
2113 954
1121 1859
858 2737
1384 1042
2564 485
1384 1042
2764 2087
1384 1042
2723 418
667 91
1129 1599
1384 1042
1384 1042
1070 969
1384 1042
1692 2069
2796 1591
1384 1042
2268 1566
1559 1052
1384 1042
1671 2540
1711 2993
1453 1545
2430 2651
1384 1042
919 1627
2076 48
940 1757
748 1268
1335 171
2923 504
460 2569
2803 1834
1384 1042
2165 1003
46 1876
2362 1596
2524 1248
2248 989
1821 1146
1384 1042
99 1825
1384 1042
329 2959
2774 13
1384 1042
4 1578
1139 2099
1514 2103
72 2792
1846 1350
734 461
805 801
1947 1626
870 1211
2882 1291
2745 1250
2792 403
1384 1042
1384 1042
365 982
1535 1743
1036 2728
1384 1042
1384 1042
1643 1135
1425 1681
1189 2769
2578 1530
2764 2660
1384 1042
1771 2275
827 1408
1879 682
1384 1042
1384 1042
1213 53
1562 1136
2789 2542
1894 2437
238 2928
2061 2551
747 2703
1384 1042
2726 1690
1384 1042
2327 2998
1384 1042
2951 1725
1384 1042
2197 1752
1267 2369
1803 1415
1966 1726
1384 1042
2231 1073
1486 2066
348 2377
588 2053
1384 1042
1273 487
1424 2407
2884 1040
2507 2479
2329 528
1461 1601
1907 1453
794 1673
2790 1302
1384 1042
1384 1042
2647 2290
2588 1163
1384 1042
2990 2208
265 2189
942 2027
1550 374
1384 1042
1059 1935
1566 225
1384 1042
354 2727
1384 1042
1384 1042
1384 1042
412 1440
2211 2651
1384 1042
2536 2655
2555 2967
941 2705
2566 209
2795 828
1605 2797
258 1813
1384 1042
2527 2961
88 727
266 1009
1999 510
1997 1154
1384 1042
311 2898
2689 987
2585 201
1384 1042
1384 1042
1384 1042
2481 1017
2212 789
2258 2920
967 1067
66 1867
992 924
1031 2900
1384 1042
1384 1042
1384 1042
1095 1798
1384 1042
1384 1042
1384 1042
1384 1042
1729 938
1384 1042
1384 1042
32 273
2641 943
1552 676
1566 2222
1023 1181
2214 998
1530 1850
1382 1682
2971 2045
865 51
1384 1042
1474 548
2119 377
1384 1042
1384 1042
1384 1042
1780 2923
1587 652
2333 2563
1019 1752
1384 1042
2646 1283
1384 1042
1384 1042
1792 1985
1384 1042
1384 1042
1032 1456
1586 1500
1384 1042
1384 1042
1384 1042
1767 637
626 1855
1384 1042
1761 1828
2494 1467
1384 1042
1384 1042
1591 852
483 2999
2782 1068
1384 1042
388 874
666 640
227 1567
2226 2688
1162 565
1384 1042
1379 2502
381 516
314 762
320 233
598 2689
1955 2553
280 1205
707 2668
709 2566
1384 1042
2032 2193
691 749
2019 1522
1088 1511
2043 1291
1384 1042
296 1930
1051 2096
2690 2474
133 165
1533 1642
2152 1516
2823 1898
1340 1247
764 1772
2585 864
984 1538
1384 1042
2301 2508
465 2342
1384 1042
1966 2581
2578 330
2088 640
2827 2347
2463 2585
869 86
1031 448
2169 1796
2686 2005
1384 1042
1625 1569
1384 1042
1384 1042
1384 1042
1384 1042
1306 1298
370 2970
2571 2097
1342 2834
1384 1042
1384 1042
2796 132
1384 1042
648 869
1384 1042
2192 2616
2902 2979
667 2911
1384 1042
74 1030
1816 1511
1384 1042
846 2035
1534 1794
1384 1042
1384 1042
2360 2923
1338 1236
737 1130
1562 960
783 1841
904 140
2408 2915
1384 1042
1384 1042
1384 1042
2892 789
1359 2311
1384 1042
1384 1042
2319 2603
1384 1042
241 533
1384 1042
1716 870
1076 117
2297 891
1744 1815
2428 2037
812 472
884 2004
2614 2197
840 2028
1384 1042
364 1496
452 2198
1024 2955
1384 1042
2411 2598
1384 1042
1648 1953
1384 1042
1091 2421
1093 957
2627 1814
1161 1762
1384 1042
2122 529
1384 1042
1384 1042
2020 207
1005 1508
2586 2064
1028 2955
1695 1571
1384 1042
560 173
1463 1408
1061 2312
158 293
1632 2786
1384 1042
1825 2157
1528 2187
2809 1910
494 1429
1384 1042
1384 1042
2064 981
332 2647
1140 1995
1384 1042
1453 2837
1384 1042
734 1806
1380 1346
876 1374
2680 2025
736 2454
1384 1042
2417 1219
1384 1042
1384 1042
2354 1374
1265 1987
1384 1042
1384 1042
2292 1518
1384 1042
1986 1963
2384 1385
2121 1852
165 595
1761 1585
68 51
194 955
1381 2839
1384 1042
1563 1731
543 1949
1384 1042
2866 456
2864 2094
1384 1042
563 2274
1384 1042
1150 1592
2027 312
2979 1637
1384 1042
138 1927
2496 552
1384 1042
526 2165
1384 1042
2976 1171
740 957
387 1557
1326 402
117 2066
2947 2650
2093 1814
1384 1042
1384 1042
1384 1042
1066 2808
2831 1706
362 1882
1384 1042
1579 2553
2078 1869
706 2472
1776 2721
2565 2598
2736 616
1041 2453
2019 2077
1384 1042
318 2937
423 1036
1384 1042
1384 1042
1384 1042
1594 2669
1384 1042
2199 2977
71 1297
2669 1359
1107 809
419 2635
1934 834
1540 555
576 484
2730 530
1555 1550
632 2944
1384 1042
1384 1042
1384 1042
1525 2361
1384 1042
1384 1042
1384 1042
657 2197
2004 260
1598 2170
1384 1042
1276 2241
129 464
1060 2752
2302 2015
1749 2012
1635 1821
2616 1762
1384 1042
2356 1155
2943 283
305 1134
2239 2998
1384 1042
1384 1042
1208 2555
2818 1238
914 2227
1982 1721
2452 1670
1384 1042
1928 1223
624 71
1745 1622
721 23
954 2344
2293 623
1901 1214
2495 2862
1384 1042
1017 279
1478 2449
926 2464
1057 2955
1384 1042
2050 2292
1384 1042
566 2552
1384 1042
43 2717
1384 1042
1384 1042
1384 1042
1384 1042
2054 1353
1384 1042
2943 39
1384 1042
1384 1042
777 595
1384 1042
417 2279
667 1340
1384 1042
1092 145
1945 2848
1895 2927
1384 1042
1010 1745
1384 1042
355 1603
934 2350
815 1560
2489 2131
2694 734
1384 1042
1384 1042
680 866
166 359
638 934
1384 1042
2645 715
1158 2663
1147 1030
1384 1042
1384 1042
1618 2769
1691 1733
1934 2603
1381 1590
1230 1367
2278 2051
829 510
1384 1042
2622 2975
2356 1697
1391 2766
2176 2156
2200 809
1349 1163
2456 1673
1991 1353
1983 2280
2516 511
2484 1916
770 1757
2085 2089
1384 1042
2784 2057
1075 1076
1384 1042
595 2462
1579 2804
1384 1042
2006 742
321 2100
1384 1042
688 1275
288 2033
2104 195
1053 803
570 1811
343 107
1384 1042
2617 2698
648 856
1384 1042
2207 2084
380 1079
2895 2604
2537 1872
1384 1042
1952 1677
1454 1306
1442 59
450 1385
1712 2662
1578 1951
651 2656
810 1056
2421 1617
1384 1042
1384 1042
322 1867
1404 2425
2922 4
1407 1679
2696 591
2090 2175
2301 1263
1384 1042
1384 1042
2873 2266
1384 1042
805 2976
1384 1042
1384 1042
1384 1042
631 1377
1384 1042
1384 1042
1384 1042
2090 811
50 2205
2011 729
413 2829
1974 2788
1412 2296
186 239
1105 1591
2321 2938
1118 1012
834 1730
1310 676
1384 1042
1384 1042
1736 1606
2400 2662
1996 338
996 1997
1384 1042
1095 662
2199 627
650 2080
2388 1782
71 569
214 2016
1384 1042
1845 2707
1126 2626
1384 1042
2787 136
2281 2418
839 867
2738 1691
1384 1042
1650 1358
2429 1305
1369 1053
1384 1042
2421 2663
2664 2419
15 741
1384 1042
328 1545
1890 1190
2559 2038
1754 1650
1384 1042
2584 479
2618 20
1384 1042
241 2151
848 2165
1550 1863
2842 1630
1384 1042
1384 1042
2961 1959
1384 1042
2549 2118
1614 1565
1384 1042
2509 59
512 354
840 2312
1384 1042
2349 2477
608 67
2854 2894
826 339
1384 1042
2081 803
2134 1093
1384 1042
2756 66
2187 1044
1188 1030
639 782
329 1949
1682 2755
1384 1042
752 1034
120 373
83 846
2384 1298
2451 1466
2270 2339
1384 1042
874 2403
1375 2292
2067 659
1142 1634
1384 1042
1467 1871
1384 1042
761 2913
2542 1264
2566 2794
1384 1042
2278 110
2821 717
412 2761
1384 1042
2505 790
1384 1042
1384 1042
1384 1042
1384 1042
2853 2388
892 640
1798 2728
239 626
454 1424
55 1996
1140 2376
1384 1042
1013 1318
1384 1042
1628 850
1384 1042
1384 1042
1384 1042
1564 1271
616 1431
1516 113
1470 1985
1384 1042
1384 1042
1092 2394
786 348
1384 1042
2177 338
128 482
2399 1364
1615 2575
486 468
2566 344
554 1310
1384 1042
1384 1042
1384 1042
2692 741
1384 1042
235 1622
740 1459
1384 1042
2657 338
215 1096
541 862
265 1062
1384 1042
1416 1976
2193 1154
2488 1046
2354 1452
1384 1042
1384 1042
2600 728
1384 1042
2108 2512
2373 657
433 2620
1384 1042
1384 1042
1384 1042
2033 2311
417 2911
1309 476
2958 1076
2019 897
1384 1042
1175 1424
472 1151
1384 1042
1384 1042
2708 380
2565 1010
2429 1834
1384 1042
2347 2696
1384 1042
2511 327
1314 478
2350 2280
1384 1042
2907 352
1955 2298
1148 1899
2202 2515
2039 1768
1384 1042
1384 1042
1965 1088
1413 2952
2733 792
1384 1042
2638 1222
1919 1528
975 330
1410 30
2859 231
1384 1042
2945 2622
2796 274
1755 123
1384 1042
1384 1042
1742 1729
200 949
1384 1042
2880 235
162 2679
978 1306
1384 1042
2086 2389
1174 1986
1384 1042
2162 412
1384 1042
1858 1873
2167 1783
1422 2392
619 517
1384 1042
2864 150
2180 2448
983 794
2800 1616
860 154
1384 1042
1384 1042
1740 789
2300 2148
1789 222
709 768
509 1580
2152 569
2425 1719
2099 961
1384 1042
1474 2533
523 2016
1359 2154
2310 545
775 2986
860 50
1384 1042
10 1689
706 87
731 2290
1384 1042
2113 499
1384 1042
1740 2940
1384 1042
1384 1042
12 2895
359 681
1384 1042
1384 1042
1384 1042
658 1843
671 966
1763 1224
1384 1042
913 1056
1028 6
672 1052
1384 1042
856 2208
923 643
2044 1425
1902 919
973 933
1294 2645
1384 1042
1118 2281
2308 1470
2949 2096
1075 2252
411 1335
2016 2004
968 1854
2442 2406
2180 1461
1181 2987
1384 1042
1384 1042
2431 2607
2006 1211
956 1528
361 276
1384 1042
1384 1042
2200 2691
1384 1042
2800 2831
1384 1042
1384 1042
1384 1042
581 2515
1708 1846
1971 1902
1567 2805
814 1809
1301 1687
1858 1040
1225 1950
1384 1042
733 2835
746 279
324 2323
1661 2607
1384 1042
1384 1042
1007 2763
472 367
1081 1930
1967 951
2093 2222
592 2140
1384 1042
810 1415
1384 1042
1886 1155
1586 583
2888 1394
695 110
1180 1602
1846 1229
1171 2702
1384 1042
2297 451
2687 270
1384 1042
2931 1497
2478 2225
2610 2446
1384 1042
2630 2073
2267 1458
2720 2002
1384 1042
1384 1042
2074 2144
2875 2798
1384 1042
385 345
1682 1644
2574 724
1384 1042
1384 1042
2840 1252
1384 1042
335 357
1384 1042
999 837
2046 522
542 976
2234 2274
1581 2724
1676 739
1778 404
1384 1042
2167 2180
1254 551
229 2478
1384 1042
1180 381
2918 1405
1384 1042
1384 1042
1384 1042
1384 1042
1718 1297
476 1578
7 2774
1267 1208
1384 1042
1384 1042
795 1130
2537 1306
1096 566
2883 2765
1908 2615
1384 1042
2682 1471
1179 1537
18 1446
2705 1818
1384 1042
1560 2311
1384 1042
1384 1042
744 985
997 929
1897 332
2139 2973
2263 2730
201 2283
515 430
2468 604
792 2539
1384 1042
1906 1925
1384 1042
1384 1042
1718 2249
2100 1968
2604 1074
1384 1042
14 2827
424 395
2944 337
1384 1042
2230 330
2842 2440
1864 254
392 2623
2947 2088
203 2559
1384 1042
2791 663
1087 2436
1384 1042
1384 1042
1384 1042
71 2780
160 1069
1384 1042
1873 7
1384 1042
1384 1042
1384 1042
1384 1042
1208 1924
2886 624
2137 2015
1384 1042
2460 2171
2902 2446
868 1348
1797 2003
2583 948
1384 1042
2768 2584
276 670
2556 861
70 1851
2195 1610
2243 2550
2553 1661
1012 1080
1384 1042
2955 1806
122 2023
1384 1042
1384 1042
1304 523
1384 1042
1384 1042
1384 1042
2466 358
2276 1388
1384 1042
2271 1530
2122 363
1581 1606
565 2926
1384 1042
1943 718
1384 1042
1384 1042
2480 1221
1384 1042
1384 1042
1373 1903
281 2040
1384 1042
2491 1663
2598 804
1384 1042
1384 1042
1792 2509
313 2722
1 1673
662 2438
1537 4
2083 2516
908 1837
1384 1042
1368 1258
1384 1042
1384 1042
635 1329
516 1053
885 1924
341 19
1384 1042
1384 1042
2515 182
2948 1641
2459 1071
2495 1524
698 1251
2949 958
1384 1042
1384 1042
2563 855
613 701
211 2287
2629 83
1384 1042
552 2834
1658 916
220 2464
1384 1042
1716 2507
2027 1285
1384 1042
59 461
1462 87
2741 2443
2297 2640
2076 1493
757 762
1384 1042
1384 1042
2030 1708
488 1065
2202 2268
1384 1042
1384 1042
469 76
1384 1042
1547 136
439 974
1384 1042
2273 1939
1384 1042
1476 1438
2170 1092
395 1625
1384 1042
2258 1553
1410 2098
1918 899
739 1333
1029 1849
1384 1042
1674 209
1384 1042
1384 1042
1697 2211
2573 2929
1394 2442
204 1752
595 1659
1384 1042
510 2599
812 1884
2599 263
1768 467
110 2182
2693 1355
2745 1433
1384 1042
1384 1042
1384 1042
1843 41
273 2518
1675 1147
125 400
1727 704
2800 2569
2563 990
1007 1818
1384 1042
1384 1042
1384 1042
1631 2276
2859 1152
1384 1042
1384 1042
1384 1042
2714 1324
1207 430
2977 2358
2121 1834
1384 1042
1384 1042
298 2199
335 392
2784 1816
1384 1042
2319 2673
214 2003
2231 1769
1384 1042
161 2428
1384 1042
761 2816
1874 1551
1384 1042
422 2771
1384 1042
1384 1042
1131 2357
1384 1042
2026 2519
2015 1389
2961 2815
1384 1042
1384 1042
1384 1042
1384 1042
2987 1035
1644 264
2468 866
2930 1990
2111 285
2004 2416
1969 2354
361 2065
1384 1042
1384 1042
2555 1298
935 2095
2710 1927
1384 1042
1384 1042
115 143
1502 685
1384 1042
1384 1042
1170 2452
2504 1232
983 488
346 1238
1384 1042
1456 2785
1384 1042
1995 1974
1311 1934
1384 1042
2622 1564
2893 1200
1384 1042
113 516
1936 1943
1384 1042
2474 774
2649 2792
1384 1042
2426 870
1384 1042
1008 2453
1384 1042
1215 1076
1205 983
993 149
1036 1524
2216 1047
2816 2695
2601 1219
1384 1042
481 572
2992 1401
788 890
1384 1042
2279 947
1301 2165
2494 1267
1384 1042
194 2222
662 2846
1384 1042
1564 2046
402 2324
1384 1042
1384 1042
2226 144
1384 1042
726 2515
2401 1383
512 2992
2495 1163
1675 715
450 2551
2068 1582
707 1171
2321 2420
648 2535
896 2197
258 1543
1384 1042
1176 2812
1384 1042
1313 1683
1384 1042
1368 435
51 138
2604 398
1386 1077
1384 1042
1384 1042
1384 1042
1035 1969
1582 2753
1189 1410
1384 1042
710 1739
1359 426
1844 71
1384 1042
31 1812
2266 2277
1384 1042
707 831
635 1266
1384 1042
1777 2621
2278 1442
40 1244
1384 1042
1384 1042
1094 731
1983 418
1384 1042
1384 1042
1384 1042
854 2657
2142 132
1968 78
1807 55
2491 1140
2602 3
1270 1444
1384 1042
2006 745
1384 1042
1595 376
2538 1790
1384 1042
1338 1493
1384 1042
1722 2500
1384 1042
2573 1870
862 2831
491 1337
1097 2716
1384 1042
1705 2809
1739 96
2059 811
1349 2563
1545 2352
1384 1042
824 712
1384 1042
1384 1042
1530 2330
1538 1237
43 1747
2144 627
1384 1042
15 2737
1384 1042
423 1646
2830 1884
1384 1042
396 2509
712 1329
168 926
1274 575
1384 1042
2838 1763
2195 2159
904 2433
973 1525
1384 1042
1384 1042
2096 376
1517 314
1904 71
338 2862
1384 1042
2366 774
1384 1042
2243 1964
33 195
1652 286
786 399
1384 1042
340 556
1384 1042
1384 1042
752 2425
1834 1604
841 725
1384 1042
1384 1042
2582 161
2794 2398
1384 1042
476 2797
1384 1042
1456 1095
2789 263
34 322
1493 1744
1649 1693
1166 2250
2497 2002
1384 1042
711 2111
1384 1042
232 2249
1786 2031
1814 627
1384 1042
1384 1042
550 2906
1766 1479
626 1852
958 590
2157 2011
1070 2149
715 475
1384 1042
1944 787
1741 157
1087 1259
1384 1042
1384 1042
1384 1042
1457 1837
1384 1042
1166 1503
1384 1042
1384 1042
2120 993
465 1473
1384 1042
1384 1042
580 720
1384 1042
2179 405
266 619
1384 1042
2675 1788
1644 630
245 1635
1384 1042
1384 1042
560 596
1384 1042
2869 2428
1748 1399
2409 2115
1672 21
881 145
1384 1042
1348 1468
707 2805
2660 1160
252 249
2309 2977
1331 2480
872 2313
2393 1691
2492 2074
2796 2395
1384 1042
1384 1042
1093 919
747 1686
1491 864
1384 1042
1384 1042
1308 2912
2716 772
1150 465
2774 521
1447 2403
2805 34
936 431
1052 421
245 992
2019 2653
1384 1042
1384 1042
2733 1490
1384 1042
2262 1873
1384 1042
687 1167
2717 222
1426 2573
699 2070
722 2008
1384 1042
1384 1042
1384 1042
1218 436
1384 1042
382 2053
2746 2973
527 19
1077 11
14 2674
1384 1042
229 1795
814 1413
2358 221
1281 459
1384 1042
497 1863
1499 1862
1384 1042
1384 1042
1384 1042
1619 1442
1221 2924
1174 544
2903 1819
1384 1042
1120 1809
921 1585
1384 1042
1384 1042
20 2648
2450 1166
2821 1392
1346 2046
1384 1042
338 2194
2202 163
1384 1042
1939 1370
1145 730
1126 1263
2865 1721
251 2646
1592 151
1832 2105
1058 810
2669 1885
1384 1042
1625 2467
1384 1042
743 803
1052 1876
968 1408
1528 1659
1384 1042
1043 52
2409 2801
1200 2685
398 74
1877 977
2996 2943
266 2979
1227 761
1173 2602
183 1134
1629 1676
2576 814
1384 1042
1384 1042
1331 2452
1384 1042
1350 1093
863 1207
1384 1042
2770 1702
1888 2738
592 2134
2021 2076
1384 1042
1384 1042
1066 2164
2079 484
1803 1581
1384 1042
2547 2956
1384 1042
1384 1042
2903 1389
2648 145
1592 549
2226 1613
946 2564
1384 1042
1384 1042
1384 1042
1490 341
1405 6
903 2165
1011 792
1898 1938
2085 2292
1031 1247
587 792
522 2719
364 1938
1384 1042
1392 2625
362 2662
532 24
1700 998
1384 1042
1264 1025
1384 1042
611 2342
1384 1042
2822 1172
1735 1693
2978 245
1345 1056
1665 2674
2799 1656
1384 1042
2701 2286
311 1625
1384 1042
142 2057
251 160
2689 778
1384 1042
1384 1042
1724 2551
1384 1042
1943 2753
456 2032
2484 2364
2508 1273
2058 2177
1384 1042
1100 713
377 997
2248 828
1384 1042
1201 287
1384 1042
1384 1042
2546 339
877 357
92 404
1478 2355
1902 1985
1238 1942
113 338
2760 59
1384 1042
1384 1042
2637 539
2937 2022
2390 463
1384 1042
1851 2603
2037 2883
1759 1100
1463 835
2410 1489
1384 1042
1384 1042
1347 2103
1660 2112
1384 1042
1384 1042
1257 1772
2034 2170
1384 1042
2684 1912
1384 1042
1735 2925
51 167
1369 2361
1540 1849
1384 1042
523 2412
1384 1042
1906 770
1384 1042
2319 2324
213 1125
242 1163
1940 932
957 114
1384 1042
170 1916
630 2558
1384 1042
1594 506
1384 1042
351 2605
261 1867
271 513
1384 1042
1384 1042
1384 1042
910 1218
170 1857
1384 1042
1384 1042
2682 2619
1644 1490
1254 372
1335 2534
1098 266
966 1374
1384 1042
400 1539
1384 1042
1384 1042
250 563
1384 1042
1240 1291
1384 1042
1384 1042
2805 2893
879 2436
1384 1042
1948 1950
438 554
278 2720
1047 293
170 1799
2463 1248
1599 119
1418 1360
1753 1206
1384 1042
2365 2547
753 2751
1384 1042
1207 2883
2495 147
301 1530
1384 1042
424 2065
138 2203
1384 1042
553 1702
67 2378
838 1409
1384 1042
2572 1345
1384 1042
2748 2424
190 2279
388 381
1342 10
1732 2785
1384 1042
741 2581
1384 1042
1384 1042
2301 2418
1384 1042
1192 1078
1384 1042
2407 217
1379 2624
2753 2932
1384 1042
1043 1654
2483 2628
847 1102
2956 683
2289 1230
2393 1316
2521 848
465 180
1384 1042
1384 1042
1885 161
1353 386
1653 1147
1384 1042
1263 202
1192 862
1384 1042
2467 1018
809 105
820 967
1257 2768
1384 1042
78 1997
1848 675
1384 1042
1147 1615
1419 2978
2326 301
2181 53
2463 2244
362 1332
2271 1519
809 2393
2865 543
1384 1042
1384 1042
1912 222
1384 1042
1384 1042
1045 707
1626 1085
842 1723
842 2344
89 1357
2586 2061
906 1094
2550 2066
250 2498
1383 2271
1384 1042
1384 1042
1384 1042
62 1753
1384 1042
1335 1243
2304 2731
392 1297
538 1010
2152 2740
2033 1333
2939 685
403 2233
1583 1227
2120 359
1135 2007
803 1526
2269 135
1384 1042
2486 2563
574 2627
1384 1042
1384 1042
2234 1680
284 821
1384 1042
1384 1042
1384 1042
646 2206
1384 1042
2191 644
2816 2280
2340 100
740 1108
868 1250
1384 1042
1384 1042
1384 1042
2801 1637
1384 1042
215 1773
602 2237
1384 1042
206 1006
1391 594
1889 2465
1886 730
76 2840
1384 1042
24 2233
1846 2246
1519 83
951 2204
2585 1478
1384 1042
2629 1656
1384 1042
1384 1042
2676 739
1384 1042
1384 1042
2785 1387
157 2573
1384 1042
1688 1478
2102 1721
1384 1042
2403 1813
2555 533
1384 1042
2156 949
2198 268
1384 1042
2271 281
1859 1111
1384 1042
2941 2367
1384 1042
1384 1042
465 893
2925 273
1384 1042
1384 1042
1684 68
1384 1042
1384 1042
1562 806
909 1930
2185 248
1384 1042
780 1281
865 1885
1777 2115
1384 1042
2132 2355
630 1375
1874 162
2533 2967
1384 1042
1384 1042
2048 1751
1050 1080
2746 1016
1884 2854
1384 1042
1384 1042
1384 1042
1904 2468
2788 1998
1384 1042
331 1647
2000 1194
262 152
126 1093
1471 1634
1384 1042
2868 119
1936 448
2653 487
2036 2741
319 2026
1218 805
1965 1797
1384 1042
255 992
1384 1042
611 1586
521 1566
1384 1042
1384 1042
1364 1213
533 1226
2492 2999
2110 1237
1341 2729
2437 283
1384 1042
1384 1042
149 1842
284 1258
734 682
2089 1423
44 807
2724 173
1972 2248
1659 1910
1030 424
797 2269
1384 1042
1384 1042
1384 1042
1384 1042
1675 673
1384 1042
1384 1042
345 1241
761 2224
2245 719
1786 2615
880 2444
970 802
1671 1620
583 1336
362 146
2047 1465
2560 1595
1384 1042
423 1160
1384 1042
1413 2178
693 1753
1384 1042
14 1447
581 2102
1384 1042
1731 1913
1384 1042
168 1777
1585 2105
1384 1042
1384 1042
713 2793
1176 2199
2534 1111
1848 1691
1571 353
2858 1383
505 2118
1266 2573
292 853
1005 217
2732 1868
2205 307
1513 1638
1384 1042
2666 1973
1227 75
1384 1042
1384 1042
1248 1658
940 183
2667 1464
2312 1114
1503 1726
2961 2537
1384 1042
2819 1538
1276 2005
1355 403
2745 831
2354 2199
2683 2793
2938 2563
1384 1042
1384 1042
1384 1042
511 833
1384 1042
258 2657
891 1007
2225 1298
1384 1042
1384 1042
376 786
2250 1782
2425 1821
2392 2261
1384 1042
1578 2550
758 127
1384 1042
2451 1902
1313 573
1384 1042
1475 2403
1684 2299
1384 1042
1384 1042
1384 1042
1384 1042
1384 1042
1384 1042
2965 2990
2296 2935
2821 2807
1942 479
1151 1443
2518 2735
1384 1042
1384 1042
2388 589
1384 1042
1346 2535
1384 1042
1384 1042
2308 563
2237 2442
1384 1042
1384 1042
1831 1391
785 1268
1384 1042
2298 2768
1393 1689
1384 1042
1034 1592
1272 2884
2529 2649
376 389
1796 1311
1384 1042
2787 2590
667 1668
2321 182
1384 1042
1329 954
1384 1042
1384 1042
1731 338
1384 1042
1231 2404
186 1341
1867 2424
2777 1276
1384 1042
368 2007
1435 93
1251 1574
1384 1042
1915 2634
2768 1707
233 2793
1146 2526
434 2929
30 1162
1384 1042
1704 107
1384 1042
1690 2569
1384 1042
1040 19
1384 1042
1384 1042
1384 1042
1589 2136
1384 1042
2471 931
2044 281
1825 2549
55 1165
1384 1042
1629 662
255 317
1720 354
1384 1042
1384 1042
1593 1863
1213 747
1384 1042
336 2397
1384 1042
1268 610
1384 1042
1525 449
1384 1042
1384 1042
2066 642
2301 1793
1186 2161
1384 1042
2945 2970
2755 87
1384 1042
1805 87
2224 992
1384 1042
167 290
1384 1042
1384 1042
1938 1941
1384 1042
1384 1042
1384 1042
1384 1042
386 2895
1384 1042
2646 1504
2318 167
1384 1042
2164 2866
1813 1855
138 674
430 223
1117 1788
753 1893
1384 1042
770 1502
2775 1993
573 1243
2492 1357
932 221
1384 1042
143 2701
1860 896
1384 1042
2826 2672
1384 1042
1384 1042
2640 1328
1384 1042
1384 1042
906 1309
2173 1313
1384 1042
70 286
2687 2600
2062 587
28 2546
55 624
1384 1042
1931 399
1384 1042
1384 1042
1384 1042
2751 236
104 1660
1169 2750
2540 1574
2457 1784
1323 1861
2180 1770
2166 2781
1384 1042
1384 1042
1555 1134
1616 2712
565 1857
2967 1681
1384 1042
1384 1042
2030 937
134 2998
1976 1557
1384 1042
1810 2529
1697 2752
2966 164
932 1254
410 1609
1384 1042
1384 1042
1837 1419
2956 2217
2499 52
1384 1042
751 1552
1061 1814
112 1303
1384 1042
1520 2684
83 1285
1384 1042
2670 2147
2477 236
1384 1042
1384 1042
1384 1042
2940 770
2928 240
80 449
60 1924
1841 19
689 1431
1384 1042
1384 1042
1868 1004
1412 1689
1384 1042
2366 1784
2942 2163
1384 1042
1384 1042
459 2539
2914 1570
1384 1042
1384 1042
2558 2091
1384 1042
2376 1178
2502 593
899 2837
2383 73
1384 1042
1384 1042
618 2446
2169 321
59 2736
742 1208
1928 1674
2746 729
1066 1811
1384 1042
1666 336
2123 234
2808 61
2334 264
197 2851
1384 1042
1622 2863
1384 1042
1384 1042
1384 1042
789 2845
2112 2935
1117 761
1960 1537
1384 1042
1783 1041
1384 1042
182 379
1384 1042
2603 2501
1384 1042
1423 2169
164 2525
2479 1175
1196 327
230 1334
1384 1042
1384 1042
1384 1042
1384 1042
299 122
2389 2885
2995 1314
2334 760
1467 271
2366 63
1013 67
853 2226
1733 1637
1489 2822
1384 1042
2991 418
1447 2524
1117 2284
1055 2966
1384 1042
1498 38
1384 1042
1384 1042
282 705
146 2518
1384 1042
2413 2531
1384 1042
2408 1847
1384 1042
1384 1042
1384 1042
2321 2289
1384 1042
1384 1042
2 2985
2979 1147
1723 2514
1384 1042
1405 1065
2198 1560
335 2730
676 2804
622 1176
2805 2068
1384 1042
269 1261
1435 1394
174 1240
1384 1042
22 1525
831 2344
2462 2738
550 468
1384 1042
1979 2125
2552 2909
1384 1042
1384 1042
1976 525
2884 2902
1235 426
1031 421
2361 210
1384 1042
2235 2722
1384 1042
1384 1042
1965 2045
2773 2484
2916 862
2767 2341
1187 1514
2362 1887
1384 1042
1384 1042
2861 2174
621 1172
2159 558
1384 1042
2510 2935
1384 1042
2822 2692
644 18
251 383
627 391
2784 2843
183 787
2371 2195
1384 1042
2782 1263
1384 1042
2736 863
2493 350
2973 2145
2100 2255
1384 1042
1384 1042
1384 1042
320 1046
2625 2805
2411 309
2158 1479
1384 1042
1384 1042
507 2183
1380 1549
219 932
1384 1042
2576 1680
1384 1042
1854 1977
2990 2981
1741 2284
1078 966
2096 1730
1384 1042
1696 2031
2946 2206
1384 1042
1450 375
2025 2246
1384 1042
1529 1605
2011 145
855 555
324 2371
2202 2918
767 1550
800 961
1837 2274
1384 1042
1384 1042
1731 2609
1384 1042
192 2582
2645 2937
1384 1042
1975 2428
1849 2544
1384 1042
1384 1042
2306 2590
1669 1423
458 351
1384 1042
1425 500
1551 718
1280 738
295 225
1331 1188
1845 255
1384 1042
2953 941
1829 241
1384 1042
1384 1042
257 2151
2120 1986
2751 1436
706 1339
1319 2338
1384 1042
1925 1116
2560 621
983 1369
1384 1042
1384 1042
1384 1042
1384 1042
606 259
378 618
324 2639
2142 2252
2468 880
557 453
1384 1042
1384 1042
1384 1042
1384 1042
1653 1944
2309 1233
1384 1042
1384 1042
1384 1042
2643 173
75 2196
1384 1042
1139 2314
1093 755
680 2003
2913 2953
271 1923
1932 2272
2838 2066
1265 2793
1874 337
2563 1183
802 1779
2425 124
468 1246
2321 1760
1254 1751
2195 2608
1361 2298
658 1212
2474 1392
1080 1897
2626 942
1394 674
2314 166
2147 2756
1384 1042
198 1076
2293 2171
1384 1042
549 813
2320 1953
1384 1042
2408 1411
1384 1042
1996 1018
1370 290
1384 1042
1103 136
406 839
971 1155
1384 1042
218 1886
2309 984
1755 394
666 825
1384 1042
1384 1042
1376 112
1384 1042
325 529
1628 1654
1592 2816
1384 1042
128 1851
1384 1042
965 2542
2616 422
1014 631
2949 2810
2257 1687
1761 691
2814 567
1384 1042
1993 2205
1950 1548
1384 1042
1128 547
1753 2775
462 878
1384 1042
629 1881
1115 958
96 612
2701 1658
1384 1042
2341 2822
1384 1042
1384 1042
1384 1042
1384 1042
2301 2017
1384 1042
2672 2201
1384 1042
1700 845
2302 544
2967 1037
1202 1402
1794 1092
2893 793
2459 1523
1384 1042
2824 1940
2442 206
537 1839
86 1038
1124 909
1644 2718
164 2629
1384 1042
1384 1042
2451 2336
2179 226
486 2786
2735 2348
381 1016
1125 228
1384 1042
1658 1401
159 2327
1382 924
32 188
1188 1974
1972 627
2256 2914
1384 1042
1384 1042
1384 1042
339 2675
2346 2031
1384 1042
2576 2487
862 2673
2061 1639
1384 1042
1308 2119
1384 1042
1384 1042
908 1968
1384 1042
2673 1992
1699 472
1685 628
2068 1266
1147 1739
2474 820
669 2616
1384 1042
1243 1034
1900 2965
1384 1042
1384 1042
1703 1100
1718 111
2172 2841
973 2989
665 246
2963 2124
1384 1042
1384 1042
1899 654
1677 1155
1427 2608
1384 1042
2347 662
990 2286
1384 1042
1956 2453
1384 1042
2904 1456
1536 460
2412 1289
1384 1042
1384 1042
1384 1042
2444 945
1616 244
1014 2775
158 2384
1791 2030
1384 1042
2249 520
2396 2335
1079 1792
1752 1767
1026 1341
1384 1042
880 1164
2304 154
470 134
931 1436
72 810
2754 2923
1860 1980
1384 1042
1015 2218
1384 1042
1110 168
2824 2384
1349 1616
2320 66
1384 1042
1384 1042
1384 1042
1097 2202
2808 2860
856 2966
569 2978
1384 1042
1473 338
1384 1042
20 589
1384 1042
1192 488
702 2771
1384 1042
1384 1042
589 1000
60 401
2793 2056
943 2404
1384 1042
1384 1042
1958 2877
1384 1042
614 1513
228 2878
2344 1826
565 1055
1328 1064
2297 345
436 516
158 1462
818 781
3 1784
1814 357
1384 1042
1384 1042
1384 1042
334 458
11 268
975 1733
960 2468
2921 1858
122 910
1384 1042
1384 1042
2384 1353
1384 1042
1913 2740
2219 1584
1378 2910
2050 105
371 927
1994 973
750 2492
1794 550
1384 1042
1470 1671
2131 1449
1384 1042
1355 2067
1384 1042
2352 2746
701 2743
1020 1068
1577 1176
1324 401
1384 1042
1384 1042
2554 881
1974 1257
2690 163
1384 1042
577 1701
2996 515
1009 547
1384 1042
2614 177
2189 144
1384 1042
292 2765
715 1242
580 1172
1773 2752
886 2390
2687 1421
466 1807
1384 1042
1384 1042
1384 1042
2260 2412
1384 1042
1661 916
1776 2784
1910 1456
1745 1255
2280 397
2832 1406
1989 817
116 1183
2714 95
1384 1042
1384 1042
1093 1209
1384 1042
1967 2010
1384 1042
498 2340
690 2430
1805 1910
711 2965
1384 1042
1384 1042
1384 1042
2074 2744
1362 1896
1432 2116
2798 880
1384 1042
1522 1179
553 190
280 1207
1337 1897
2388 2228
2006 1474
1384 1042
1384 1042
380 2690
2200 901
1384 1042
528 1641
278 1752
1384 1042
306 2606
870 770
1384 1042
1230 2117
2949 170
1384 1042
1221 530
1384 1042
1112 65
1587 2541
2565 471
1322 2123
1718 2325
2144 1876
1556 923
1384 1042
1384 1042
1038 1478
1384 1042
1749 400
761 1901
869 872
1381 1846
1384 1042
1384 1042
2544 834
1384 1042
269 1166
2130 2016
2686 2968
2122 1861
1384 1042
2160 80
296 164
1436 190
2672 2361
1384 1042
2524 1250
1959 2418
290 1521
1452 413
1983 264
346 1368
2000 2742
2004 1141
2843 441
1384 1042
2592 502
1824 2836
414 2016
1384 1042
2279 2187
2396 2721
2361 2131
337 2157
529 1262
2155 171
1854 2792
1415 63
1384 1042
678 621
2972 1969
770 2661
1384 1042
1351 1586
732 2868
968 1549
2696 2802
1843 1563
1360 236
1536 2114
1384 1042
1384 1042
846 853
2108 1349
2569 1020
815 2732
1384 1042
1658 1950
1384 1042
2082 2489
1939 1449
1691 469
435 2684
1384 1042
2760 2204
2702 2447
2847 1056
2405 24
1384 1042
2956 12
417 437
1815 1525
1900 2850
1384 1042
1384 1042
2634 314
2013 2371
2370 125
2036 1208
1384 1042
1945 2723
2469 853
1384 1042
1950 471
2475 689
1747 851
828 680
2046 1787
1384 1042
1384 1042
2630 1803
2950 841
1384 1042
1023 1345
1569 236
1384 1042
1384 1042
412 2713
1486 1081
2525 2159
1384 1042
634 1856
2655 1935
922 2589
2331 797
1813 725
1384 1042
1245 1183
905 1813
157 975
1754 1166
2878 345
2115 1486
1384 1042
895 410
1074 964
770 2330
558 1085
460 2932
874 785
1107 1605
2644 2280
1331 502
414 2501
2523 448
1551 1895
1449 1734
1986 1558
1655 300
1538 1303
1613 2421
1384 1042
1384 1042
2581 1037
1384 1042
1384 1042
1384 1042
489 98
1384 1042
2494 987
183 1875
2806 1934
45 1889
1384 1042
1060 1821
761 2168
299 152
2148 2529
806 2006
1384 1042
1384 1042
13 1067
2754 570
1384 1042
1384 1042
1043 2377
282 490
174 2698
1192 2860
2905 1820
1735 1408
363 1861
574 1543
318 2700
1381 470
1384 1042
987 651
1704 2776
2488 2332
1384 1042
1384 1042
2583 2845
1384 1042
2665 1362
1384 1042
769 843
2003 2029
1558 2213
2926 2520
2304 2641
2898 2282
644 738
2004 521
280 1940
1384 1042
1738 908
1194 2576
992 2051
2645 2799
1384 1042
1384 1042
1384 1042
2389 25
2924 618
1384 1042
1384 1042
59 15
2167 1420
1774 1811
87 359
1555 1446
1315 2473
1555 598
2472 1591
1384 1042
1384 1042
160 2160
2250 2855
2089 805
1572 2009
1384 1042
1384 1042
1384 1042
1384 1042
1384 1042
54 169
1841 219
1384 1042
1384 1042
816 2595
698 2081
1384 1042
1384 1042
1582 182
1384 1042
1864 1218
548 1810
1336 1940
2272 1828
2010 37
420 1250
2773 2464
1384 1042
1384 1042
1900 2698
1610 570
1392 1171
2768 1400
1384 1042
520 580
2826 807
172 383
1384 1042
1384 1042
1384 1042
301 2265
1843 1070
2223 2674
2386 1273
1544 2068
1149 1453
513 1442
1384 1042
1115 1981
2467 2698
1454 1509
1384 1042
894 45
2613 1534
2512 2535
1177 1999
2727 387
1384 1042
916 2318
1384 1042
1887 80
2656 878
1821 3
1260 2047
1908 1275
2677 1907
1384 1042
949 1271
558 911
1384 1042
317 2634
1161 510
1384 1042
1145 1467
722 686
1794 1786
2494 221
1487 1488
2366 506
357 75
1060 378
952 2285
1307 2918
1384 1042
2723 76
2310 2808
441 2330
2738 423
1724 1983
1169 2653
1384 1042
1281 1395
1016 108
1384 1042
1792 1098
1384 1042
2358 2592
1384 1042
1743 94
1410 2861
1755 1876
2570 2536
2918 244
2771 39
752 1771
2551 2066
2293 1847
296 435
1238 2018
99 893
1384 1042
2211 70
1384 1042
2536 665
1324 2502
1186 818
1058 2607
2492 1664
1384 1042
718 2747
1384 1042
1801 298
1710 1339
434 865
1886 2843
743 1055
934 1944
267 1070
632 2311
1384 1042
2501 1485
1384 1042
1293 2556
237 2614
2193 960
1384 1042
1437 1607
1384 1042
197 2056
1384 1042
348 1442
863 2143
1741 1642
1714 1642
44 605
1384 1042
439 1136
2 1950
573 1396
1644 1318
1384 1042
400 1357
2695 337
1384 1042
1384 1042
2011 949
1384 1042
2554 1283
240 1033
1384 1042
757 393
1384 1042
1384 1042
1384 1042
2701 557
1384 1042
251 1443
2102 2940
2546 2796
57 103
916 63
1384 1042
1570 2612
1313 783
1384 1042
581 418
1384 1042
3 314
2803 1387
1384 1042
1384 1042
2641 316
450 773
2285 768
461 2952
94 2783
2847 405
613 1829
620 980
1384 1042
1427 581
175 663
1384 1042
2966 1413
1896 2224
940 2934
1260 884
788 2007
1384 1042
2703 2040
2668 513
1863 366
2018 2514
1692 1246
1384 1042
733 2312
1007 2470
2365 2765
1565 320
499 1734
2416 2740
2456 274
1647 2056
233 1571
2859 8
1645 1639
348 1642
1384 1042
303 1628
1384 1042
1384 1042
1384 1042
2604 2452
1384 1042
133 557
1621 1271
1384 1042
435 184
1384 1042
166 656
2673 2204
2183 926
2631 2883
2721 1984
484 2968
1384 1042
1384 1042
2506 39
2886 237
308 375
1384 1042
1384 1042
2755 2266
1384 1042
1384 1042
2294 2806
1471 1432
741 2707
1167 354
1384 1042
2563 1120
1001 786
1384 1042
1384 1042
2934 1534
1384 1042
1263 36
1384 1042
1366 834
2942 338
1384 1042
1384 1042
1384 1042
82 453
944 1451
1541 127
829 720
1384 1042
2486 1757
2743 2701
2746 1491
1384 1042
1610 651
1384 1042
780 1348
1384 1042
2142 1701
1384 1042
552 1395
2170 2125
1384 1042
2659 329
1004 2095
1104 2397
1384 1042
1384 1042
1476 386
1754 849
1384 1042
1384 1042
1384 1042
1154 1766
657 2965
771 840
1558 1448
744 524
2737 565
1384 1042
284 2508
1384 1042
1122 736
1416 2936
840 1683
2077 113
1055 514
1384 1042
539 496
1340 1493
1384 1042
1384 1042
1269 2853
1384 1042
466 1915
1384 1042
1384 1042
2814 1599
1384 1042
1741 889
1384 1042
2578 441
1099 101
1140 2557
1384 1042
2060 2049
1384 1042
341 262
1601 524
1384 1042
1537 498
850 1773
370 488
1384 1042
1384 1042
1053 2040
1585 2854
2637 2969
2022 1974
259 1597
1384 1042
859 2742
2675 170
1730 2532
1535 70
1489 822
2324 2086
289 492
1384 1042
1113 880
2481 1200
1407 2983
2428 2373
2486 2088
1384 1042
2734 1652
1384 1042
747 1936
1711 1543
1384 1042
1384 1042
1211 2062
1947 412
731 1382
1384 1042
2820 1809
2681 1605
991 2698
2552 2333
2618 690
414 1954
1384 1042
2690 364
1384 1042
1384 1042
1384 1042
2804 285
2812 2846
1384 1042
537 624
1865 980
2131 2751
2633 2522
1384 1042
1201 1894
1384 1042
258 1543
1949 1288
2058 956
864 2691
69 2564
76 2459
281 1135
119 2348
1384 1042
1189 2775
1384 1042
172 2862
1384 1042
1467 2760
1384 1042
1607 1501
1384 1042
1384 1042
1384 1042
1384 1042
2653 1354
1384 1042
564 2215
237 2555
1384 1042
1384 1042
1359 2717
2647 1669
2668 1106
1106 2972
733 1335
366 1158
1384 1042
1384 1042
2304 409
1549 1492
2412 1649
1337 2683
2960 400
660 454
1384 1042
911 1562
2252 858
1554 2290
1711 2438
176 2641
524 102
1045 753
1405 2070
1244 2277
1491 570
2685 859
1800 64
1384 1042
2350 2670
1384 1042
1384 1042
852 921
1384 1042
187 854
1019 2170
1384 1042
1384 1042
1384 1042
1434 2932
2357 1001
2445 321
1166 333
2440 1591
156 1370
1085 1536
1384 1042
1410 1411
2495 1948
1216 1020
1217 518
1384 1042
1384 1042
1384 1042
1931 1733
2762 1066
2764 2768
1384 1042
1384 1042
2024 1570
852 1538
1253 2089
1839 948
2615 341
1384 1042
1384 1042
843 1810
1149 2118
2207 1661
236 2421
1384 1042
2207 574
2263 2406
2507 430
1384 1042
1384 1042
2695 1197
2839 1293
169 745
601 688
1264 1061
429 1812
1384 1042
1384 1042
1050 1519
1384 1042
1384 1042
194 2348
1462 2163
1384 1042
587 224
1384 1042
1005 1406
719 1922
1384 1042
2105 942
1384 1042
977 1498
1413 2077
2936 1895
880 1198
1384 1042
1375 1567
705 2611
1644 2703
1909 2163
1384 1042
2613 2681
2162 1543
2 1079
1724 2162
1067 1496
271 1259
1384 1042
1384 1042
1384 1042
1384 1042
545 1222
483 613
1384 1042
1384 1042
1384 1042
1964 2772
1384 1042
1384 1042
169 1938
148 9
1896 1378
2653 776
1893 1732
355 2733
399 3000
1943 85
20 1273
487 1640
1384 1042
1930 2225
2643 2008
289 1835
1384 1042
1384 1042
1384 1042
1622 804
1384 1042
938 128
2534 685
812 2696
824 1868
1094 1253
1287 1877
1681 1000
125 1438
1248 930
1384 1042
1384 1042
1384 1042
2978 362
1744 167
1091 1280
1473 558
2667 2745
738 2261
1284 230
1193 705
293 2363
608 2865
353 1662
547 203
1561 737
1733 442
1384 1042
18 411
1384 1042
2973 2109
1384 1042
424 871
1007 1716
83 8
2796 2459
1384 1042
2990 1516
1384 1042
2073 1756
2336 526
2760 2885
2502 1775
336 2440
1557 316
1780 627
381 657
323 1218
1384 1042
1384 1042
2019 512
1384 1042
1722 2051
1831 2807
1384 1042
1384 1042
238 1005
1384 1042
1384 1042
2513 1139
986 162
1384 1042
2918 679
1026 1683
1384 1042
1436 717
215 2095
12 1188
1934 852
682 124
164 339
1202 1077
1384 1042
1643 2327
1627 1966
127 922
1384 1042
11 1136
1376 2995
1384 1042
763 2846
1384 1042
537 1422
1831 2980
1384 1042
1384 1042
1384 1042
821 1286
413 2209
384 1766
2253 1416
1572 1258
1384 1042
1384 1042
1597 2794
461 2599
1074 2681
1935 241
1384 1042
1582 1839
197 2165
1384 1042
1384 1042
1384 1042
220 141
1525 2018
332 293
1703 1855
338 2551
2023 2532
1384 1042
1384 1042
1384 1042
696 1307
2574 2685
1384 1042
547 2811
2491 194
2231 23
1384 1042
2237 1231
2287 2353
1384 1042
1384 1042
1384 1042
1384 1042
1384 1042
1562 2645
1384 1042
2533 1606
1457 602
1770 1155
788 1366
1384 1042
1632 2080
748 164
1255 407
732 1118
1384 1042
1069 2637
998 2377
1384 1042
588 2522
2540 494
1384 1042
1384 1042
2487 2232
1864 924
1249 1039
104 1875
1384 1042
2135 598
2683 1903
1734 2636
1384 1042
1384 1042
2427 2716
174 2750
382 2251
113 2731
2668 1764
2728 2387
1457 939
759 1961
1384 1042
1384 1042
798 572
2663 321
1384 1042
155 2137
1384 1042
1384 1042
1743 321
237 947
1377 972
1384 1042
1752 2959
2978 2971
1384 1042
1384 1042
1384 1042
1384 1042
1414 1405
1384 1042
1058 2739
1384 1042
2058 2709
255 627
1384 1042
1384 1042
419 1367
1399 270
1384 1042
272 823
303 2314
1898 1616
2893 2764
1384 1042
1942 1889
1384 1042
883 2221
2100 1479
435 523
1384 1042
484 2513
1517 123
2710 1603
1105 965
2664 2629
2462 286
1384 1042
1014 1678
1384 1042
559 1080
1384 1042
1384 1042
583 1641
405 2370
2267 645
1384 1042
811 1784
1939 1872
1961 1808
2929 1155
2322 1855
1384 1042
1384 1042
1339 2383
528 1600
2602 1632
2850 2509
1117 564
1334 1428
2857 656
1384 1042
1382 2516
1384 1042
1384 1042
846 2693
1252 2331
2353 662
1809 2250
20 445
1373 913
1384 1042
1384 1042
366 172
1384 1042
2364 279
710 1952
2025 1699
1384 1042
2679 1638
1414 230
1893 308
1384 1042
1397 550
1636 2128
9 2664
1536 334
2559 191
1384 1042
1480 1124
1356 366
1384 1042
703 1359
669 1318
1384 1042
1384 1042
1469 47
1463 741
2782 2056
325 1941
1201 2854
1384 1042
1384 1042
2473 2494
47 2344
1359 1501
1384 1042
2269 877
1383 1699
750 2042
1384 1042
212 591
1384 1042
911 1987
1655 2845
1384 1042
1384 1042
38 529
1384 1042
1725 94
2144 297
1384 1042
640 901
1965 2386
606 2305
2809 295
1384 1042
1384 1042
2624 784
472 1097
2788 924
1188 1496
1567 263
1384 1042
2274 183
1878 1521
806 1098
1384 1042
1384 1042
2723 705
1384 1042
454 1783
151 1904
1384 1042
422 1461
548 1348
1873 1290
415 1206
601 2242
1702 278
947 2149
246 2599
77 312
155 1017
927 1815
1384 1042
950 1299
1024 1547
1431 1524
1482 663
663 493
1384 1042
1871 1245
2607 557
1384 1042
130 846
2378 2507
1438 2295
1384 1042
465 521
1384 1042
1384 1042
1384 1042
523 2491
1005 1177
1284 242
1384 1042
1384 1042
829 1255
2312 2385
1717 2038
1384 1042
1073 1930
2038 1064
1384 1042
1263 1807
1506 1787
1384 1042
41 1294
2832 1489
2111 654
1384 1042
2482 1211
2836 2526
995 2117
1384 1042
1834 2701
1238 2093
919 1843
1384 1042
369 1893
2465 1039
1384 1042
993 358
2736 1487
1384 1042
792 2448
2792 455
550 730
1384 1042
1384 1042
1522 1363
2165 1865
711 1039
564 109
1222 2879
2853 1007
48 327
1849 1286
2644 2880
1423 1542
2485 2451
1384 1042
1384 1042
1384 1042
1384 1042
1384 1042
1416 208
2573 454
1384 1042
709 415
1686 1429
1870 752
1384 1042
975 2701
1597 568
1384 1042
1384 1042
430 436
1384 1042
1384 1042
1384 1042
2443 68
2025 2602
1983 2741
1384 1042
1960 1725
1384 1042
1384 1042
1369 2357
709 1640
2541 605
1095 201
1960 930
1967 2325
1384 1042
1974 1387
1384 1042
1663 1882
773 2669
1384 1042
2570 2580
1187 357
1384 1042
597 1676
1384 1042
1384 1042
356 1975
1384 1042
1384 1042
680 2596
122 1618
1204 1163
2762 2480
1267 2920
2338 1383
2164 2870
2191 1265
2115 549
2826 1196
1384 1042
1470 2410
2191 2400
1135 1683
1134 1463
1620 717
1384 1042
1321 1632
1933 1211
2751 2980
1716 2672
1384 1042
1384 1042
1384 1042
2944 1424
1599 2743
1384 1042
1384 1042
1384 1042
157 1734
59 772
2939 940
1384 1042
544 1010
1384 1042
2129 72
1727 2224
1384 1042
834 2652
1384 1042
1384 1042
2292 1816
1405 648
1384 1042
635 1925
1384 1042
1338 271
2001 418
1384 1042
1384 1042
2502 1145
2195 346
1283 1879
1384 1042
1384 1042
1083 2197
1384 1042
1384 1042
1384 1042
1384 1042
179 2492
1384 1042
1384 1042
1650 757
2227 1443
2938 2360
1384 1042
1384 1042
1384 1042
901 2242
762 2733
862 1448
380 135
1384 1042
2740 975
2896 1826
662 2181
1384 1042
1384 1042
2832 2327
49 2594
123 2110
1874 1513
1384 1042
1384 1042
1262 387
2267 739
263 320
2493 630
1327 2591
836 1099
2182 815
1384 1042
1384 1042
1384 1042
1035 1662
2105 793
2767 2215
1384 1042
1384 1042
551 1192
1704 672
1384 1042
2010 1493
12 1627
2893 988
113 2064
756 2585
1201 2593
1384 1042
356 2381
1384 1042
132 205
1801 2764
1384 1042
944 639
1384 1042
2205 276
1276 2086
672 1378
325 500
1384 1042
1737 1261
2468 556
1178 1011
2489 2857
1964 2398
1317 1516
1384 1042
805 1292
1384 1042
1384 1042
410 393
1208 14
38 2878
2676 2926
2415 1670
1502 604
1384 1042
2675 737
799 2062
697 783
1384 1042
1384 1042
1521 655
1384 1042
1165 203
2932 961
1384 1042
1384 1042
1302 271
1432 1121
1384 1042
602 2677
1384 1042
1384 1042
1787 2852
2136 658
1384 1042
1378 2941
2808 247
886 2736
1384 1042
815 481
1384 1042
1261 1984
1013 2990
1384 1042
1384 1042
819 1589
2459 2709
1384 1042
2928 113
1384 1042
2012 2408
1744 159
1624 1799
1384 1042
2551 1569
1781 2952
2267 492
2369 612
1384 1042
1384 1042
484 2892
2252 1324
1384 1042
1979 1179
2641 2982
1551 2460
1785 1836
1384 1042
1384 1042
82 375
703 690
1138 1599
1273 2259
1384 1042
1183 1940
194 567
1780 114
878 120
2622 954
1277 47
2423 2854
1384 1042
2826 2273
1384 1042
1384 1042
790 431
632 2909
1384 1042
2991 964
1384 1042
1914 2083
1384 1042
1518 1385
2495 2423
2230 2931
1384 1042
2557 2312
788 483
2367 1503
2044 1820
1384 1042
833 1995
787 2861
1384 1042
2408 2284
2617 2094
939 2894
2104 1066
1384 1042
1384 1042
637 2845
1384 1042
1503 2212
1384 1042
349 2126
1384 1042
2810 562
2103 1370
1384 1042
1607 2542
2214 485
1384 1042
1782 522
324 1450
1384 1042
944 2711
2352 2559
1771 929
522 2582
1384 1042
2826 2030
1384 1042
2983 2154
2326 1413
1384 1042
1384 1042
1992 2388
934 591
1384 1042
1384 1042
2771 809
1863 1546
734 462
1384 1042
1825 1232
1384 1042
1384 1042
271 1366
