3000 10000 1
2152 2019
906 663
1139 268
2279 345
2345 1638
305 2973
2479 2646
807 2740
1060 619
922 2892
1259 2422
2902 2812
157 532
1017 2421
64 756
924 1056
2268 1361
649 2996
2687 2997
945 429
2732 763
2600 2893
795 1880
2981 1977
1980 53
2542 2823
428 787
2609 2177
626 1522
2798 936
2264 805
1437 577
2505 2011
763 615
997 1445
896 2144
2730 2263
1302 2472
1103 695
1185 2436
1664 1046
1079 2728
1476 2572
2553 1891
2864 2467
2821 2755
2324 1019
1075 1054
2555 319
392 757
1914 245
2977 654
2348 212
96 138
2239 1806
2966 460
1835 2356
2396 2199
2482 1268
1557 2829
915 1859
571 2745
2689 2710
919 2732
1425 1289
2476 2682
1877 1441
491 2972
594 1469
2647 957
2199 2945
2687 333
2539 290
2060 2385
1370 1506
1806 2106
2426 112
2758 2561
88 1940
1132 2760
2808 1935
52 369
2099 2797
473 1335
2484 1607
1771 1860
1453 2504
1748 21
2481 1039
1354 2389
1873 2774
2701 1278
305 825
260 1446
1732 2991
2502 2017
787 2850
2324 2785
1225 532
2844 415
761 2330
401 260
1740 1787
1350 212
1338 31
2423 200
1920 212
59 2990
669 2734
1863 1334
1310 887
87 694
1071 16
2655 431
840 2475
1306 508
1495 682
1244 2650
1811 1727
2425 2399
1888 1061
1988 2316
1124 2921
2642 1761
7 1968
737 679
2256 40
2820 1142
2447 2652
1102 705
165 2963
1223 1602
2288 2170
2853 764
1311 2975
1158 552
444 2560
716 1006
16 227
63 282
2776 2261
1248 2842
1359 1298
1908 2186
2056 1703
1968 642
592 351
2990 174
2392 560
1399 1493
2273 2303
2300 1284
599 2312
2577 2930
343 2055
2539 2718
2053 898
773 2502
448 2811
2114 551
2564 563
587 1178
1856 1313
1562 2275
2895 2686
2174 43
2628 374
282 2119
178 1791
1696 601
2183 2926
788 889
1422 2524
7 539
469 2372
2202 1513
1496 2876
2716 13
1180 1205
1329 2144
1067 485
1117 1944
1617 202
413 1945
1129 2327
2687 151
1711 1181
1504 471
957 638
921 496
561 2520
1290 678
695 2973
159 1064
2966 407
508 2064
1296 883
2394 2535
2599 367
1734 2467
1641 2318
865 1623
1958 2814
2901 2204
2027 448
464 1733
762 1328
2691 2955
1767 1821
50 1629
2144 2046
329 973
1073 1975
364 230
2181 2914
1156 1645
2226 2676
2941 24
2837 2351
1343 1669
2022 968
44 2962
2242 2253
1179 449
551 1394
851 2521
327 22
866 1849
992 2319
2101 2477
1378 2774
342 698
1567 1890
86 2584
1227 2487
488 1433
345 2371
2335 2336
2957 2911
2592 2560
487 2895
2253 2328
2769 588
1340 1482
4 482
1696 1672
131 2039
974 231
2027 2922
993 2649
2660 1551
520 53
29 1238
1768 760
2739 1074
1015 1340
93 2313
643 1925
2101 941
2060 147
2427 1773
238 2599
2012 890
329 2992
2377 780
199 1437
1000 750
313 1493
524 2360
387 1930
983 97
989 2676
2094 1967
1389 2406
34 246
1150 693
2224 2491
959 596
2116 290
1714 2245
1523 1629
657 393
2055 124
2717 2475
1813 1384
1607 2081
592 1250
7 344
2379 367
2761 2096
679 585
569 574
5 1562
7 2302
2510 62
2713 1888
2685 1286
959 2442
1762 2835
1602 1584
2570 2606
2265 2214
2483 569
213 2020
126 873
199 2506
1011 2367
1030 751
1051 932
1232 2060
2621 2581
1167 1491
1439 2367
704 1145
1147 2658
1904 478
95 827
2403 1969
2861 1151
1019 716
1 52
1016 1614
2045 1404
1192 959
2288 2270
912 2218
276 1400
376 727
2600 772
411 2261
2498 954
1857 152
1658 1198
2033 737
56 761
258 2529
224 2722
1563 1568
2278 914
2659 2835
1706 2268
1980 1170
258 1522
2606 2674
983 372
1733 1597
2746 234
2858 538
1128 2333
2409 1190
328 1299
1372 2639
1874 2648
1210 1489
1916 2492
2205 126
911 1010
2446 1922
402 1600
1698 17
145 225
2621 2657
900 1562
2349 2937
2100 1612
1364 1201
2454 2914
2514 1184
1820 898
2991 1186
2829 84
427 2836
2994 2016
2 818
206 1052
1205 368
2757 762
1200 21
2820 2091
2880 1059
2890 2737
554 1432
1068 1611
712 1226
824 2761
1064 1895
587 177
1152 1957
1582 1997
1141 200
2385 1894
1730 2761
2774 1399
2903 1447
2135 310
1102 2777
1850 1331
444 2115
1606 1120
1566 82
1465 310
1080 2489
532 2322
2758 232
678 259
2406 951
2044 290
2791 1159
548 1177
2224 2675
1458 591
2298 382
1003 1565
1802 1055
1795 1741
1595 1097
408 2925
722 2534
2080 1019
22 695
1747 1823
1928 2240
2076 2627
2647 1421
1913 2146
1034 2860
2714 522
2357 734
1773 1398
2071 1315
2027 418
1344 1711
100 1813
571 2117
970 1923
2902 796
1166 1508
2170 1836
1079 2410
656 2594
1296 73
2087 1683
1370 877
1843 2501
203 1116
1800 2973
2064 1681
2195 539
2709 2075
517 210
40 5
1449 1120
379 2523
1309 2243
2921 605
1649 2000
206 2970
99 1265
2832 2137
1071 330
2544 183
971 1073
1364 2049
1677 978
2384 429
1127 381
2400 2085
2284 1331
763 206
805 231
276 1123
2818 277
230 92
330 2587
2379 2193
775 1847
282 2898
1599 1960
983 2395
1246 1287
2293 281
2924 176
13 867
1301 1473
90 2697
1104 2335
172 2918
439 1741
500 2807
709 1702
2885 1143
2204 306
1670 1540
1698 2531
1766 401
2794 2386
703 1969
1273 758
2266 2768
990 572
432 527
668 816
1523 1695
2935 2365
1421 937
1610 2096
179 1869
2365 1185
2779 2957
2135 342
969 413
1141 10
2145 1932
131 2228
2917 939
1404 2153
876 2293
984 1791
594 2013
769 486
2018 743
549 2357
1103 2335
1082 2242
1910 1531
2456 1652
1606 2153
707 980
1905 1408
2830 331
1954 560
1178 205
1116 869
2344 1130
1278 1211
559 1199
2086 257
1167 2355
468 2216
1380 57
1586 1516
2348 2163
2818 1964
137 2941
1429 1826
2658 6
1256 1017
517 428
966 2973
12 178
1699 2256
2979 170
1172 1467
203 1782
2995 2386
1174 676
1652 2837
1990 2246
2939 139
854 1302
1738 32
1549 2008
715 1488
1291 665
2164 178
214 1046
690 604
615 870
1199 2014
1191 760
900 2907
364 2796
1936 1631
2472 1923
434 2654
2602 1118
1812 2312
304 636
2113 1258
444 2211
1518 660
882 1383
76 1923
2365 2022
2936 2525
2761 429
293 2970
2947 592
2501 2715
2174 236
774 1473
2149 36
1334 2479
1026 2372
2597 2262
788 2897
362 2085
1089 872
814 99
1090 2963
2718 2821
2262 5
1947 45
2587 32
1250 642
2679 570
1472 31
2424 2106
1354 82
2053 2770
1137 325
638 1223
612 104
2365 2852
2095 2853
168 2212
880 785
877 385
2938 1043
2492 2279
2944 1858
1321 392
1681 1659
1574 1684
2259 170
2789 1193
1404 2968
1388 1908
2625 312
722 80
179 2111
361 2640
1267 2410
290 2764
409 1904
1874 1324
1728 1243
1332 281
2354 2990
731 1952
2896 237
556 1131
191 2363
2521 1127
2991 608
213 752
2343 2495
1126 1933
24 2275
1488 1252
269 2578
1606 743
232 2486
1254 1977
2826 2267
1116 2331
222 1718
796 1670
273 1194
295 103
353 849
1944 1400
1282 20
541 2307
877 2039
1586 2591
2722 2263
1534 1106
1443 976
1260 39
2098 2825
298 546
1069 869
2468 726
522 1822
2975 760
2635 2984
1204 1406
1688 2099
795 1209
1405 2040
1355 2623
2887 18
2857 1038
2539 2288
1091 2691
1187 1289
357 806
2623 2962
1410 180
1596 2223
536 2103
2967 1401
2870 485
1172 1749
2627 1733
79 363
165 141
2350 1807
187 756
2293 537
1444 527
358 1489
2341 327
1361 1514
303 203
1401 2680
2547 2706
345 418
422 899
2807 1005
2696 515
2192 180
1902 1760
1725 2982
1443 2268
78 89
2035 89
714 1244
1828 1621
867 2774
1556 215
512 147
1372 1482
236 840
2663 1988
1380 451
1955 34
466 1014
1425 904
2921 862
2770 2375
726 1323
1685 2118
681 1737
2613 67
29 2342
877 2527
203 2283
3000 1033
2952 2788
2145 2193
1790 1957
389 2598
1035 162
1760 1379
733 863
1914 1905
1461 2514
432 867
787 2833
808 2398
1645 1839
1985 1150
711 1966
1206 446
2640 2959
2671 2330
2889 1166
1587 577
2616 1945
2341 2515
51 2584
2306 1233
287 1773
1224 958
2656 2534
2530 1465
931 356
2679 1955
2594 702
1504 966
1277 174
2310 42
1474 2739
592 521
1629 2162
2624 2117
746 2301
1328 48
1792 1908
78 2097
1040 1775
1844 2644
2806 902
517 86
2051 1119
661 1936
517 2594
580 2436
1656 931
172 2990
1552 173
914 345
933 2241
802 1256
2041 1453
2202 738
1289 913
1611 2927
1772 762
1482 581
2448 2874
2205 1364
480 2953
1788 180
2447 190
1248 471
461 1625
2985 1878
2347 2753
1734 2291
1918 1161
541 1015
651 1629
1765 572
2962 518
761 462
2834 408
2818 292
672 600
2677 29
1639 17
1961 717
1246 2698
2070 2585
1970 2449
404 1174
966 2960
582 1039
2394 557
36 2302
2679 962
2266 1729
447 1041
103 1265
1835 1948
480 465
1980 2252
159 780
2436 939
1256 1742
849 1058
1586 151
1333 2259
1983 2433
2800 649
1001 61
2170 2439
1129 38
666 330
1506 1208
1008 1660
599 1009
2353 57
1257 1041
2326 914
2923 483
1285 637
281 620
1979 1262
2891 609
582 1174
317 1112
1717 2437
1182 2083
2934 2648
659 1933
2770 2458
2360 1960
532 119
911 2471
745 265
2698 2954
2870 1041
352 1457
2344 1615
203 1204
2262 1281
2299 1738
2762 1820
1762 1436
2332 988
919 2038
2535 1834
877 105
1261 1998
47 2314
8 1177
2512 5
2341 2995
2537 2485
1738 604
609 1908
2948 35
1754 2546
2765 1059
177 2476
985 2360
1942 1435
1285 1941
2187 2345
521 2239
2655 1353
1739 2953
227 25
2604 865
840 2492
2860 2540
2423 2863
1903 991
2668 2696
2485 1283
2606 789
63 215
1025 1480
324 1680
2537 2841
752 2782
2265 1186
431 187
2077 1086
2232 172
1784 2490
2881 898
1171 2938
2308 557
2512 575
1461 1678
2489 386
383 1754
2084 2125
522 126
1778 2339
2986 2931
347 514
1811 1638
1947 2785
1884 2489
2948 2617
2783 2456
1321 2870
1509 2437
789 1433
1130 1233
2336 2582
883 2640
2939 1601
1952 234
1768 448
1164 290
1066 2842
1146 1674
2322 1633
435 2696
357 956
898 2654
1104 830
1094 2066
2751 405
1041 1692
2318 227
1443 1796
1304 2550
1676 1586
601 2758
2227 1102
2704 877
2069 689
1669 1664
2559 876
2617 2331
1944 2682
1905 1186
156 472
1266 744
1193 684
479 2268
1251 2000
221 2501
1192 2374
501 2854
2394 1039
1417 282
364 2539
1610 2296
1564 2287
1135 1065
766 368
2337 1927
1252 1354
1222 2741
2377 1355
1318 943
1695 403
2858 1155
1809 995
2105 2353
43 2470
2420 2012
1461 24
536 1438
991 521
843 279
250 1965
52 695
2784 99
1937 2197
2676 2552
216 489
1619 2566
1819 1798
1224 2004
802 275
1923 1738
2060 1212
2285 2439
995 1190
1610 1594
878 2492
1461 2608
2526 943
2344 2538
602 2453
990 2329
1894 603
1831 772
2778 2129
1404 1518
2899 2774
839 1306
2435 1288
2825 527
515 2323
1917 2054
860 1005
2457 2865
1022 989
2572 1515
1167 2137
1058 1382
1496 1488
140 85
1684 2237
709 161
1926 121
2320 357
411 2166
818 112
1900 881
727 2410
1633 195
381 299
155 355
1880 1175
798 1715
368 2965
2142 168
1017 968
1312 707
2063 2438
232 1466
1266 2605
162 700
132 2183
1598 250
620 551
2944 1019
2166 2351
2349 368
1065 2053
2301 2661
678 1207
2410 1738
133 1976
2850 1866
2732 1641
749 1790
113 2288
1508 2368
1628 526
1028 2090
386 852
1891 1786
2384 1084
1035 2734
354 1497
1921 243
2924 2273
2043 953
2353 1571
2208 1328
1796 1859
1375 414
2655 1593
2317 883
1715 1814
1649 2988
63 2381
2042 529
2465 2146
1242 1227
2784 2937
2760 2409
1991 2204
2161 167
1514 321
647 1
2773 1712
989 1734
2564 1318
2640 2036
288 1698
1277 80
2321 2684
1978 2716
2821 1413
173 2032
2900 1630
2607 1166
2706 1247
2530 200
1168 2903
2214 1650
2384 429
936 1256
1660 2041
900 2763
272 351
2653 2377
1020 25
1488 308
522 696
1274 6
773 1922
1241 2431
988 1629
670 2147
2653 821
1313 1521
325 2551
2738 2582
1799 2840
1841 2841
940 2991
1317 2565
1223 1180
2919 1330
2305 2966
2677 1060
2795 2223
1545 485
2689 2761
2190 1648
2465 2166
206 2685
1891 2881
337 2289
172 90
1384 732
2099 2898
2583 2058
1215 398
2966 1666
681 754
561 1734
1892 919
825 2934
1439 103
1765 2408
1184 2127
1428 1819
260 918
1522 165
1024 1219
2704 1228
1364 2093
1584 2452
795 1153
1922 43
2260 2834
2496 475
2782 824
115 2284
1308 1048
1828 580
1362 1052
141 333
428 863
2656 2252
250 2963
2310 954
2405 140
2580 2966
2758 1201
2065 301
606 1041
1304 258
182 461
2522 2401
2300 1137
1163 2706
2751 215
2948 1162
2032 545
1314 1479
2046 1402
2392 978
1384 1296
230 2811
291 1028
519 555
1347 496
2753 2068
647 2292
1474 1389
900 2072
2206 77
703 2407
2860 847
2617 1329
1569 327
1093 925
1832 2001
2575 114
2759 2288
2465 2087
1277 1202
1900 1489
1830 175
2927 2020
1877 2113
1049 542
55 1158
2623 1618
208 2869
2402 1653
365 1943
555 1287
805 1752
1147 1038
2336 2087
521 2144
1473 598
556 182
517 2202
2000 1209
1685 284
1466 2129
1440 111
26 895
2611 595
418 140
628 869
2896 2518
2258 530
1219 12
982 1906
268 943
2038 660
1522 2339
2235 933
1978 2619
2095 2693
2723 446
692 276
2369 1806
1439 814
1325 171
1637 1136
139 1314
2283 2661
2758 325
114 2697
2563 2832
2809 1879
2977 2995
722 1021
1490 56
2055 2388
1729 1484
2314 1911
1708 2663
978 303
1354 1419
1597 2840
974 2708
1385 1111
1056 1418
2840 462
1599 224
2346 1818
160 1506
1242 1287
2334 1444
987 2079
62 1319
2003 2908
1422 648
2256 1526
2519 204
2420 535
1892 1017
227 1772
1548 447
1362 2963
1396 2557
2800 2582
402 331
1199 1383
1106 416
2539 2321
696 2893
1458 1143
1694 130
2057 2198
1310 1347
1715 2383
164 601
721 2888
2541 222
1035 2415
2342 162
1280 1806
673 2944
2858 540
1352 2549
1577 1922
2906 986
2577 1981
437 1210
1609 1404
383 1795
40 515
141 187
2693 326
2965 1189
203 1643
1961 1802
1501 2183
1423 2198
130 1188
575 2883
795 1059
116 1751
970 1327
2938 1659
1116 2529
681 2467
2617 699
2140 2835
2731 2758
2059 1113
2949 1665
981 2570
1214 2642
1463 951
2080 521
2902 2677
2454 2788
2032 401
2775 1878
1207 898
1097 2865
1018 1623
819 2520
2648 684
2432 2914
709 688
2750 284
1013 1599
2075 642
419 630
2590 1291
1644 2365
1811 2413
1403 2110
354 710
1752 2632
2518 2669
2884 365
1991 1316
1697 21
1939 1393
1062 2674
456 1644
2920 1769
2795 1833
2721 1781
435 1943
1751 451
1841 1837
2233 752
109 168
213 1735
90 385
566 551
698 862
289 1766
2233 1557
1717 1599
1570 1976
808 1956
871 2324
2046 1549
1258 721
1202 2406
1796 1009
2411 2383
1014 2888
853 218
343 853
2337 2859
187 2033
1225 388
1141 337
881 1139
765 1169
2049 1310
2623 671
1296 1907
968 147
1236 2265
107 1586
1950 2164
1019 2788
2053 569
2355 1172
2384 2564
2579 1841
1882 2251
1664 2151
382 2610
934 527
1842 606
1918 1894
515 1734
937 2582
1460 295
1456 1462
1259 2094
2830 2545
67 397
116 2711
429 1498
970 904
2616 1758
2924 2974
1631 2713
2248 1339
2792 2023
1788 2350
724 2493
2252 2419
625 2266
1681 664
1621 307
1408 433
883 417
1458 1051
1020 1463
1210 2415
2161 2023
1745 605
1890 2239
704 1503
1533 1691
2453 661
1968 448
2897 375
1130 621
2497 1286
2400 2202
902 257
2543 1378
2732 1279
2778 823
1752 2040
2535 1899
2398 289
1991 42
2438 1751
2224 1566
694 2841
2735 2704
2293 921
985 2788
1408 2238
1517 2868
438 93
2175 564
1592 139
2293 2860
1018 40
874 2433
2862 407
1080 700
2144 701
1670 796
1177 1498
555 217
1416 784
2399 529
2089 1676
769 2030
1596 670
976 1522
162 2905
2214 45
2689 1542
1495 2661
404 566
1460 1627
1450 2793
238 597
438 1187
11 2126
1586 2202
72 1056
706 1997
747 2053
2392 1736
2804 2581
2201 1288
1685 2111
21 2767
313 2678
665 949
963 1378
2458 2814
2502 848
2891 2454
1736 2736
1334 1669
689 1185
1181 2140
1535 821
696 2270
2516 327
1400 1595
1280 1866
508 823
2753 1955
1033 937
1457 2806
2960 1623
2377 1673
2893 759
1663 744
782 1197
2067 1155
2469 1444
2299 342
1566 68
2588 2240
2762 1517
1263 2235
458 1289
2513 871
2237 406
894 150
2195 511
1357 1820
2037 2108
679 2604
610 804
212 968
901 2198
407 391
1766 1443
1654 1159
1099 2370
337 1757
1088 963
375 967
2350 2535
1110 2367
1254 2718
1369 32
464 330
2202 1702
773 2899
2707 1227
208 120
1545 1803
2182 2893
82 2581
2721 753
303 1947
2802 2289
2216 2889
2316 1450
799 2069
2297 1247
1481 1135
1996 898
2955 2427
968 625
368 930
2854 695
2581 1384
2041 1546
2997 309
106 1512
757 584
2320 437
2799 76
2919 1262
1358 2736
2986 1311
826 2325
2704 1648
916 1448
481 2472
1818 2591
2134 1357
2248 1630
1600 60
1629 2351
148 2465
1787 2934
36 2251
2902 2627
739 2164
243 2800
1343 777
1592 997
523 1735
55 91
265 1014
1591 62
1997 686
345 1708
935 1303
818 2406
2217 2581
270 1391
2117 1500
2503 1233
1994 151
1970 1283
134 1850
228 1332
2484 1954
2747 1555
830 2320
273 678
1349 2698
1786 181
1986 2147
1181 2541
1756 83
923 2078
1607 1488
2748 1854
2572 2599
1019 2543
1385 2638
1742 181
2841 2338
633 2437
2003 203
1299 1231
2528 831
459 1514
1629 1381
2859 2087
411 2580
375 1874
2416 2537
1954 1237
1241 2196
1934 1534
2969 496
312 1457
1268 877
1860 335
711 89
433 687
1072 30
1075 2117
2076 429
1574 2077
2012 2452
2678 1041
2673 1064
1254 1806
305 421
2147 2218
2636 1463
1080 1309
2216 2760
2140 2753
2030 308
2309 1761
1453 2536
49 545
2633 1768
2127 1637
1499 103
1433 1567
488 1037
629 1215
829 2192
1075 944
2736 1288
1593 162
1161 1811
2378 1042
1095 2563
2104 1291
555 1672
2302 506
2006 2851
1142 1280
255 1738
1434 2200
533 2533
137 1541
1310 886
2767 1666
2402 1167
549 1611
1347 1092
2530 1947
1415 1649
2987 2367
1289 145
639 910
2560 284
186 2429
945 2023
1879 2339
763 1163
239 147
1670 996
1434 1383
2284 2080
1475 1684
2259 507
1199 1971
496 186
2386 396
2347 2154
558 1021
2054 1830
2428 406
1071 1577
858 749
1500 1263
1918 2232
1961 295
1313 53
1548 36
2603 588
29 246
2192 25
418 2777
968 2384
695 277
1841 192
721 785
1911 2062
663 2582
1011 1201
342 2184
688 2935
2220 860
2136 2786
1480 1565
2318 1201
2307 2158
1714 1250
2679 2474
77 1046
860 1654
1287 2968
983 2115
1539 2317
1713 337
2535 2287
982 923
290 742
2007 576
2199 1769
1280 1391
1465 2349
2365 281
2125 1982
1791 373
938 1897
54 1918
490 2540
214 1158
1634 1607
795 1643
670 2233
389 2152
2620 2407
84 334
625 1514
1081 1884
2808 1884
2223 167
552 1278
2094 1832
442 2082
1803 2816
2409 1525
2690 1765
2660 69
1669 2977
411 1255
2148 2931
1769 510
390 2098
2460 187
456 1525
2401 2598
2137 1312
366 863
2711 2635
2015 2306
1753 2436
1636 1640
1521 2178
306 50
263 1993
551 1713
1907 2147
1541 2131
2519 2973
1259 1190
2238 380
2239 2898
268 335
2417 1998
2361 1416
872 576
2999 147
1598 1000
2017 1370
1627 1128
2514 753
2979 1123
1602 2836
379 2831
1843 535
93 1095
70 436
1689 1161
454 1127
2352 2790
959 1256
2475 2254
1451 502
1465 2796
2890 1344
450 1929
670 1872
1025 1599
1595 1425
608 16
394 532
1663 2673
1818 2476
865 1897
2175 1156
267 322
594 539
2771 177
269 44
1787 1324
1116 1926
724 1325
2648 480
2390 2247
1862 283
2519 1177
1568 2538
363 163
894 1886
28 1748
1106 604
2842 137
1591 325
784 750
2489 375
2449 1848
958 556
1542 1887
2731 2008
527 2697
341 995
45 1478
1516 1300
2515 1760
2992 1384
1482 1798
281 2385
1666 1242
1762 2342
154 750
2900 2050
2232 2755
2513 1610
1362 2344
947 1573
1309 622
2980 1210
2920 1798
2055 2048
1005 2402
2735 2085
18 2121
2415 398
882 2447
2426 309
420 1132
884 545
2186 1257
1948 2944
328 499
478 700
519 646
42 2248
1559 2671
2580 1629
2469 406
2644 2433
862 2999
69 2435
1878 2483
799 2825
489 711
1022 1163
2673 2438
2999 1215
862 778
1363 2250
1141 1328
2596 1639
1448 2912
1968 1936
2260 2684
112 1409
990 241
925 1812
2027 2428
2164 1484
2042 348
501 2696
495 2876
1515 2028
1863 783
1080 2175
1175 2779
2233 724
1682 1609
439 947
2564 2960
2521 1222
1599 601
948 2587
1593 630
2029 2604
739 1918
2490 2481
2384 2973
1937 400
1128 246
123 1180
2563 2573
1194 2485
357 2183
1130 1922
1036 2604
2708 136
473 767
2707 1507
1520 527
251 1
325 926
351 528
2249 1152
438 2141
578 1078
197 2102
357 983
2073 2514
2297 1684
2026 1085
2394 2628
2613 237
252 49
695 1866
2236 2653
226 759
787 1038
2001 1291
1518 2037
2362 2720
1054 593
1525 1900
2353 1965
1530 923
2761 900
2233 2987
1623 2704
789 1939
1643 974
1109 2531
2569 1383
1068 1639
1960 2379
2955 2516
802 1409
100 1815
213 1708
2875 999
1338 1505
337 1596
2223 1512
2071 209
174 2754
2095 549
1117 1846
1877 493
1891 297
2627 2829
1107 1847
2239 1750
2966 1849
138 1500
853 54
2371 673
137 2631
1916 1689
890 670
2635 2962
1435 2941
584 673
1062 33
1304 2975
1959 366
1434 2561
1835 1561
2584 449
1112 1431
1401 2719
1465 2378
1181 1401
2321 2559
2487 960
2411 1081
2643 2360
2379 2309
2833 1415
219 2281
1029 2466
695 1353
2011 1403
1491 1453
1873 278
165 493
1316 1724
808 1302
407 1894
2609 825
1166 1605
2629 2539
2334 94
1169 2153
9 1332
462 1139
2474 2115
2999 746
613 2208
2350 726
1257 2702
588 44
944 1617
721 1919
663 1776
626 1278
1142 902
2239 130
1379 1701
559 2436
1423 2960
1799 299
24 2487
2323 112
2435 946
814 2365
2639 353
950 98
1333 54
1144 1487
1908 479
1339 2074
2782 405
2170 1709
2035 240
2663 2307
1241 1846
1066 356
1545 2711
1988 2734
269 1546
376 585
446 1471
2022 2198
1111 337
1484 1676
1303 1028
2724 2143
2206 2738
866 1598
2774 1861
2925 181
2257 25
1241 1419
502 2083
1362 546
2013 450
323 1618
2863 1636
161 1193
2790 933
2574 941
1156 2696
2239 2718
2568 1211
2017 2694
520 1057
587 695
2370 1535
92 2978
2607 2721
200 1414
1746 472
1249 72
1965 433
2842 2324
1423 492
2589 2940
2778 1863
2969 1757
2702 1384
2669 2268
2263 363
188 5
1568 2462
463 1259
2941 1947
22 2621
1296 1357
2449 23
1895 984
441 2561
1828 1297
2923 1371
2820 676
2465 548
1154 578
933 2652
1855 2232
140 2001
311 2045
2661 1349
2086 1323
22 1562
2879 1539
2514 2195
2694 2892
685 277
2722 2152
1678 225
1855 210
271 1056
715 2120
895 1624
397 1865
2809 17
1149 1398
780 2265
2137 2291
1281 1383
2152 1178
2623 985
762 1843
2462 2039
2091 1135
2657 625
389 1894
854 204
1650 130
2293 1389
616 1018
979 1686
352 663
1549 1297
2608 1014
2494 2021
1799 1735
2871 2492
2152 1065
1496 1257
1292 157
388 1266
2170 1241
1679 597
1372 310
2220 200
2067 486
981 1988
454 904
983 909
264 1058
2462 1926
1836 1892
871 2217
1064 2019
933 2834
1199 415
1943 991
909 2417
1530 874
436 634
448 1619
1916 2419
1302 2217
1021 1252
1892 2022
116 1450
2118 2217
2785 1242
1498 516
1398 758
1686 1008
1022 2106
2098 1719
1713 24
708 2317
2778 2176
661 542
1040 2983
309 2433
2836 561
851 1608
903 1100
1916 1952
2846 288
579 169
2641 1910
1924 254
1993 2805
89 755
484 2335
290 1044
1718 940
1247 2930
923 20
1631 8
1995 2791
1024 197
1789 1008
1119 1354
1596 2934
2897 1826
2554 134
678 2890
939 871
2195 1467
2276 2129
1212 943
1250 742
83 2482
77 1402
616 1085
1827 2071
1263 1620
1792 71
1585 2462
2061 149
2510 195
2239 2966
1116 1365
2170 1031
109 1673
2409 346
2943 2548
1449 965
348 1112
2088 2539
1625 1957
1530 2924
1635 2062
948 845
2396 1581
1265 2866
1097 2257
2950 591
1438 2047
2227 1670
5 1681
1031 2109
1716 2757
1896 1591
903 2034
940 253
2531 1210
1729 1714
643 1972
1423 814
1224 810
1495 2134
1629 1361
1096 1604
554 2483
120 87
2302 348
723 2487
718 148
1908 1826
500 1075
1441 2615
211 957
413 2691
2605 775
1732 2965
1535 1646
83 1877
375 2724
909 76
1519 169
360 350
2247 1555
1165 775
2688 2908
1306 408
2840 1523
1017 371
2186 1365
2092 2509
770 2021
1929 1949
281 61
1685 1391
2125 1022
2851 1357
2839 2927
531 2202
2504 1435
2797 1168
889 268
2161 1571
1998 2125
2824 1876
261 907
2691 1303
2485 2253
358 2774
1217 2040
2443 1066
662 1981
284 243
2803 2892
793 2190
635 2223
2069 305
1238 1645
745 2314
2179 2826
1174 429
2351 1168
803 1331
2823 753
521 751
1200 683
2156 882
105 1709
1505 1188
2282 2414
1551 2457
1754 554
2736 2346
433 96
795 1939
949 2058
1250 2224
206 2803
372 2959
187 2932
218 810
2325 1060
730 1606
821 1918
645 1329
1667 1326
1508 2276
1196 603
674 1989
2319 2777
2145 1126
207 2354
2008 1037
2267 2674
1559 1355
1748 2105
739 2019
2519 1422
2561 2174
2169 2980
160 2349
2699 1257
841 20
2006 1546
912 1896
673 77
950 2
857 2089
2413 246
1101 83
2628 2555
2568 2488
2114 1680
2547 2158
794 560
1184 965
2418 1938
405 1568
2075 1750
589 2897
942 1012
1959 1403
874 206
2350 2761
2768 917
1831 681
1266 2162
744 2872
522 1895
1758 774
750 1692
891 2948
2296 2920
2687 1089
2254 484
1250 2123
2276 2962
282 2756
2144 1930
560 1957
2105 1569
1554 113
484 2127
2767 1309
2987 2274
795 303
646 613
843 1800
605 373
789 2417
982 927
161 2587
2859 1542
2809 1573
1174 66
2718 1252
972 1860
1447 105
1484 1755
213 2594
1541 1338
1426 2610
1381 2784
470 2405
635 486
731 2182
201 602
1646 36
73 1017
899 2403
2256 544
2288 2888
1289 1335
2227 1180
1340 203
2618 2491
2900 1894
720 44
2068 1754
1665 1157
2687 992
972 2487
874 2614
3 2844
159 2753
537 2569
1280 2435
2325 2715
844 503
385 1063
403 2589
2776 97
1393 784
646 1637
21 2132
1115 2864
1571 2634
1189 1180
449 660
1596 889
599 886
2386 2453
1254 703
2490 696
2821 2424
2009 2369
1464 1009
1233 670
1948 1918
1837 2033
127 672
1382 1384
2809 1254
2755 1968
830 764
2821 2198
2975 1608
1275 2119
2412 2693
2732 1956
1 698
1119 1049
1730 1684
173 1413
680 278
2313 2784
1737 1044
2331 2394
2384 2326
1493 2887
619 404
1029 298
1240 1573
313 1359
307 1783
2659 2914
1424 2363
571 2738
88 723
2739 2579
1812 79
2583 615
1798 1610
397 2724
2390 1199
1180 947
681 435
1331 2760
1869 2310
1577 1019
2478 812
1645 43
939 672
984 2338
1002 1347
454 84
550 584
2501 2490
1530 2582
1374 1639
1567 2259
932 238
664 1846
219 2828
1798 1832
936 1563
678 883
1271 1024
1841 909
1717 2164
2914 626
2457 1749
2406 786
733 176
509 2683
475 1763
1672 896
1261 95
2822 360
2009 2967
1985 458
1679 1827
1616 500
220 1400
2461 1696
1749 1083
2833 1020
1845 408
1543 1393
982 498
136 585
1338 378
1022 2892
2248 2429
665 66
506 1515
2712 313
2058 676
2644 1857
2335 2827
1072 1808
1168 980
969 1348
2824 2347
2624 1913
238 978
2277 2796
417 2450
1167 2143
945 2631
2837 281
2574 2053
2399 372
2490 1416
2947 937
1449 608
430 2346
431 2312
1713 1035
960 2146
2684 1857
892 738
1200 1332
2654 1860
579 2975
2255 1759
2769 836
665 2019
220 2583
1908 1354
164 2755
977 2467
712 2560
600 2751
2322 2984
2536 2906
1368 790
2387 2284
2720 531
1315 2947
2575 571
382 2846
609 370
1592 2978
2913 325
1086 1471
358 1004
2103 2566
1146 291
770 2609
742 2821
2039 1064
176 1003
2844 2917
2747 2287
1415 1352
1870 279
2205 1037
1096 554
2373 2920
2223 2449
607 19
2642 2489
835 1781
1499 421
1671 614
2653 2077
1287 91
2060 1088
2408 450
323 1561
2349 2901
1495 1111
1855 1740
2950 2539
75 2901
1110 1322
330 2760
1071 2999
790 1111
208 604
2132 1771
2436 2119
1633 1528
2633 1780
608 958
412 2609
229 2449
918 2891
325 159
1871 2252
885 685
2230 439
1257 1001
2433 379
2205 1488
1829 2661
499 736
1998 1603
2527 2992
79 1956
998 2042
1690 2590
780 2355
2752 1281
1807 770
120 382
2223 604
326 38
2515 2929
2813 765
1870 1096
2716 1647
1650 131
2090 2966
712 2585
2967 2957
2282 1889
591 2832
1754 2523
1484 900
2277 2689
2554 513
2229 1795
1706 1973
2173 1572
344 1566
1158 1107
32 2050
860 2517
1816 52
1143 418
561 604
1192 1671
2930 1382
1195 1043
1154 59
404 2099
2105 951
1113 2173
1359 2445
1722 1235
2974 803
1757 611
453 2454
312 468
306 1843
2044 1493
1126 1974
1890 480
466 2977
2769 1739
2555 2195
1588 2465
1650 1558
67 1966
1213 1779
1281 2821
203 2884
2425 1475
2924 2899
1958 457
1221 1876
1296 1811
164 1922
2340 2008
2211 684
1660 388
173 2380
257 990
2274 2196
2127 1651
1310 1521
2426 2553
1134 1090
25 2287
101 2869
625 1448
1847 1296
1771 326
879 2875
2475 646
147 1892
570 1580
2167 877
739 358
2137 2217
549 1335
2938 2559
103 2057
601 2581
1185 162
1062 2998
313 1204
697 798
1334 162
391 938
295 2134
1954 205
2901 2567
2768 1803
939 1141
1847 1037
1783 806
2733 2724
1015 330
804 682
2044 1658
1972 670
620 809
753 2624
1933 235
2202 130
354 1617
330 2806
1467 187
2562 2368
480 1233
1385 112
2772 342
421 2398
183 849
2038 1709
2768 1929
980 1493
2284 2705
2877 1467
1133 783
491 436
2908 2829
2892 915
2235 1856
2951 2780
734 2917
115 935
2250 308
1760 1971
1622 2369
2621 1669
1041 1287
1883 193
1743 941
2314 2591
1156 2789
1859 1105
2122 2197
2727 2780
230 1231
2069 2561
631 2232
66 2872
958 2997
2208 128
2085 1067
173 418
1930 2223
784 517
725 687
2676 659
839 1930
2008 1058
1135 1891
2017 1515
2524 1729
2874 1019
2260 1525
1450 2728
894 1941
1296 1504
1350 342
1493 1664
2418 87
597 2056
491 2068
312 1300
2001 1870
1714 649
2958 276
643 1011
1257 738
1323 2518
1718 773
1764 1269
1497 2137
1806 106
2499 829
2006 2229
1596 7
2297 1651
1983 2828
929 992
2413 494
1615 1516
1714 1122
2612 2401
1445 2813
2031 1890
2587 1687
1820 2170
835 2399
698 2295
2382 1183
2224 2164
692 606
2753 1784
2143 884
2395 1506
1092 2766
2973 1106
2632 1151
2587 434
1866 162
217 1150
598 119
2445 2542
520 2484
1267 2667
2026 115
103 1136
1103 2038
6 2253
1541 2964
2998 884
135 1340
273 168
2759 2932
624 2937
2932 1469
1611 1553
331 2876
1949 1842
924 475
76 69
1178 2635
2298 413
1333 2915
836 319
955 2044
2048 2722
2023 1365
1536 95
2430 2443
2919 939
85 1289
1552 2219
1015 318
1019 1378
1054 156
24 1713
378 1314
715 1034
1858 2354
2883 1184
2927 1112
1929 409
320 1688
2450 1181
1087 1555
2973 2316
1797 1202
241 280
915 1172
2670 398
1472 1525
1319 311
1226 2149
1517 1729
1381 1466
559 2186
668 1716
52 2043
978 840
2586 442
2588 2525
1709 2412
215 2072
1750 1535
1505 2379
1900 1641
882 330
1910 256
1580 1657
2528 2891
2318 1642
346 207
2382 2099
383 2722
2772 1337
1266 2206
1109 2239
535 716
2255 25
1256 1929
865 70
2614 244
1915 1436
934 2161
2638 331
1198 680
1443 837
2835 1012
2968 2908
1636 1607
1005 1611
2966 925
185 1855
1034 617
1566 1564
823 391
619 1686
2551 2226
1056 1878
2955 30
1250 33
942 357
1833 1591
2810 202
1558 2830
765 1355
535 147
2789 1139
2806 2696
257 1965
1348 1154
527 1426
1988 884
2757 1647
138 2904
1883 1928
239 2835
384 927
2910 1393
2978 1599
1609 2632
729 2762
2948 2251
2245 2789
508 2285
73 173
429 2599
2262 1900
1011 2077
2120 1359
470 1385
1956 2264
319 735
818 2603
1512 715
1657 42
3 2580
2297 775
2055 2054
1018 1552
2654 186
287 1843
2306 2223
1487 2109
625 1880
1298 1415
105 2854
1409 921
1363 2407
212 1079
232 2483
2725 2248
1755 2359
1918 305
1448 1
1871 1564
2973 801
173 2470
2325 1398
56 2776
1555 444
2465 954
1327 1012
8 2811
1976 1162
1547 56
870 1166
2152 2022
1494 32
1764 426
702 1655
872 411
589 122
1233 2445
1798 1693
181 248
287 2796
1855 1495
2125 926
2339 2719
56 939
1292 623
1905 1205
2224 1843
1501 2570
625 2803
340 1483
597 2641
2085 1189
1293 2806
128 610
2766 669
2732 2526
488 37
262 1985
2536 97
2725 2785
2215 170
1775 727
1724 327
1787 2768
2152 1962
1659 47
1848 374
1943 1623
2480 1860
1550 649
1851 2174
1856 886
2372 2424
1771 2016
427 1250
1369 2406
2588 2375
2272 1089
2961 1845
2853 1380
1345 1250
689 1920
2425 2797
1128 670
2350 2964
621 225
1866 1119
58 2508
1806 966
1637 541
2328 847
2100 78
396 1973
2107 1438
984 602
144 1473
315 2192
932 157
1998 19
892 1189
590 1042
2799 652
1330 675
1855 678
1944 927
1763 623
2539 348
376 2367
1150 1904
2218 220
673 2284
126 854
1922 603
2941 1284
2916 1962
2415 2481
2310 1946
601 1248
432 2103
2424 1935
1517 2800
172 1261
1573 37
2841 739
2832 2834
1696 1492
446 1277
1379 196
859 2862
1579 1664
2395 1592
939 1201
1492 1384
2129 1075
1409 955
1549 1137
2137 2986
1855 1423
2632 2360
700 568
2919 2826
110 1196
1648 1414
922 503
2201 2352
2642 1556
2352 2730
2761 2967
197 1265
140 2759
2394 2543
1647 2435
2315 2262
2997 1630
1105 1966
252 2001
1226 2248
1643 2922
1146 1687
2580 2376
1474 2731
2263 505
2273 62
1300 2022
2729 1020
1141 82
2289 1724
1797 5
1089 1556
1091 590
1948 1427
1362 167
2437 1647
613 1015
349 2170
1442 59
2379 82
2471 1674
2150 373
2149 2696
1183 2316
117 2975
889 2720
1100 738
2152 1857
1089 1280
1378 2824
1867 1993
290 247
2296 770
1735 1869
1170 720
800 2773
2266 2620
2453 630
2263 343
212 2151
2532 2970
1080 696
2450 1
2497 2330
2281 2039
103 1897
456 1878
1656 976
2250 2827
810 2167
945 1527
649 1511
526 1315
2523 2313
2764 2179
1985 451
1813 1771
2993 1418
1913 2913
147 1173
1011 978
170 2157
1649 621
2248 2178
1028 1360
2146 142
2925 2140
2796 2266
1772 1730
2394 705
2395 133
2982 2279
2720 957
2439 1208
103 2368
1014 439
2702 978
1498 963
2183 2331
2302 1956
379 752
13 1833
1310 2807
2464 2085
1875 1660
1354 2147
2673 2392
2278 39
2053 1556
1837 1550
75 2450
857 2292
837 819
325 623
461 1444
1696 1977
2617 1873
1151 82
179 1225
1339 2566
1364 773
2815 1319
1346 352
1221 551
2746 2298
1032 754
1944 960
554 2121
987 1875
622 1159
2276 1631
1184 2477
1670 2080
1293 2924
570 2022
1820 2873
904 696
2361 2413
920 1579
1030 2325
1038 1784
1643 2723
1773 927
250 2302
1534 748
2908 1652
200 2427
1485 1142
2300 1404
2805 1523
2895 298
1812 179
2659 1076
917 1884
173 1557
777 2033
1464 709
1989 386
1696 2051
808 1364
348 1704
45 1916
423 2321
1100 1139
2802 625
2336 1632
347 2071
1461 873
1475 1370
729 2080
641 1887
2102 180
2457 2564
2908 417
2436 596
1376 491
2622 1413
1460 2909
1283 1995
2462 1188
2556 1630
1470 2133
1194 958
2650 2997
383 327
1804 1284
2769 427
2537 2854
2175 1140
335 2852
1623 935
1550 1879
375 827
75 646
2877 1091
727 680
1980 129
556 1723
2539 480
720 517
207 618
916 2664
2741 2008
1321 2401
421 591
291 1253
1539 871
2768 1429
2817 365
1942 697
2254 2604
1539 2418
1128 1318
2310 2746
2528 2974
1435 1
644 2427
1724 433
2003 1662
2108 1332
816 540
97 2591
119 745
2522 2767
688 1479
2322 1805
1245 198
2489 366
300 1872
1878 1692
2561 2932
1412 238
2169 2100
2162 1007
711 2759
1292 831
2941 2884
1504 1212
2380 215
596 2773
92 5
1299 777
218 2044
2058 603
637 209
1364 472
324 1759
2082 329
604 2776
2512 25
376 2057
902 1601
1402 1230
1001 1623
308 1120
1341 2473
1635 1679
1558 1702
2441 2535
2722 1150
2024 2628
1827 929
1405 1594
2339 1507
2553 1988
1772 2686
462 2956
1045 1293
232 1678
582 1363
2599 1282
22 1569
1255 2790
2571 1670
673 368
2236 2216
2422 777
1736 2430
2776 476
2230 2486
520 2977
1046 2070
2286 631
498 1575
283 369
401 1037
1838 1905
2454 1489
1231 326
1738 1123
1623 1280
612 1497
2232 1855
2479 760
293 1206
155 972
841 828
52 590
264 16
2060 1284
2347 1326
2979 2689
2704 1278
1270 1925
1807 1082
505 2830
2620 2317
1481 251
141 869
1768 2338
2474 2170
442 2090
1188 1616
384 177
785 2052
2975 19
2452 1116
750 723
1468 838
1898 943
1571 2977
1263 2483
711 2047
760 956
1621 144
1129 2792
1578 2823
2297 2524
2265 1717
496 1804
2048 1096
2788 2197
2371 1932
2818 2951
764 720
532 1916
540 1619
209 2673
1506 1114
628 993
521 1800
1304 2973
330 826
869 2564
2451 333
2595 958
2997 2656
2225 2129
387 1176
1922 2312
2650 2360
1557 2034
1840 1790
1928 767
989 391
1975 1781
2485 2987
1445 2800
866 364
1609 1597
1722 1381
1129 1782
2131 2906
2406 1894
2645 1059
444 284
1969 2043
687 996
1773 2653
2739 127
489 1755
1430 705
536 31
1154 2240
1457 1413
2378 2625
1981 711
1935 1002
2881 877
2012 1269
1398 1397
1682 475
1102 2865
2855 2559
2131 2478
2494 2560
1624 16
2251 87
526 2897
2612 35
2663 2140
2927 983
868 1570
1367 2374
691 881
2396 2017
1289 2960
960 877
1719 2881
2111 2257
922 733
1452 2543
2974 877
1970 2007
1780 2317
1209 907
1567 2076
790 2779
2952 1057
1255 1150
2898 2045
2348 964
2842 607
2159 1116
736 2082
1499 1371
1355 1389
2397 338
1789 2313
2911 965
263 154
1153 763
968 424
2990 1375
1019 2809
909 2874
946 1737
322 1638
2026 104
165 2455
372 757
2037 1700
801 2296
930 1198
2972 1823
2725 2468
271 222
854 2090
711 1274
2037 1191
534 1827
1851 2019
2961 2490
2965 39
1547 96
1095 2299
1774 1833
625 748
2984 529
966 2690
2848 2099
2096 6
1707 2003
2639 2562
1194 2457
1202 1617
1111 2009
2712 1704
642 295
979 2664
1306 2345
2265 2325
1035 376
130 2521
1574 897
305 1530
261 2025
2977 1224
726 2387
2396 2990
2640 2402
2574 1695
1763 2268
1817 1900
1702 2644
2516 468
24 2630
1294 1228
464 561
1735 1175
2075 1147
785 2343
500 2922
1898 744
1265 1156
1275 2877
484 1703
23 2207
2134 2503
543 1473
1312 2185
1555 8
2529 2857
2780 869
5 1669
328 778
290 2125
1184 728
1601 1157
1868 4
1057 1332
1972 445
473 135
692 713
2877 1977
2643 115
1116 1567
2105 496
2806 2478
1040 798
2560 522
44 1820
2604 906
2901 2327
1424 201
2376 883
1894 313
461 2578
1473 1511
1789 2433
1679 639
2311 2353
548 931
1997 1232
1820 2186
1291 2622
235 2932
2770 1994
879 1811
1654 2703
1709 122
2015 1068
363 312
350 2296
1647 2834
1702 2171
1907 2504
1506 1928
1905 576
1003 1766
1277 690
2721 2670
1981 1485
1218 1410
1899 2981
1879 2255
70 998
811 2544
1891 2810
1397 1672
906 453
1810 1686
1879 142
1541 2090
2846 684
2033 1486
2557 2506
1364 416
1950 2275
2248 1696
720 2574
2040 472
2591 94
1780 2764
1388 1775
2807 1757
1697 1515
358 2567
2209 1578
2469 1136
1313 1220
1401 610
2026 2202
2412 571
2809 1874
1085 1190
2802 1888
2907 2198
1531 1530
2787 1417
1616 308
642 1089
2339 2747
1672 2099
2050 960
1037 476
2213 1835
1957 2990
109 1969
2601 1691
157 129
2279 1468
2429 614
1931 251
2555 432
2941 208
1278 451
1879 2683
1889 1497
1413 2896
172 744
1172 1009
1247 991
1726 1483
1222 647
1750 2722
2022 1254
1944 168
856 1810
673 2252
1783 693
1800 2410
219 1547
2798 2171
2419 571
2241 1184
900 2332
2415 2217
1300 324
211 1293
1857 1368
1993 841
412 2309
1404 1841
1310 1384
2213 153
1624 2578
2245 1244
2069 2150
300 2200
1067 2471
1106 1681
756 2823
491 465
1678 1668
779 1908
2279 2736
853 269
48 1643
2224 41
16 2959
1063 152
652 2346
1147 192
1246 1146
2429 2216
1266 1030
1282 1019
1088 1322
829 1968
1978 462
1192 167
2239 902
1204 973
1554 38
789 538
2360 2982
1344 124
387 2570
216 793
2134 1193
418 2570
2146 1734
2581 1117
2548 211
525 1045
1752 1174
1971 1048
2361 2298
1475 2605
647 105
2689 2374
2845 2377
2 2824
2446 2167
991 951
1168 1569
2500 14
2711 459
443 1685
1924 71
1209 2014
1111 837
2538 1045
160 681
1198 1920
1377 176
1641 2084
2163 1529
2353 2984
993 108
1473 1849
1488 36
1421 1041
1894 40
2376 1971
665 2692
2054 1404
1560 2693
1957 2320
2793 2867
2928 806
2199 1791
1077 1472
380 492
758 1279
2161 165
1944 2365
87 496
827 2454
2346 2642
971 2595
1107 2044
659 385
798 1464
857 2416
1442 1011
2575 756
1500 2193
1688 112
1738 1810
2420 132
1159 1885
2708 1937
2552 1059
2190 1455
2130 1860
1376 530
1972 2767
559 594
1080 892
605 1963
1349 1962
2973 2731
576 2074
2722 287
662 1890
2957 174
1098 1873
2440 1413
1660 1383
66 612
1431 1397
482 2035
38 1947
2445 2992
1683 963
841 1656
427 727
1614 1809
2987 2053
1683 1190
961 780
1189 1820
976 1377
2380 1314
457 1143
2363 2988
508 1986
1381 2530
2882 2561
27 962
2276 313
40 2079
1803 717
140 2205
2215 1843
1964 1223
2179 327
1756 675
2940 2313
2044 458
979 2144
2227 776
1157 2046
2234 2645
2281 236
1201 1703
295 81
1470 3
1590 1852
864 2991
5 563
2311 1780
1571 26
120 619
976 1778
301 1440
1429 1572
1704 2668
2618 354
1105 2564
2524 2065
465 314
2241 1488
1003 2051
87 681
1387 2073
1913 1039
1745 2564
2053 191
952 1960
1074 2606
1545 1518
709 92
787 383
2811 2410
913 1285
1052 1442
2388 2594
1266 1728
208 955
1764 450
2589 657
2371 1951
2506 1093
2501 1517
770 8
1783 430
2868 1926
2626 994
2427 1678
465 117
2158 2484
2561 1666
882 1158
314 1674
1434 2304
1814 1502
1625 2706
733 415
412 584
2888 663
1200 1940
2361 2524
700 2085
2914 266
1068 1135
2212 2018
1605 2210
162 236
1459 1039
99 1196
2370 759
364 1019
2192 825
2409 1021
2502 555
2154 2305
418 107
1744 2434
1303 2277
1169 705
653 1038
31 2122
1406 2344
1311 692
787 1065
1868 1756
459 256
983 2266
2071 1817
18 552
438 532
793 693
978 890
2453 1216
2319 2141
938 2256
492 1661
1965 1651
2743 1344
288 41
1086 1142
1896 29
2216 1837
2395 2935
2274 1043
615 575
379 294
2827 1795
67 2610
622 2159
1293 2084
610 1491
2778 1093
359 2465
580 1142
1163 828
143 332
103 1666
690 2931
2327 360
829 2422
1806 919
1425 2715
2117 2293
2988 871
2310 2082
830 2581
1303 45
864 2101
1971 2265
1860 2622
871 1968
1392 1312
1186 2796
2228 1321
2277 2083
540 1748
1134 1928
2424 2029
2633 2651
2446 2247
877 1148
415 2960
1733 2390
698 529
2270 2161
1901 891
2670 1531
2273 2148
1584 2175
2965 32
2422 1176
2383 315
703 282
188 2376
81 2023
1967 540
1722 1229
900 1566
1688 2344
942 1190
2816 2232
142 2608
1590 894
2563 1422
1205 2844
932 2146
1890 1576
50 2380
1912 2851
2620 2166
923 2161
952 567
2869 1040
905 1176
2122 338
1755 1754
319 1408
1470 932
16 874
2736 2278
143 122
2398 2139
1945 361
2864 1123
1780 631
975 1304
1894 2336
1433 218
1076 2836
1692 2223
1278 358
2566 1240
2700 2883
2570 408
2988 1624
535 2029
1683 1886
599 1259
1227 250
1976 632
766 272
1122 2853
2747 2948
1187 2278
289 1982
2365 1623
576 416
1335 954
108 2262
1823 1166
1425 729
1444 666
1568 2445
1784 1309
1770 2529
960 1973
2761 358
2761 1565
428 2896
677 567
2539 2632
1650 1892
1220 1240
772 698
408 2052
877 2051
2164 1170
1013 2845
2077 1198
473 424
756 2825
432 1667
2017 2663
1157 1893
2284 2351
686 228
994 2383
2486 2135
2732 46
281 631
1451 2243
1836 827
1738 2113
1830 1384
633 238
2265 699
2782 1050
2265 1949
2229 1029
703 2282
1438 1967
788 1133
2119 1542
2246 1631
1671 2893
1388 129
1738 690
733 2170
604 2539
2752 1588
157 1993
1822 1474
114 179
1468 138
566 2083
1080 2169
2638 1266
25 2433
1886 782
2809 2168
2180 1007
2725 2746
1720 262
501 2027
2836 2419
561 2955
526 1119
2399 2073
571 148
269 804
2524 1243
2922 2867
614 1898
1436 411
1531 818
1874 2021
841 932
2941 2531
2890 143
1524 917
2857 1551
1456 207
1623 2232
1239 2520
399 193
1731 2421
2269 2918
1367 1022
1445 1944
2525 295
60 808
1198 833
2803 1037
2716 921
2990 2478
2429 2378
1949 1782
363 2877
1453 2459
1018 93
2406 1039
2016 1066
1431 2458
2697 1533
840 2857
1241 1423
8 1751
2593 1838
1414 310
541 2140
2210 1666
2083 2331
2454 1142
1983 1685
742 318
1167 730
564 556
1450 1146
2395 2895
1429 2269
670 458
7 2134
2107 1983
1683 1985
1422 1196
2391 1184
527 958
1965 1801
103 2840
2242 2646
2286 2292
2987 1321
1037 1169
121 257
2609 1746
1582 1650
1492 2750
2486 2250
1702 1083
2228 2274
780 2174
2288 2208
2147 1241
2096 1159
2594 2135
1633 2333
1537 1880
2239 939
410 2385
352 429
165 1630
478 1594
2199 449
351 2711
1772 1689
2619 1633
737 43
1363 67
339 2598
2723 703
2297 948
333 1677
890 672
2853 2882
905 2812
942 1238
316 1347
2629 444
386 832
2051 966
2041 1073
935 2069
735 358
1239 656
2243 269
2473 2806
1556 2205
509 454
1373 637
1548 2708
2512 216
1121 815
2198 2170
1722 1147
1989 683
62 427
1204 2565
1746 23
559 1164
767 2685
987 162
1417 296
480 1115
1092 1928
208 277
649 2837
778 1873
2587 2934
2098 11
1344 1775
2133 2031
2574 1470
2337 1760
2268 2645
339 1774
2652 2903
995 2800
2428 190
858 973
2554 645
2363 2371
187 381
1067 2866
2634 2695
975 1951
2216 2621
1681 2239
2232 2998
1800 670
771 2252
740 2510
834 1460
83 1117
2626 1561
2903 290
1125 65
694 2121
463 871
2756 2207
242 140
1690 2256
2440 2828
762 1772
2876 669
47 1064
1204 1582
2716 1149
1347 2328
2003 53
1224 1004
2900 863
2522 2405
1208 2181
1430 2695
44 1841
1019 709
180 1009
127 1393
396 971
352 1907
991 2840
147 2283
733 1409
625 2329
2129 1944
1769 569
503 1050
2166 2099
1378 7
2654 1064
133 986
261 2103
2258 2433
892 1732
2415 1812
259 1184
286 2636
549 1871
1406 1530
102 1839
65 1675
1369 605
2215 1361
787 2770
1756 1694
1915 2635
1421 2742
1640 2210
2084 1189
2754 869
1728 2736
1176 1197
1165 438
1879 1541
362 1108
2370 1048
2940 2197
130 1267
109 2387
224 325
2806 2897
2380 2916
278 1700
2441 1410
109 2799
2290 215
2341 1258
2251 2087
424 1522
1928 1851
2258 631
1139 1098
2772 350
1595 72
1340 1553
1627 154
1711 1699
960 1657
703 840
583 2258
443 591
1015 520
1767 1696
2118 2177
1034 786
1288 1476
1119 222
2290 272
683 220
2897 280
702 1207
2914 1298
2617 1329
483 775
1751 2826
51 985
1676 347
2459 2175
1160 979
511 2458
1672 826
1132 403
1284 221
468 1086
1418 223
1830 480
312 1273
2048 563
1470 2475
2636 1866
1613 1154
1422 258
743 205
773 2519
2116 2632
1550 2603
2370 202
131 1961
2396 2142
812 1194
2739 2450
1293 1137
858 94
1363 1647
1890 2363
445 1692
1292 2697
357 1364
2754 437
1630 933
1019 1625
676 2434
1906 2639
2367 1065
340 1508
608 2010
2399 2179
650 1017
2051 2855
2383 996
1729 852
1265 2824
864 1559
2755 1071
73 2177
2556 1838
292 1563
995 2666
2112 2261
2042 2884
695 2826
1952 2857
380 2053
141 391
1048 1042
2344 327
1778 1445
2387 61
2445 608
503 690
1201 2047
1960 2303
1365 1599
576 1622
748 874
2692 139
695 1623
2907 2922
2735 2161
1618 989
1607 1035
1329 1760
1034 894
960 2320
2157 178
2008 2975
231 1821
2430 1103
970 2456
2375 1204
2895 2318
2748 1883
2782 1331
471 2734
2661 1816
2999 2409
2342 1326
1871 1814
2011 907
2207 509
2617 1695
2575 2114
1147 850
2455 37
126 1209
1562 2512
1093 1929
1834 462
66 2892
377 2118
57 1099
1889 2235
1476 802
820 292
2764 2473
87 1048
2818 2886
173 993
2462 767
384 1657
2144 2803
1853 2938
1210 2993
1045 96
1466 2536
1751 508
1911 859
181 766
1779 2633
883 2037
2365 1265
1703 1810
600 2918
551 227
319 2759
1355 149
1356 1318
33 2101
2789 418
2244 1534
312 1944
527 181
858 971
939 2932
1201 853
378 83
2342 900
2177 716
2462 2428
2578 529
939 2168
1694 1881
288 2017
2384 1732
2032 2295
2545 1421
1429 2066
2731 1906
1601 359
1697 1922
2572 1354
2193 2750
2716 90
590 1694
366 415
168 924
459 1884
2970 2974
1138 673
960 2764
2824 2606
2245 1143
429 168
2774 1669
1011 210
2962 2302
1266 1667
2239 2235
1879 2464
753 2124
673 1415
2614 1511
547 1636
2561 2151
773 484
2708 2127
942 1106
850 2359
2889 92
1434 2053
411 2650
1208 1657
1540 2257
2929 878
2956 2952
1473 1385
2337 59
2800 1423
22 2239
755 551
2617 1483
1702 547
337 2793
2724 2713
2839 1511
800 215
2543 1623
297 2855
1077 2309
1532 2195
779 561
1265 2288
1140 415
1143 1258
1493 1523
618 1924
1737 1948
2806 971
1087 479
224 202
1368 1271
2953 592
1201 915
2758 1250
2223 263
2165 2907
1194 2835
1111 2517
1618 2210
2127 1318
1938 2149
1369 76
2218 153
901 455
680 479
1812 2368
2149 1105
2069 1234
1683 975
542 1609
884 2232
1396 389
1644 1776
2550 386
906 297
748 588
928 2602
2070 107
1048 2776
218 1601
1139 2373
2394 1328
1017 2543
2771 2915
444 1240
2507 697
659 1389
181 2410
1127 656
1330 2563
2908 1872
2798 587
2635 389
2924 2361
665 1298
2823 2213
1565 947
79 2643
561 985
2793 209
2624 126
1283 2672
387 328
1422 1369
1002 2761
1447 2738
2629 1564
2280 1481
2129 904
2702 1805
1357 2648
2747 2877
72 1491
2011 2309
2200 1066
812 1105
2295 577
2781 1012
2932 2239
1117 2010
2753 2750
575 1444
2048 1912
2182 74
1467 1657
1969 2588
1154 2639
1678 1585
1651 809
1244 1723
2800 876
1747 2268
723 1831
1988 1503
2299 2699
419 2929
1219 1718
400 348
2437 808
1731 637
1309 2392
532 1490
2810 1275
1567 1397
1658 2413
356 186
1977 205
2133 536
1591 363
71 1083
453 1246
1615 1249
2260 2333
2507 2944
219 198
1898 953
537 320
988 1110
260 2676
129 2992
2290 1574
1978 1982
720 2564
1409 1686
558 710
194 2203
1342 2035
935 2569
2834 40
522 2539
600 2765
2465 2419
2638 835
54 617
2115 723
2099 2117
2439 2982
1032 2542
2196 1000
2694 2025
2219 502
2585 2970
1695 2
1247 19
221 2212
1715 649
104 2536
1935 274
1891 1817
807 694
1047 1438
2512 2239
1944 1604
2421 22
883 917
1083 743
1948 528
2285 2955
639 2394
584 294
267 2684
118 2388
586 2070
399 294
472 915
1604 2103
1806 2699
1879 2051
2299 2852
225 2668
2053 2233
1716 1587
1599 2071
2757 457
1704 931
1987 1023
1753 2069
286 2158
716 728
1750 2307
2574 918
751 2157
1460 12
1571 1621
2324 2459
2611 1457
2854 1070
2934 1127
1312 2958
2786 573
1324 692
32 1554
1867 2116
2523 1986
627 2336
1911 1105
643 2961
795 2809
1070 413
2728 153
2305 479
2566 131
1398 2175
1150 774
2967 703
767 2446
1106 2244
2408 2265
1790 1625
974 2310
2724 14
507 536
377 1671
415 1054
2137 415
2954 930
1861 2104
902 2213
1228 350
2706 2777
2957 1106
284 1817
1623 2741
747 584
2173 1052
1665 2298
1256 2148
2640 1416
459 2158
912 2145
1934 2378
1639 544
1875 1355
158 1676
712 85
741 1589
95 1772
1249 2276
1104 1210
1735 1231
295 2451
2170 2900
2318 210
2655 2643
790 2797
831 1477
1063 1854
882 277
880 838
2084 34
2236 2330
1510 2581
1653 2821
2600 456
1203 1991
859 2218
2352 2782
488 330
709 193
2705 1915
1284 821
48 1428
1857 1760
2360 79
1906 2019
1997 475
1257 410
323 2210
100 1770
933 748
2277 1307
2819 2606
2993 2014
1807 549
730 1470
768 2265
1140 152
2866 2373
1150 1723
2742 697
714 1457
928 722
2037 2249
2461 2047
2165 1512
799 2978
737 1305
302 1145
2020 245
2294 2554
2823 628
577 1111
2131 46
1579 1221
64 218
292 745
512 2262
1481 576
2664 718
1374 2927
2231 2701
1639 566
2797 2617
2666 2115
2733 1812
340 1676
1569 2779
2426 1566
1475 682
743 1310
866 109
1801 2525
317 1573
108 31
1684 565
2422 2238
2013 325
1132 2788
2384 13
2916 2345
2526 1900
2662 1341
2458 2677
839 2279
84 1617
2717 2557
1361 1455
2239 2561
1265 2318
1561 2351
603 2621
550 2067
976 1626
2774 2285
2646 1368
1724 2065
891 2107
2112 2505
855 1946
853 2094
2266 1408
2755 687
2694 1380
1686 1013
1191 2751
1960 2299
1019 2401
398 2447
823 1422
2390 288
656 837
654 911
1219 776
466 1806
960 173
2350 1976
2174 971
147 1124
853 2072
1960 337
568 819
2198 1968
2765 1093
2929 560
1841 527
2723 1196
2546 419
1900 105
1341 302
1005 922
2178 2581
1489 807
1080 1996
1617 2991
1070 1691
2710 1659
1248 2352
242 2834
1204 1087
2402 913
473 1742
1999 3000
2080 2022
1603 2111
2114 1939
2258 1092
1973 2573
2002 299
2555 1049
2996 450
1752 1549
982 1766
2543 613
1291 1969
1604 85
665 608
2478 262
1733 2372
1957 1070
2060 1844
1102 2059
1124 827
1077 2292
15 1589
36 675
1719 1667
450 1361
740 12
853 2115
2185 481
64 1906
820 1738
805 642
1928 1543
1653 2512
2928 2887
2755 364
1286 2467
2785 1054
398 902
2743 2503
589 486
2290 183
444 2724
1166 2677
1300 2885
2232 2494
2706 2083
2583 1986
2564 364
2532 553
261 1297
1937 131
2468 2144
2017 1808
2512 2195
2931 2169
649 313
142 2236
2918 1709
614 395
2896 1452
983 1061
1130 58
1944 1422
1914 91
704 2443
1907 1965
1194 2635
604 2281
1311 512
705 1739
2809 2854
2895 1112
1250 1846
819 2071
1562 1406
973 1367
196 467
2230 2154
397 2801
2732 1117
966 2809
639 2480
2117 2736
1894 2378
2371 140
1684 77
2947 1401
2790 2966
1271 2932
818 1651
504 1880
840 1502
337 696
2836 2327
411 154
2909 549
2592 2893
889 2351
802 2085
1726 985
175 2803
1775 2666
1506 1219
561 63
999 2070
870 114
1745 2843
1614 1246
603 2551
2966 327
2328 1113
2944 2464
54 674
289 360
2812 2713
1161 1278
972 1742
1021 1694
1929 1609
446 2929
1579 2510
1262 624
2536 2725
1636 1229
581 1796
1557 2445
1850 1916
1508 1359
1738 92
680 894
2718 1405
45 2355
2153 1944
2151 1618
2464 364
1287 175
548 2660
1296 1737
1389 825
2036 1165
2935 2580
2089 1096
853 1194
2783 1358
749 1345
1488 2385
896 564
2417 1858
2570 1671
2129 1404
294 2016
1423 259
27 2587
649 2423
933 1929
1020 1881
1103 1266
751 1036
1831 1799
1388 2377
2405 256
2898 210
2723 282
490 2412
2318 2640
416 2402
542 1412
2368 1560
1838 2686
1015 649
2530 2077
1718 2256
2559 2154
1967 58
1991 2344
1892 997
2016 1838
2761 2972
1251 470
1741 1456
1640 1618
1955 2910
2697 1706
128 2693
1377 2168
644 2839
917 2954
84 184
854 1441
652 1654
2231 222
693 1815
2392 424
277 720
766 1175
2940 406
1386 802
2473 242
504 607
1598 2643
2564 1950
1525 287
2645 766
1807 2812
1830 2149
2774 918
537 980
2357 512
694 2089
992 1992
766 2326
1372 1988
757 1618
2152 2935
2559 726
232 2049
1012 997
1617 1416
964 1076
2302 1905
459 2206
2596 728
651 1247
184 1072
1288 850
718 2374
2144 2043
1651 1680
2891 1998
2098 1331
2484 2709
2130 2155
476 1917
1675 2423
1533 1992
1538 1579
372 86
2632 2299
1898 2039
1468 2713
788 2929
2925 2138
746 1604
2857 2427
2351 325
880 2712
158 2231
662 139
1457 2916
1632 249
1041 1561
2174 2347
93 133
1698 2323
613 792
2839 190
386 2375
2621 1627
2991 566
2639 736
1815 310
1902 1399
2173 1987
166 2201
2928 1353
2316 2730
2263 979
2681 1088
222 1656
1652 2060
234 2444
1243 2886
2023 276
1925 77
1233 87
1111 1621
1152 581
1035 2120
1026 1540
864 1164
2359 741
1138 1088
723 1293
2285 2277
206 2325
1929 181
1403 937
1123 2746
1075 948
911 1188
2599 1887
1216 533
2211 2673
108 1553
825 232
716 939
1786 1468
1072 1003
2469 1978
888 1191
295 1495
59 1015
444 1614
1671 1765
1493 2241
1776 763
1977 175
1120 36
1804 2194
335 1702
669 746
719 411
2212 2484
2276 1349
781 2981
1189 765
185 111
851 488
2525 1340
155 1169
776 2323
1184 718
2163 1018
18 1093
2675 1494
68 2383
1611 722
905 2095
1576 607
565 1940
1831 1609
717 2447
211 447
1468 7
718 53
2329 503
929 1783
1574 1143
301 2713
1310 1503
2123 1699
2529 766
1911 1661
2039 2184
210 1002
1143 1780
602 316
1429 82
333 2935
282 287
1721 1956
1397 1594
1846 963
2419 1212
2230 156
703 2195
2230 922
2760 1204
1466 1892
2883 1055
2426 2345
2119 1084
2152 2212
2991 1743
298 1225
186 1972
2457 319
517 36
887 878
2716 1989
2993 2329
1187 2541
1830 1236
683 705
1718 1881
1875 915
549 2363
2218 1007
1806 2195
1663 1704
883 1329
2097 928
347 1039
112 391
2566 16
1930 1077
779 1777
2239 1001
2073 1820
1445 1107
1034 2140
2677 1513
469 1055
1887 2456
2721 920
1419 2396
2698 956
2800 1079
1678 285
223 2879
2663 1664
1071 422
575 1547
500 1908
299 2467
1683 2847
325 1358
2322 2032
819 904
497 225
1916 199
2198 1541
2991 1491
402 1053
659 2296
275 1231
2866 2674
2715 1735
2960 1041
1664 2024
613 820
2676 2334
2383 2990
1097 1683
915 1296
2433 1576
2961 2432
2746 2695
670 2069
1948 186
1685 1523
74 2504
1269 1204
695 1877
1572 561
1571 254
186 519
2180 1003
1079 823
2977 2080
2821 54
2007 780
1087 530
1480 2843
2090 2205
2445 895
827 936
345 2058
539 769
2924 2008
395 2934
927 939
1668 2872
852 2557
1517 46
1492 2071
2194 2397
1682 2984
1519 906
151 982
1116 267
2427 2802
2313 1166
1172 521
2022 2065
853 736
2507 2819
117 1713
2980 2896
2048 376
2777 662
296 598
645 222
270 1706
2229 1057
1974 1810
777 787
177 1621
149 284
77 388
304 1993
703 612
1447 2061
2413 351
554 1216
2820 1461
1895 1357
579 2077
1157 173
993 2157
1961 2342
197 1367
1498 820
2747 2305
5 179
1808 2266
2809 1422
822 949
1244 2518
1655 929
2946 2843
1092 911
779 2240
1517 1753
2273 2386
2415 2880
2840 891
1976 980
2501 2658
1508 826
1518 2180
1787 25
712 495
635 2544
1922 2688
680 2893
1945 925
799 2735
496 114
2338 2270
2759 2990
329 2746
1095 981
970 1219
233 2961
335 2718
2222 2395
2928 1742
2123 2431
1187 486
513 1105
487 830
2857 1062
1769 1248
2510 1598
2371 953
1476 1515
2083 1539
877 2098
1686 2580
2232 2260
1961 2963
1589 2371
1694 1351
973 242
974 58
2968 1180
1231 1690
2564 1832
913 2563
2828 1296
2209 2084
214 1340
2633 2043
1913 1063
2961 830
1951 2307
2195 2732
121 1378
2069 730
1133 696
154 2783
2725 2807
2083 1887
84 73
2482 429
2872 531
863 318
1392 1752
2937 2430
46 2923
244 1005
1376 2690
917 1341
2232 275
2839 2380
862 2991
588 2478
869 1116
2324 1231
1041 2662
286 576
1238 52
1879 665
1149 2997
2368 1530
1918 1898
528 1504
575 2144
162 1666
770 659
1831 693
2693 1071
2991 514
1875 1955
349 2772
402 1977
2769 1083
1926 1443
179 100
690 2269
96 1124
123 2780
2489 1997
1258 2225
2539 416
2105 2781
2611 499
1695 409
1481 6
1304 2655
838 1689
2212 2804
1200 608
2239 2454
2387 1185
2213 420
2068 1410
2674 2932
1124 1539
1622 1403
235 342
2133 333
1100 1573
809 2624
1881 2137
2988 2290
2482 2554
420 2429
407 2962
1865 2401
2990 2306
2963 670
269 1623
1199 800
2499 326
2685 2177
933 2759
2185 2339
2592 1672
1380 1940
2846 338
2216 2625
2610 1714
669 368
933 566
1718 728
2793 2774
2908 1970
1614 745
1919 2512
1493 2617
425 1851
2465 2452
1018 911
2019 1049
1858 1149
2743 1898
61 1291
58 230
342 1686
638 2950
96 1473
608 187
991 635
1987 1241
929 2475
2307 1520
2462 1542
1025 843
1886 500
1145 2122
2084 2715
2152 2395
2083 2438
933 905
1631 1982
2153 1256
309 1942
1123 355
2192 2769
2811 428
408 423
1436 1481
1479 2499
2133 145
2617 1567
728 659
1352 2906
2984 1858
2665 1554
148 838
2655 1537
1846 290
741 2353
101 2185
1106 120
492 2457
347 1884
2741 2966
1533 887
654 2069
1065 2922
808 1604
2266 2065
1986 1384
1964 2210
2474 329
2400 1743
2785 2489
2826 222
2086 608
2166 1180
2736 2173
2942 3
1736 2354
1752 1280
349 2140
1897 936
2142 810
2999 10
1017 607
784 1070
2975 1633
1814 929
2572 2053
386 1469
1818 551
1865 2054
1468 1470
2935 321
2292 2840
2796 576
1724 117
2023 821
434 174
2527 2151
407 135
2029 1061
1991 1394
2930 1010
1993 63
1861 1845
719 235
2393 828
2847 1611
2725 1461
1377 2770
999 1513
263 1532
1735 2942
1895 2131
683 1854
1353 26
8 1894
2614 1035
2026 1641
415 2791
1156 2182
1655 387
602 1475
2628 1690
2567 37
1648 203
1861 542
2198 1623
2353 764
1640 2311
2784 2675
545 915
1130 2739
147 2160
1814 767
2052 2234
2740 1729
1849 873
2006 354
890 1932
1364 625
2740 1567
340 58
1022 2776
2564 489
2722 2730
1201 2650
54 622
600 2596
2960 679
824 2165
2073 2580
2556 2199
106 2087
290 2655
2511 2288
1663 986
546 2956
519 623
1375 1896
1964 1843
2132 895
1291 1330
112 1455
901 1590
2252 2737
2511 563
341 294
1515 1616
2161 1981
2291 1524
202 2422
2989 1956
857 1949
829 382
213 1102
398 2195
1770 2395
1054 1546
77 136
1781 824
2023 1929
1253 1646
988 2698
2509 2390
2973 1179
432 2119
1968 1770
850 1139
625 2632
623 192
2429 655
2603 2762
1060 420
810 2923
1466 100
1852 1964
2428 1004
1277 380
1242 644
1684 875
809 2694
784 1200
2865 1697
1306 1760
167 1080
191 1
628 1640
1075 2766
2622 1354
957 2415
836 56
2472 2280
2119 136
2109 692
296 166
203 1119
82 2629
1243 1417
2826 941
1971 194
931 2770
2722 980
215 563
2615 1928
1592 622
67 366
2168 259
69 1719
1806 1080
2141 2763
841 2225
1190 1839
2723 2009
1178 1181
487 862
348 2111
1404 2972
291 1813
792 198
551 748
2706 1182
960 2472
1412 1584
2324 1753
1740 821
609 1212
2490 1408
1358 1560
655 998
2436 1378
1009 2978
239 765
2 927
692 2261
1212 390
975 1475
1613 1517
282 2374
2524 1491
467 1292
1315 563
241 2433
1751 1872
246 1822
2574 1507
2238 1150
1110 1826
1633 2208
187 2353
532 2759
398 2823
1053 2613
2777 27
1503 1623
1816 2628
2253 159
2581 459
2484 2677
60 2249
2090 1520
1213 308
2107 607
319 2579
2790 1201
1237 551
1466 348
489 731
2594 1405
360 912
2501 2617
1694 2560
1047 1438
683 2193
174 721
917 2963
2709 607
266 276
1763 1056
1469 1577
2998 1795
241 1894
2898 109
308 1841
565 2569
927 1515
645 212
942 2104
431 245
1673 1585
337 430
595 902
2774 380
2229 2042
1122 1499
1718 2000
576 1334
1808 566
1348 1840
2395 2220
1282 862
2778 1055
690 259
2762 383
228 2161
835 2410
1197 2549
2696 805
293 2141
2058 2938
2598 1127
2747 1441
1410 981
151 1166
2709 422
2284 1584
2124 1317
1731 244
1516 123
2117 1868
1770 2328
2247 2126
621 2111
818 120
25 576
603 106
124 411
2525 914
1453 1119
2949 2284
177 849
2085 496
2152 1879
1314 652
1810 813
1678 2603
947 469
1497 1893
2318 563
1325 691
380 2865
676 1064
2956 577
1597 575
814 1385
1454 136
457 2273
17 2414
1302 1604
2397 240
1257 2180
2090 2624
1223 2196
2919 2088
426 2981
583 727
2332 2552
1674 97
1692 2239
36 1813
135 2753
38 1044
2049 480
2025 1894
2815 1026
2145 722
1206 1806
2095 15
2172 1555
727 2378
1735 831
1212 1597
2491 2865
1173 1383
339 1024
651 28
962 1536
1568 2318
1687 1061
1629 688
2594 1998
534 525
1483 2054
819 1286
2973 2334
1171 2030
2814 1508
2242 387
693 2532
1023 2036
70 2087
1253 1094
1100 1352
807 148
1206 2042
1116 2239
433 325
742 681
2873 2025
1405 2188
374 1180
2196 1890
1339 1986
117 1819
244 383
1429 1027
2039 2391
32 370
464 759
1340 50
2503 2818
667 2515
1015 380
159 79
1 1235
489 2634
1492 2982
218 2174
2256 623
272 363
1709 382
2319 906
1630 1817
1888 1190
145 921
1846 1802
1669 2561
2947 901
1953 1861
1760 1500
2736 925
1189 1466
1685 1142
2698 2099
2031 1419
2741 2631
1188 1278
40 96
1612 2821
2349 925
1841 1962
1420 2774
1623 2273
2987 1114
2063 1522
1847 1408
2764 2966
2964 127
2545 1218
1676 2721
1293 795
1479 2227
747 2722
2367 781
2777 2613
124 2605
329 209
1442 1280
1894 883
616 2399
71 736
2786 516
2385 120
2993 2954
1666 1700
934 1446
2515 1794
1165 2569
2977 940
1914 1584
129 2426
881 779
1315 770
2124 1035
800 27
2208 2417
2447 1590
1473 2656
257 393
1104 1117
760 1393
2953 2145
2598 2976
1249 1255
2370 323
2730 1156
467 461
1636 1048
2291 1596
2920 935
2217 1099
2893 907
1457 375
1731 1943
607 826
1877 2359
576 2594
1143 1797
2925 1980
1188 2019
387 859
1118 2278
2609 2182
1956 2235
1124 2729
2910 116
1799 2184
1770 1220
1564 1250
2734 1789
320 2908
1654 1896
725 2243
302 1816
2398 2932
1195 1438
1019 1365
2308 2760
965 588
1060 780
1387 573
878 1552
707 2991
1127 2907
1739 208
982 1456
2484 375
2378 2644
1249 2184
252 1063
1736 1398
2306 2118
2993 861
1037 1385
286 311
2074 1101
229 1627
1468 1865
2653 2752
2562 1248
2881 1805
1326 1188
497 614
2515 1214
1629 580
812 2729
931 2308
1347 2795
665 2244
1836 2007
2567 1269
2792 841
1601 1085
1978 1136
1365 1402
402 2992
2438 2617
2213 884
1358 1460
1146 248
2056 2843
2677 386
1459 327
1537 2387
2874 2984
410 2436
1071 2776
318 2609
249 1794
1511 295
1982 74
2704 2187
2756 625
135 834
2883 2731
350 1223
144 852
2229 2036
2387 2716
1435 2936
2384 833
711 682
596 2153
283 96
1131 2417
1203 2927
786 1490
1720 2557
149 2604
1334 2898
821 2795
2154 76
1023 2486
2304 2931
2551 2212
989 2266
2945 1767
1584 2335
1894 996
497 2882
2902 2486
693 716
399 553
1801 1479
236 2520
111 2844
444 2811
339 1308
2493 1513
2397 1304
733 2629
601 1620
1383 1577
2854 1184
34 921
502 1929
2331 660
1900 2816
1210 1597
1751 238
1244 342
1696 1636
912 1134
720 1528
306 1556
1563 2247
2589 1568
1962 315
18 2012
2162 747
2709 1193
2768 797
1089 1257
1826 1557
1774 1632
807 2800
2509 2170
1234 2470
2436 486
2295 2304
2375 1745
2248 394
2282 337
2760 304
768 1535
2043 1914
683 2180
2375 1821
2523 2933
2378 1260
136 731
2689 1031
2551 1421
1826 1642
1503 2365
2864 1160
2729 2699
1286 474
2602 851
421 1756
1482 1784
1980 2332
954 383
1027 2176
2892 2205
576 2079
1369 1939
2581 956
663 1728
2152 1722
1615 335
310 489
1983 1268
283 1254
382 2497
2776 2093
2841 1292
48 1167
577 47
284 2811
2818 2643
378 1062
2388 1232
25 301
555 1564
45 2823
1936 759
1938 1188
2997 87
2412 782
1836 1017
212 1770
81 2607
1820 2988
1046 1311
2754 1316
246 2403
1903 2559
1095 668
1589 936
33 1281
2656 305
1742 2831
197 1427
2900 604
1151 2429
1679 2815
563 1591
1695 1265
697 2594
1878 1980
1945 1514
2294 2490
2394 273
1290 2916
1060 316
851 1610
2691 2745
946 1151
182 1907
232 22
801 852
105 1896
715 567
2723 2081
1646 35
1326 1389
1023 484
744 272
1248 1019
2544 1224
2615 1211
1612 2098
1686 1458
1686 1297
1539 1907
1375 952
1270 2273
193 1922
429 54
2741 2633
922 2214
1274 752
1658 1074
2224 665
898 600
786 2530
1296 5
1899 2543
1303 396
1700 408
940 987
1754 2265
2545 463
1162 2569
77 2525
2960 2885
2311 1767
554 947
2323 2652
1855 140
1657 696
1800 696
2427 1825
2357 1830
562 1273
1028 497
1866 1422
1442 2575
1149 705
649 1633
2543 161
2591 2751
381 2794
941 25
774 112
1209 1623
159 1611
1695 643
1880 1919
2591 2085
1742 2264
1642 2662
169 379
1682 2309
2810 656
1932 787
947 2231
2946 119
930 1477
2852 2389
1728 2088
1792 969
2853 263
511 1519
1564 1011
1261 680
1830 143
272 2915
2859 900
950 2894
2718 871
2167 2508
909 2161
616 2006
1822 2721
2117 2369
15 31
495 1235
2800 503
128 787
515 1074
515 2402
446 958
146 498
786 2175
1727 1969
1551 2935
2162 2448
863 1095
1637 1361
275 1212
1742 459
2150 1251
719 2686
2093 275
317 1828
358 1964
185 1937
2727 2121
1384 887
1016 346
2671 1002
1103 574
2446 466
1265 116
694 2659
2298 84
1413 2019
2793 1019
96 693
965 928
2052 2508
332 2124
2736 979
371 1926
2472 2097
2099 2725
909 710
27 556
1450 1461
2605 425
756 2183
2185 1787
1488 501
1976 1880
625 574
31 397
2842 1434
277 118
504 1537
2828 1785
1214 2678
688 887
2915 2457
1788 432
1342 2344
1491 703
1354 1392
2948 1465
1584 1847
2812 1505
1162 1082
831 1768
1590 1707
259 1311
2253 192
1797 1432
1909 1701
1623 2653
1962 588
1323 1968
1092 1559
957 1792
1944 1637
621 1495
1689 509
1873 1643
2139 439
487 328
96 731
489 1132
1671 1914
1577 1936
402 1493
2436 992
513 604
1180 1942
161 902
407 1794
968 2552
2788 969
2136 768
371 1767
854 982
2119 2428
31 635
2479 2792
1443 399
497 2826
1334 236
566 2217
2330 1786
1385 2439
2318 1197
571 250
1568 13
646 575
746 2436
2461 271
259 2607
1370 1048
192 990
1782 299
1670 1681
664 1191
2942 2512
2776 843
1019 912
2234 2800
2634 1197
2134 21
1669 2322
2571 394
82 1321
236 2455
2145 1019
1591 2081
2464 337
2144 1541
807 1016
2074 1663
958 2536
844 1679
43 444
2437 1963
2114 528
23 502
2134 302
923 1099
1478 2146
1486 1279
2951 2903
342 2050
1039 2251
287 799
2681 1788
1496 1539
2392 837
1469 2903
1825 2644
429 1364
303 1295
577 2032
207 137
369 1695
1169 1368
2140 2723
2791 739
1239 2446
962 2941
104 2387
2152 1089
2953 2434
2777 650
315 1768
728 50
2262 1313
90 1538
307 1099
2233 1160
2412 2044
711 1568
1282 146
608 1599
1235 733
1049 1069
568 2561
1673 328
1701 416
1865 2969
1797 1943
398 1690
2466 1432
2740 173
355 2564
493 1103
2312 985
1779 1366
2222 620
1100 2015
226 1157
604 1075
2595 84
136 973
709 2412
248 1823
196 2734
1506 1704
2850 463
2002 2328
1644 1491
1396 2220
232 1104
2591 798
1512 1469
145 2872
2543 1127
1720 2491
2577 195
389 1742
2470 197
1034 555
1768 2561
863 2537
946 280
1620 2025
2365 2966
467 1509
125 2210
2164 25
1389 2709
1957 457
1621 1464
188 1707
831 700
1445 1191
91 577
2487 1886
2081 2317
1516 1344
960 2156
1278 966
2324 1133
2290 2309
1175 2686
1869 2019
387 2400
506 2964
2807 936
19 329
1190 535
1650 199
269 2816
2955 1949
2183 1653
1852 1778
1660 972
341 1423
1736 2813
2238 628
1502 1691
2685 1714
2834 1193
296 1273
429 955
1928 1931
5 1569
1018 2828
234 1222
2025 831
2944 1046
148 2206
2906 2400
2494 1742
1519 826
2073 1914
1719 1
1390 1811
210 1651
935 2543
917 1576
2598 1458
2662 670
2962 587
1061 697
1968 1964
1998 673
429 2384
2024 713
1830 720
118 1437
2912 736
2480 1312
1598 2956
1968 1960
348 1832
2339 1005
2226 532
309 915
2939 1074
910 2041
365 1965
1123 765
2554 851
2410 578
2246 1721
531 1191
182 1010
424 1274
1737 307
2603 1339
1750 1928
19 2273
2205 2346
1968 2512
1637 1522
674 1419
541 1242
1417 2777
1687 469
2411 443
2494 797
2302 2426
864 1893
1315 673
2425 2918
2415 933
1043 833
2206 1341
1440 411
1890 1917
29 2855
1623 1265
2562 2396
2985 2924
367 1104
1663 995
2731 126
2202 2581
2230 1001
55 1511
1674 1600
1267 591
803 2213
2737 882
179 1899
1127 580
2749 1925
1019 2022
2728 2402
2061 1844
1510 1371
563 1556
418 219
2381 1515
1622 1841
2937 2583
1180 2098
315 2420
1329 2069
16 2893
1822 1014
82 1063
1276 2547
1557 268
52 884
1898 1547
2776 952
2331 2445
1169 1754
92 2199
2561 586
1045 1078
573 214
114 674
2627 840
2898 867
288 943
1263 348
1223 1971
462 1387
814 1656
2369 2903
854 128
2160 2902
485 2838
1050 1980
779 604
2191 1834
20 203
856 2755
2967 978
1824 792
2122 428
2742 387
1991 2275
928 2631
1476 2993
2059 826
2283 2615
2277 2170
263 1005
100 204
1286 2127
698 2300
518 2523
1188 2069
1356 2020
651 413
2666 1777
2688 2892
2957 1394
1453 545
68 1170
2589 112
1223 1100
1724 450
1516 2738
557 1968
418 2136
2446 1294
264 1295
2639 243
287 340
662 1533
587 1100
624 462
1366 1751
1730 764
2849 1511
1066 2545
1898 275
2127 1487
2855 217
2664 1598
1912 175
2264 830
2635 1562
1172 2956
838 2793
873 1743
394 158
1765 64
2393 34
2414 947
278 341
709 902
274 495
2713 1715
1794 561
2723 1538
2764 1517
659 416
1466 509
670 2844
1596 646
337 1643
1619 1504
106 1810
2798 1150
89 1469
2917 1455
2892 2377
1059 1338
1691 2181
1345 1481
212 2561
1455 2477
2375 1731
933 223
2563 1405
1811 312
1196 2252
426 2268
1471 1227
626 510
2476 2905
661 1650
1524 1110
270 58
1576 164
2417 2568
1339 2714
1938 1647
99 1879
134 2557
1282 2243
2597 2284
1913 2582
435 290
2987 603
62 1592
1594 441
1503 1738
2640 830
1547 288
976 2662
88 1841
2387 1563
1724 2861
135 1012
1167 1367
1993 2596
1223 613
645 2629
703 2563
2580 1966
2558 2613
2240 2435
2811 621
185 791
1484 2019
1438 1534
1812 1468
1519 1815
631 1539
1993 2301
536 2998
2759 1703
2238 890
2503 2082
1809 823
2285 2429
985 359
2472 2220
104 1138
1976 29
2221 1057
1100 1732
1691 2877
2105 1496
1365 1858
2776 1141
1289 1963
50 402
2847 858
2055 523
903 653
2879 319
2173 1848
2791 1232
1724 333
2677 1965
1524 1582
1506 2129
1004 2203
139 1728
2911 301
2054 1898
2893 2330
1606 1836
2857 2606
43 2433
440 1495
2431 1648
422 2657
1080 2598
2942 2912
316 2425
422 2209
2346 2907
442 1753
1965 2965
2843 204
1590 802
2486 1210
2810 2255
92 798
317 869
474 1517
2757 2083
219 2674
569 2068
1329 342
2739 804
830 2234
1578 86
1349 1589
1902 1837
1601 2480
537 396
2608 1812
2651 1165
1726 2532
1298 934
2409 1210
2930 1301
1982 1237
2014 2726
744 2674
2781 1808
2392 2553
1803 2857
1194 911
2889 2760
2718 1863
2397 2172
918 2476
1305 63
1008 596
749 1493
384 841
406 450
1989 1356
858 2059
1203 129
681 691
378 1193
1515 235
1184 673
2253 1461
959 187
2972 288
743 1981
2282 1452
792 418
2138 1267
679 2640
1108 707
214 899
649 2073
547 1331
1242 511
1484 595
315 2315
1791 2089
2217 2776
624 2295
1027 2724
2147 2699
69 2733
1235 1715
955 530
1711 697
2354 761
1207 2081
958 1121
698 885
2730 1991
2407 2399
2384 2247
2100 1426
398 735
821 2842
971 353
637 2851
601 2314
1443 2229
2756 6
92 115
994 232
1966 166
798 1010
836 2094
2229 400
2229 1269
837 1478
289 1406
1903 1601
2231 940
2037 1230
171 957
2714 2216
874 1559
46 1824
460 1018
1148 2376
1964 541
1132 1220
1386 2297
2287 108
1633 1109
2690 1737
1378 224
942 2269
580 1436
2354 539
699 2188
1935 321
2779 693
501 777
2022 1451
1712 700
993 972
702 1504
1998 867
1814 2423
2821 1057
977 2913
1169 1614
942 2150
2564 233
253 2923
1876 1088
1035 2268
1435 1629
2645 2944
2759 2883
1637 2617
1428 662
2066 269
1666 1734
440 1079
397 2440
1815 332
2680 855
910 1675
2665 59
1666 48
1531 1399
182 714
669 2787
1670 2931
1109 336
1530 2390
1090 1457
1223 220
1541 1754
1256 1194
2498 645
1986 2511
1041 2163
419 70
549 1593
1075 1746
2922 1119
1787 2263
2053 596
1681 1549
2562 968
144 1929
1331 773
74 1788
2875 91
1685 1791
2099 2448
914 2560
1497 1554
2446 2963
524 2725
1902 429
2476 2395
2704 1335
2336 177
2002 298
1441 520
2245 2768
2124 1104
1123 2809
1088 2393
1620 1225
1293 2026
2277 728
1679 727
2682 2048
1625 2853
1323 600
2320 2793
126 2945
1150 75
534 1817
1166 2214
851 1883
269 1235
373 2417
1611 1286
2322 51
2431 1416
1896 2217
2095 2636
1925 1541
1189 1504
688 1146
36 553
734 2812
1377 2431
2645 2762
2282 434
2266 1815
2914 1187
2832 2881
926 2528
1716 625
2711 69
328 312
657 1299
2074 1246
1066 50
2055 50
1364 985
995 1988
2478 559
416 306
960 1644
354 2782
1939 325
2012 1085
2975 2740
1261 677
1943 248
2897 815
702 100
1104 1398
2630 1865
2869 2771
1279 74
2181 1141
959 8
2623 2384
1183 77
2821 1345
1577 17
1639 1700
1956 109
1614 398
235 394
2707 2218
1406 1865
1926 2439
673 1791
2032 1060
2878 1407
2713 182
2798 2976
799 409
358 47
950 507
993 1997
1525 230
714 604
2181 57
2370 2265
2817 878
2127 1251
685 77
980 1327
200 768
388 1858
586 1402
2599 568
89 1591
660 2281
667 2468
1699 301
515 789
2366 1282
108 2874
994 965
2201 2886
2523 1147
1001 2394
2084 574
108 2035
2717 1157
619 130
885 2605
162 1423
985 1318
1610 2360
2591 301
2193 320
2198 2418
2973 987
946 1151
2540 1205
2978 1836
1978 2303
100 2456
2869 2520
392 806
1447 377
531 1544
873 1212
2139 2090
2025 2408
105 1266
2637 1914
1280 2341
1168 2022
2532 336
1411 2108
309 1438
1099 346
1507 2933
507 1090
800 1070
2198 2365
2451 2437
968 1445
2750 976
421 950
2134 217
1678 2483
2843 2230
390 967
1130 892
2699 2674
73 1097
1389 1309
1307 2636
2874 2759
2270 1753
2918 2027
93 871
1948 2399
14 2926
724 1225
1008 2357
421 1516
2055 1714
1729 1823
627 244
1999 742
997 1156
598 1099
2009 2174
1769 329
826 787
1659 1302
2040 2856
2817 1499
2500 2905
977 980
1587 1874
1690 1650
1289 1837
537 901
186 2957
2936 2839
1612 208
2184 1290
997 1241
544 1163
777 1791
1084 2245
2317 2884
2339 1598
1209 1483
2305 2773
2231 1089
2133 694
1723 2718
1246 2264
2360 2789
2068 1228
1361 2764
1443 296
989 456
165 1064
715 2998
378 1345
706 1871
2750 2878
126 2008
2460 2381
703 1001
207 1795
2461 1386
2718 2436
1924 2185
201 902
290 1871
1199 1003
1760 2426
185 2281
2848 1140
2306 120
2844 2283
1595 2082
982 1623
2966 1178
2277 2642
2079 273
931 1337
2562 721
2903 426
2262 1659
1442 975
446 2593
1813 2205
2239 2960
2298 1702
744 1805
714 1066
2378 1813
667 255
632 1186
588 1955
2435 2036
2858 2652
343 2892
2553 1088
1872 66
964 567
1910 113
243 2788
2191 85
839 1959
1101 1925
1638 2564
2051 1294
1722 2569
2662 72
998 612
1075 869
1429 2883
2946 2431
2909 2362
937 1962
84 1908
117 2627
599 1251
925 2150
1889 2852
706 1068
2641 2058
2513 968
1048 203
2806 2717
904 2642
86 674
1952 1336
134 402
701 2016
1065 235
1722 2645
1991 2762
2174 958
1806 218
593 1452
2232 1402
549 2733
109 1140
2817 2110
1854 1482
2037 358
1970 792
1607 2258
825 1489
2298 2336
484 869
2212 1913
2809 2226
767 2594
795 577
2564 2693
2233 889
1753 1018
2721 1880
60 643
1210 1590
350 635
1 126
469 1603
1597 696
433 1836
2734 582
1344 2176
112 524
2777 2091
2523 306
703 113
87 218
565 1222
260 2679
1045 18
252 1386
2195 2650
1540 536
246 1790
2824 1201
2402 1960
2395 759
1691 2084
1339 1873
2198 690
709 182
943 166
1958 448
1604 737
413 2832
633 1908
2232 1584
1996 2701
1844 2483
2278 2307
668 601
2405 1655
749 208
1382 1111
129 2530
9 841
1106 2275
1377 261
26 688
764 2387
1980 1615
1337 1840
688 2974
2069 2758
766 436
1750 2999
1680 882
1274 2426
1700 1816
179 112
171 1607
1548 1931
809 1132
1007 603
1053 1211
2478 475
869 1179
2406 1504
579 1777
416 1300
2626 2613
1664 2636
1446 742
1031 1027
2461 840
1381 1521
2888 1952
1620 2634
1468 2067
2671 2417
1724 1650
2892 1118
2433 522
647 1330
757 891
1249 394
1537 809
1546 486
2871 1769
851 1025
1231 2182
2368 2378
1633 162
68 2579
2381 2648
887 1787
634 1127
2397 50
1968 1144
887 2607
273 1968
2975 509
428 1302
1722 2807
2749 2896
1455 805
1244 2761
3 2516
1660 309
165 1996
2232 2069
63 319
167 1986
2482 2360
1819 839
2569 2690
1553 2677
1009 2059
176 2932
1832 344
2405 1269
1987 1642
2658 1238
710 1690
1272 454
1608 2161
1095 2557
952 2978
1599 756
1262 1130
262 1906
2945 1240
1002 1110
1793 2513
1995 774
1033 268
732 933
2770 211
2079 1231
946 124
2079 2439
348 2243
12 1192
2010 2820
1243 2721
2824 280
863 328
285 1281
890 1473
1680 248
1353 2703
107 2431
679 2168
1959 2102
635 553
705 1606
1469 2507
1023 1140
2414 2580
745 1989
2036 293
1410 2555
1036 2718
1438 583
2821 2815
1004 468
86 1381
2866 1363
2544 964
974 1640
1084 2518
1166 1988
2240 1621
2288 1429
1569 501
2277 2198
207 1117
1753 1828
2275 2310
1267 1301
960 1741
2374 1131
2085 2710
2209 1630
1227 2843
236 2124
2285 2081
710 903
223 2678
1843 678
229 2879
1838 2555
524 1883
2339 2231
1486 836
2955 1149
2673 1549
1107 2355
1592 718
1147 1236
1966 2333
515 649
1015 1098
1201 1254
788 2842
2718 1311
1318 227
477 953
1996 1929
2709 797
1524 1977
4 490
508 2712
1365 178
69 1809
1472 1180
2196 652
147 2744
1689 347
2090 169
114 2026
1141 2007
1402 1225
435 2771
2152 2790
2088 2019
1295 2088
2598 1038
1475 2243
2668 1827
966 2793
759 2580
2630 874
2992 2316
2876 2435
1694 1439
170 2540
2963 703
1423 854
2323 2272
1815 2301
1930 1805
1698 2335
1723 2894
1259 2341
1797 2157
2321 1870
2732 2279
66 2109
637 1803
2953 407
460 1549
464 2730
2222 1973
1613 1293
133 693
851 266
2939 2336
1066 2579
1318 2863
151 2377
1810 1800
2276 360
1251 2145
2539 2477
2456 1471
1584 958
2092 249
1018 1321
1575 2365
685 573
1466 923
2339 1584
2822 598
159 1296
2674 848
2253 2281
1262 3000
2052 1369
438 939
591 2129
2476 1791
1723 2530
2152 605
732 68
2764 502
294 2611
1025 2034
2958 2436
2262 2380
2831 2806
634 1538
926 517
1310 1762
2833 331
115 846
2715 460
2457 502
1724 6
2341 412
843 1894
1941 2775
1188 281
2085 340
1805 1513
1336 738
2292 725
181 1182
1604 2061
327 521
1594 777
2770 1925
2658 1946
949 1850
1770 15
748 2645
1848 2039
298 447
2830 2579
697 2182
424 2877
2238 2300
600 2654
2885 704
2685 2861
1277 1254
2464 656
325 2963
54 1612
301 899
452 1832
1172 1097
2096 2767
2486 2663
221 1195
2200 1308
275 1499
2760 269
2329 1570
1691 2451
37 2691
448 765
2483 2668
2696 1884
1250 1681
260 2783
1816 2967
1281 508
1003 2109
420 1573
2498 763
873 383
777 2109
1407 983
1443 1818
2640 2457
874 1754
1718 917
617 316
2085 2938
591 1836
2672 1549
460 2254
2475 2836
2022 2232
2383 1097
2307 2600
1965 529
2545 2799
2874 481
1565 365
2424 1892
1831 341
1128 389
2212 1502
819 1105
1111 1898
923 147
26 1823
985 2470
1782 1212
1317 811
1205 2374
2880 2227
1643 459
2745 686
1705 2208
1594 2914
312 783
1960 1830
1604 2539
2561 1686
2402 480
1473 3000
2433 1791
2961 2674
826 2671
611 1469
2180 2583
2233 259
2352 1296
1449 1236
1384 2760
1453 1035
1618 1201
1885 527
279 1256
712 1042
853 147
1584 1387
386 2120
460 968
933 1404
2402 315
1760 1841
628 995
748 2704
1564 212
326 763
462 1344
2201 2080
2018 1141
1433 2180
2488 1157
877 288
2291 1908
746 2183
1803 2075
220 2686
1498 195
493 2478
642 154
1148 574
227 670
2579 2900
1875 1006
1522 369
915 653
2186 1112
2017 1873
925 626
1758 1926
1375 1222
749 2673
1852 1137
156 1780
604 2394
1584 1404
2340 2850
1910 2024
597 1069
2348 1385
2594 2484
2170 2284
1171 665
1680 1468
2205 366
1476 1714
2691 2183
961 1999
2277 609
421 1504
1257 1151
1657 2778
232 223
596 2937
1491 1017
1563 2282
222 165
2095 2851
1317 832
2834 877
1923 1161
2871 1822
1066 1048
1888 110
1964 2923
1719 1492
744 2268
607 980
1288 2462
1405 727
585 1906
1659 1759
312 2200
1879 2759
445 360
2295 2745
2132 1440
1240 650
1489 216
1878 2433
2141 431
1284 641
424 1299
1332 2800
2357 87
200 2529
896 2137
2730 795
950 1081
2212 16
308 2303
1222 862
2901 2971
1628 1466
2897 482
1963 758
2362 700
1489 185
1891 449
1471 1135
2578 712
2415 358
2102 2076
1653 2019
95 1255
2641 199
2998 1189
2083 2562
1415 2915
1150 316
1688 1810
739 2686
614 1439
526 2633
1133 696
85 878
1992 2278
1935 425
1422 588
2482 2234
1967 267
2482 1733
1778 68
793 1108
2386 1517
1744 2183
26 1475
855 1340
2543 997
795 2564
681 1709
2044 1475
468 1161
1575 713
901 2322
101 799
2160 679
1605 2247
1543 349
2579 116
287 814
1185 2198
2588 180
1403 2531
1795 1498
1993 1593
2410 2348
1437 740
1729 2194
289 540
1677 2476
201 1933
1760 2243
1319 2912
2366 2702
784 2768
2622 1209
1302 1722
407 877
1702 1570
1283 2445
2402 534
2434 963
2167 1984
2239 2766
683 675
1826 1447
2538 767
2594 1068
1633 2266
405 1685
1411 280
113 85
1993 898
1152 1119
2534 596
1056 1361
1524 2841
2969 1700
1068 256
924 2506
1213 2239
1336 750
2706 83
89 2040
480 1382
590 1041
932 288
2646 2576
168 1195
2114 1491
19 686
989 2168
2067 2133
2275 960
1929 1909
2266 241
2760 2406
1753 874
2601 1896
2098 2949
2825 1185
2550 2002
240 2560
1523 1427
1347 1425
2267 1418
777 902
1679 749
2609 2446
2608 657
384 2227
664 549
1965 2042
2446 1238
492 1688
1365 273
1854 1345
2960 739
896 2026
2007 1962
2912 1897
2197 1970
1350 1391
2263 1460
1879 3
2136 2653
2830 2396
2335 1292
1343 2223
2538 567
848 254
2733 340
213 2051
2907 2770
123 1505
1242 1197
2027 1907
2385 2775
721 800
1110 501
1753 901
2629 720
2677 965
1026 2352
1451 2347
1212 1080
390 312
571 449
1530 359
1959 1371
2750 571
1250 2239
1063 1300
1017 1662
1794 1721
1180 2951
2185 531
2000 838
1641 2074
1276 2078
781 2714
966 1855
2838 967
1576 1724
555 2765
1492 1467
1287 1945
535 619
1364 603
361 1838
2528 2010
1242 2318
1960 927
3000 937
2966 1236
1833 739
2943 460
1459 2776
2270 477
1868 539
1019 2092
70 2216
701 522
348 2577
1846 1070
1709 601
936 1988
884 72
756 2706
199 2432
924 1913
1753 1116
1665 220
50 1515
2327 1490
1310 2232
2717 1277
604 2714
2811 397
477 2894
2892 1484
1426 2552
1722 2874
1053 1406
2325 238
2984 773
1126 701
1844 397
817 410
660 1442
2422 672
1132 1773
2150 205
2570 330
2595 1127
2890 2932
601 2234
55 1733
2310 578
1195 332
462 1567
2703 1686
1570 551
546 413
1476 1297
728 2250
749 2680
1407 854
1444 2032
1587 1646
2034 2223
489 1231
1889 238
1612 628
604 1756
640 821
1920 1089
1619 2075
1445 933
2229 78
26 1315
2457 1044
1319 1097
1092 1589
1992 1368
863 2599
2912 73
1948 1591
2385 1318
783 1262
1234 2954
1810 690
916 1412
874 2846
586 2443
2020 784
1177 1537
186 2445
2643 1659
1936 1598
2864 962
1933 1353
2279 888
158 896
1712 636
2452 979
1907 1894
2843 1429
356 1004
2742 1745
763 2365
1551 1317
1560 638
248 2054
1000 1
96 1024
830 1218
2898 2288
284 1507
1407 2136
440 1969
2445 2228
1618 418
578 312
2554 367
2389 922
869 1753
783 2489
1253 1303
1786 1264
590 158
450 1550
57 293
135 2809
1529 1873
1766 1098
2464 1990
2791 2950
2281 783
1398 496
2350 1244
2777 2766
255 309
2604 1155
2627 1184
2691 948
1499 2045
2609 2276
1581 2927
236 2464
939 1384
596 2471
2462 2357
382 2821
1063 1372
955 1691
2700 522
1860 549
2369 305
2595 2442
588 1679
1967 2784
1195 1530
799 621
566 252
101 364
1192 1557
1823 703
119 2628
1357 832
285 1382
622 1802
1181 1444
751 2187
734 1587
2169 2372
2898 2233
1545 380
2456 656
1281 910
1309 1227
2728 2398
2278 80
126 1448
215 2911
2392 609
1118 2830
2265 2404
2790 1116
1069 410
2859 1764
1797 1518
379 2130
2666 18
1274 588
1847 48
2101 126
147 935
2399 1803
1950 1686
94 772
457 271
1723 2350
2556 15
1927 1267
1298 2568
2971 2410
2224 2375
1366 1054
1371 375
384 2853
409 2601
2387 1133
1268 45
844 85
2913 609
1241 966
1369 1430
209 1392
261 1538
2621 1278
2150 272
2197 299
1344 1213
1556 31
516 2755
2486 481
1756 1859
2242 1246
1317 536
174 2913
159 1907
2544 2960
1751 1991
2786 1617
1634 1828
2777 2945
2072 313
291 2838
342 800
1345 644
1621 825
518 1950
1265 390
950 2450
336 1991
1276 2855
1686 668
546 388
701 2953
1746 911
2917 2328
1367 1197
1817 2626
921 2134
2987 1356
1650 1586
1985 1703
92 2288
321 1149
196 2065
2045 2701
2617 1913
675 1070
421 2739
2806 522
635 879
1524 1659
1160 1561
1992 1829
2724 1570
2582 2487
2439 1973
371 657
2116 118
1244 678
1897 2148
247 2839
2705 2027
2682 82
1143 1954
499 58
402 1620
460 1484
2323 2960
814 1227
628 2427
431 1873
1983 272
2045 1553
929 2154
1674 314
1288 2638
2628 484
2639 809
2492 1396
955 424
256 2939
1215 196
818 1364
2762 2986
2776 2604
2750 1134
65 1205
2719 1812
2732 386
120 2032
1093 2537
2365 2324
2305 1268
1647 2631
2234 1043
2286 1129
1837 2415
1393 589
1230 1085
1755 1289
1563 1388
450 669
393 1690
370 2884
2268 1232
1474 822
270 955
995 2636
2610 1637
2046 2073
577 1239
1400 1311
1623 2386
1241 521
2860 545
330 2186
100 2247
1947 394
1850 1833
2155 2733
1479 2874
1671 1936
1887 1303
2548 2128
1520 240
64 2878
2407 1417
2715 381
1881 1742
2353 588
2866 2597
2355 2188
521 2098
1004 99
918 2708
591 2977
948 1842
293 1989
1720 110
1057 2871
903 539
1351 2770
1209 2329
956 2224
1800 134
2795 2030
1548 2479
2642 261
1748 1200
1035 11
1898 612
2960 1612
956 2435
2330 1631
1615 663
182 655
1442 926
1233 685
1436 2294
2134 862
1569 1089
57 1116
287 530
794 1716
414 571
647 271
1141 1001
1644 1908
2961 1270
934 157
2186 1358
499 2088
2899 1279
327 2790
531 2220
2489 561
2293 1989
282 2037
2432 1709
154 662
905 398
1532 1215
822 455
359 950
2529 1249
638 1291
2470 1379
1238 1075
435 1013
1557 963
2539 36
2286 1609
2648 2560
820 2285
1356 2224
2136 717
960 1914
156 1770
1523 1302
875 2086
2583 2658
1150 2256
1520 1875
1088 713
2232 746
2347 885
337 1343
1282 2901
1930 234
2883 901
984 2069
385 1925
178 1355
1094 1317
1284 345
96 795
1629 1101
2907 2416
935 1111
2498 1334
1495 820
2409 2176
106 2507
2621 1202
329 2848
1288 1874
340 1490
1205 2267
452 1272
1571 1944
329 2943
2492 2040
2436 2239
958 2201
2760 1528
1402 1423
2117 1803
2849 2233
2553 2513
21 1083
737 2967
1262 1534
114 443
766 1160
1623 2299
2489 2388
1718 1007
2956 196
2130 2008
1210 1377
71 1225
1095 106
297 377
2476 1167
878 2176
1608 1282
2927 1617
271 460
136 1366
2833 1696
1846 2915
1066 1239
2544 1980
1571 397
2154 269
1990 1797
2359 1484
296 209
2671 2424
875 1902
2418 2431
2385 358
1956 2800
2347 1232
449 2581
2644 552
1843 2246
2385 2004
1689 2575
2150 2678
1872 421
488 160
1385 195
2828 1453
1962 1817
1475 261
2982 1333
1337 1171
1065 818
1357 1331
1753 2170
490 2491
1575 881
2254 2009
2479 677
2851 270
338 1037
1390 1675
1569 281
2418 18
2505 2783
2930 2716
2613 1893
968 340
1858 450
373 42
2048 1527
2119 667
1371 645
2920 1196
2507 116
2442 1421
98 2701
1404 1071
1197 1434
2663 1794
925 665
388 1960
1747 700
2793 1254
587 2816
878 412
1041 2689
259 2324
2452 2564
2744 2087
890 1440
1091 1712
518 791
2069 355
260 2834
1520 2328
2999 966
1727 334
1502 564
2241 1811
148 1411
1231 2639
2406 1664
1555 11
752 268
932 708
1355 1829
2278 364
2909 924
1077 2685
2678 2456
2615 1603
2356 1549
1448 226
644 632
675 2354
1313 2024
2730 2610
657 521
1731 1021
1182 2386
2025 1616
1722 2472
2751 2069
144 2476
1883 826
1239 2013
2749 20
1404 1421
312 397
107 987
2816 441
2647 2040
1362 832
218 389
1045 2310
1490 2228
108 571
307 2894
424 1402
101 119
2002 1965
2291 790
731 870
369 2715
1659 350
2168 1001
2175 2289
1457 2323
2152 1468
1839 1609
2042 2368
2776 88
672 2966
2688 2591
407 679
1793 63
200 284
394 2715
1580 1456
1331 1368
733 199
2878 840
1783 2850
2204 962
1533 1567
45 619
2580 1641
2908 2603
1639 656
86 1444
1164 1509
1874 262
1485 99
1541 1194
1585 672
1203 412
1898 2786
785 1406
629 1080
79 1857
424 1530
871 799
471 1222
1482 2484
686 468
1823 551
2085 1489
2580 1188
2973 1949
2719 1980
697 1526
1698 533
2991 2597
86 401
1758 1416
1462 1642
1120 2083
2633 1942
471 670
2923 1549
1088 315
1680 1086
522 2374
1928 2842
2242 2361
780 2102
1578 1212
215 223
239 1120
2200 2091
1324 2625
1764 2119
1665 2697
2054 921
1230 1943
1459 2022
631 733
2874 1323
779 347
1854 2271
2729 456
1352 1547
2196 2371
1422 2081
1842 1695
2358 2693
1330 2783
1600 265
2419 635
1799 1664
1097 734
320 2883
1633 1205
217 1872
1151 2161
50 2278
1722 182
1166 1021
1201 637
1248 2183
930 2555
468 2628
2674 2764
2797 1019
173 2805
1462 1002
2468 2190
259 966
2870 2823
2394 51
1715 2450
1502 2336
1955 959
466 1788
128 2008
2821 831
1378 1855
2814 1440
2898 2721
1427 1031
1844 838
811 985
1915 1696
55 9
1386 2565
2097 899
1586 706
281 2572
2527 2407
2150 1906
2660 1289
412 2641
871 2254
996 2539
1025 101
1404 592
2111 2624
2631 1356
2851 1855
38 295
1763 1154
1299 1966
1623 2935
624 785
774 1796
136 2643
2284 2789
1555 1195
2580 2562
1646 9
2445 2072
1562 2731
1650 1308
695 151
2520 2900
2301 2640
2932 1378
723 2868
805 1801
517 1599
1732 1917
216 1638
1299 117
984 2164
1884 350
131 2423
1249 1982
1625 427
355 1153
1737 320
2228 1859
1287 661
329 1876
2892 1094
1751 2253
609 1113
2970 518
2661 835
1947 2002
1842 2145
2605 2600
1647 2681
502 127
1732 119
2539 1809
1331 750
2371 2226
1601 456
372 1291
741 985
148 2706
1919 695
2255 885
619 1062
2275 2746
1672 2446
2119 1027
2796 2241
880 971
872 2266
2773 1661
299 549
2351 2645
2834 1281
2789 1172
1425 2054
725 2510
1413 2708
281 287
554 1490
2587 191
2182 432
1515 871
1074 2648
710 1037
2946 2046
1491 1471
1703 2407
1203 120
563 1310
1010 743
2135 1449
732 1260
892 2951
2175 2542
1756 2500
1301 272
187 2095
2312 1602
2114 2799
585 1808
2458 929
2904 66
408 282
877 2415
99 1835
1463 1715
2347 412
2974 266
1777 2869
2804 2332
2642 2995
1944 2708
2429 1686
1238 729
1628 1891
1792 536
974 2015
2281 1019
2444 661
293 2459
992 997
2930 664
1158 103
1792 1668
2271 1694
2022 1724
107 1848
2809 2385
2488 1610
1272 89
1402 1227
1913 401
1325 260
1044 1243
889 741
2505 823
42 1584
111 1655
2643 162
701 2094
1600 2004
1430 255
1504 408
2871 1877
1489 2708
26 2584
635 1643
1109 1081
2937 2919
1378 1878
654 2316
1286 612
1052 2589
1665 2147
2507 2680
1123 869
184 1337
2233 360
2891 655
1101 1264
1065 2376
2324 679
2392 1185
314 146
596 1097
983 449
2181 982
2497 2642
350 2301
496 108
2028 1571
567 1736
1274 1671
1304 1416
2058 902
2639 2453
1682 2446
1973 1555
1540 161
2660 2288
386 637
1887 503
719 2485
2541 658
1391 2078
1877 1117
644 272
780 2476
518 2787
2578 2095
2801 1073
2500 1996
1863 1556
447 2739
2418 2730
461 2485
843 227
386 2956
1461 372
2807 1890
2688 1486
1561 1583
1735 1385
2916 2862
2288 2898
1793 1029
2092 1322
989 1112
1336 2203
1830 1126
450 1821
2653 1119
2203 2609
2227 395
1444 1383
1584 1944
2452 1123
81 363
2726 1320
824 1910
1972 1744
1506 1779
1313 258
805 970
1356 2730
2232 1337
728 546
1389 2169
2359 604
913 1576
2232 1959
794 2166
1100 1762
391 2149
2191 1211
1675 1796
1654 2155
1491 948
1079 2747
1813 113
991 2696
252 1596
807 1129
2520 1105
66 2275
2628 1434
2458 1453
1306 632
2317 2157
1384 1019
2963 1274
117 939
470 2640
2059 341
656 841
20 1257
956 471
1469 2281
2913 2253
540 1858
2746 2507
2997 2098
412 2559
1474 2251
1504 1753
1547 2150
776 334
1032 2524
1725 209
713 1777
2195 22
2479 721
1809 880
2136 2809
1556 1608
375 2629
1625 93
304 1411
2905 741
901 853
2076 891
295 826
2544 2114
1686 2948
2183 1423
1105 2375
2382 1680
2867 2389
1344 1242
1922 2353
792 625
1423 678
205 427
1156 2421
607 2983
690 438
862 476
2199 772
885 971
2620 814
746 1081
439 2222
1965 2224
2853 969
2933 477
196 1577
1046 1398
1086 2784
2970 1609
1365 2251
2273 2477
498 2930
1197 1970
1250 1349
1443 1455
2338 732
47 1289
2123 2892
2809 1960
1300 1296
2550 640
167 2169
710 2711
1104 1716
17 59
536 2236
1157 2953
2792 2151
2098 1879
508 1696
713 985
2299 1248
1122 2131
2698 1363
2167 1256
482 2439
1961 1889
1254 2239
1641 664
102 1854
43 1492
396 762
1384 173
1788 973
2373 1260
2601 1759
1950 1036
2790 703
1448 1542
129 2496
1278 2296
315 1334
2546 1944
932 1044
1666 1644
2917 2184
1265 1735
1597 436
1639 2960
159 1212
2150 1974
2229 1574
2009 2767
1123 2394
988 2967
316 1181
1144 1607
1275 498
2343 2085
2713 853
1934 733
2891 1185
1565 525
2813 2904
2655 1731
2605 1749
970 1143
888 2341
2132 1653
895 398
1910 168
2392 104
1673 551
1944 2212
305 889
1542 1571
798 2638
2187 1390
2926 701
962 2468
2532 2798
1183 596
1134 860
2026 1354
964 326
2814 1106
2696 2181
359 2607
2885 242
2604 2878
333 1666
446 518
2250 1505
197 135
2855 2137
2973 1767
1069 2522
415 2917
1765 2651
1512 1074
2074 2179
2050 1594
2421 2539
1775 2403
1720 362
23 2563
2632 85
1178 2711
524 134
502 1652
720 2351
502 417
1991 312
917 129
938 2369
2686 1860
1484 489
2960 1241
2057 1130
1229 476
1926 125
2205 386
1844 442
396 2611
576 2827
2614 1477
1984 2659
675 566
2285 1194
273 1324
1471 2144
563 1018
2925 92
2715 920
1071 1100
975 287
1357 2965
572 263
78 1176
739 2855
1836 257
1299 697
597 1151
1114 1180
670 2163
1224 1303
983 17
2013 1531
1978 1479
2255 453
2472 2612
471 1378
1425 62
523 1897
645 1794
102 503
1975 314
753 802
2581 917
1543 2981
1046 2756
1929 511
2573 279
1358 1871
1111 697
2126 2793
938 1398
2230 2945
2203 1835
2697 2273
1346 1031
462 1341
2915 2299
2701 2301
1509 1447
1954 2168
1786 74
176 1833
2574 694
2144 2784
2722 1989
674 2456
2085 83
1328 2858
1055 2756
1944 195
1374 410
1795 2258
1895 2019
950 2787
2932 2960
2017 1569
2377 2452
475 2733
2348 1005
6 2823
2359 1759
146 2394
1942 2536
883 1018
588 2154
2214 1733
2228 1555
1562 2365
2167 2056
1078 1231
2853 272
2948 44
2122 421
186 2302
926 757
2037 2790
1341 2286
2754 2942
925 1594
1146 1311
88 2418
567 1167
1865 13
2642 1425
2524 2135
1717 377
565 1657
1385 266
1434 552
23 992
643 1505
1298 54
474 2133
2322 2599
2886 1061
2689 2835
2202 2987
1220 883
1457 797
2628 1275
501 1961
2747 1606
533 231
2797 1202
2420 20
2379 1217
698 2307
1948 182
1566 1983
408 1851
2020 754
156 2504
1443 1485
2556 321
2168 2365
2039 2420
457 2058
1458 1959
429 739
1132 2047
479 935
36 2991
2506 1364
1642 2419
2508 25
193 1897
154 1860
1743 504
2170 2887
1385 2556
1200 2055
1644 1154
82 1568
70 1248
593 1300
670 1919
1105 186
695 677
2752 448
2351 2399
1449 1385
1945 875
136 1123
2901 1156
1556 295
658 1243
243 1445
2195 670
1094 2613
2433 1991
2983 104
1771 2961
1890 1709
1678 2662
1435 2879
1099 276
1834 658
1341 771
2039 1916
2277 1926
2531 1865
1287 2348
909 2828
2567 1624
2407 2175
1 631
522 1020
2432 322
622 1989
1856 1254
1568 625
2279 2575
529 1714
1315 2595
315 2129
854 1311
500 2277
389 1540
355 581
2744 2174
886 137
2624 2034
2277 470
2654 2879
744 1191
2898 2121
1202 778
173 170
2906 794
727 2161
2002 638
1441 819
854 818
1786 1006
218 688
1082 1415
566 1361
1605 932
1712 1023
1032 2110
2710 1602
683 1844
607 162
670 877
1309 1377
2818 2487
1681 55
2715 340
2924 1383
2479 2347
602 638
2067 2733
1883 2241
1956 2126
1044 2687
2801 1244
451 1613
2561 16
926 2439
5 968
2075 499
217 123
445 561
205 1648
447 971
892 887
217 1323
605 2620
2559 358
1545 1291
319 476
852 790
508 2160
1723 219
2762 1211
1477 2270
1103 500
1070 2072
2140 2676
1645 1869
772 549
2976 2629
2878 234
158 2020
1791 1587
1709 430
2452 446
1095 1810
588 1219
319 188
2667 314
2683 1276
2299 505
1960 2781
1014 780
693 2296
1682 2367
140 2125
2055 2753
1105 1553
2966 2281
1727 2948
1689 1988
1208 1179
1233 2112
1864 1178
220 2503
903 1508
1332 2997
1235 1650
293 2449
2108 2083
490 620
1464 2963
716 524
2092 1953
1480 460
1914 1178
2761 954
2973 898
2702 316
35 636
1259 734
2508 1402
1035 73
1648 104
1087 2798
1131 442
2015 1998
2200 136
1682 2899
2347 342
1526 825
61 939
913 2338
364 2482
2253 1445
2790 2693
1689 2604
1021 418
2796 2105
823 1740
1704 1692
2541 1364
744 1671
2103 2761
2281 2806
259 2152
1051 2069
1969 1069
1018 2384
2103 1234
458 1145
2667 311
2061 161
1020 1564
574 405
640 1245
1977 1918
2079 42
1519 2330
1604 1887
2641 2789
2107 1147
2933 30
88 2460
2687 1950
563 2088
2650 2440
1715 72
210 2053
1190 467
1195 195
1638 7
1485 1451
949 2780
2789 933
2863 792
1871 2938
1106 1554
2569 2901
84 2359
1234 1010
2246 2070
760 195
1305 1578
1425 2301
632 2971
1291 728
16 1280
2109 13
214 1770
480 893
2692 832
2123 1898
246 1404
311 2192
991 1113
2642 1041
827 2760
2424 2496
801 808
1219 1303
1757 929
534 2357
1225 1861
2385 2365
2052 215
1877 1856
2485 1813
825 2616
2232 2794
1672 2035
1765 746
2543 548
820 1679
2861 1528
1578 2070
1189 593
2616 464
2141 1456
1869 1021
645 485
1188 1918
1292 1728
2723 486
2352 858
1022 843
2094 1364
1726 112
444 2895
1864 1052
122 387
976 2497
222 1897
1142 2568
1742 2273
1861 1797
352 1112
621 1872
2286 1127
1663 139
484 2253
1937 1857
54 1669
2544 1647
2291 887
759 597
1861 973
1801 90
2515 1540
2595 1309
2982 1767
2360 2227
1013 1770
79 106
491 2283
2292 343
1611 1680
2371 1950
1866 2562
1586 1156
652 2189
1513 1168
2447 2088
2836 112
556 593
2078 776
2426 1459
2556 159
2050 2692
1212 1775
2548 2940
1041 2890
1246 1507
1546 2390
549 2540
1485 11
2934 2898
982 1595
529 2497
976 1600
2406 918
2318 901
2980 1481
194 2476
2744 622
2307 1660
607 492
26 2142
681 690
51 2402
2212 472
1391 2723
1470 1515
619 823
2603 1498
2954 1840
1368 522
2884 1293
1088 2828
2847 2108
1864 1595
2450 1606
15 2225
2078 938
2054 546
2880 746
1448 1185
2827 848
2356 815
2041 1329
1417 177
1274 1027
582 593
1419 1521
115 2027
1784 1303
1217 1805
2785 356
1806 1511
2991 2169
2300 2225
480 97
712 917
1843 1660
137 567
2996 2143
1305 2060
2971 2897
1878 2056
1296 54
2033 874
1704 2288
1361 290
731 318
1699 1792
2524 2114
2418 1599
950 779
582 359
1461 2680
2874 1231
2181 1512
69 75
1049 1149
2349 2442
631 1584
2195 2282
406 815
2112 2154
462 1806
53 2409
670 154
2476 1400
2847 858
186 491
2997 1918
1091 116
1551 2167
156 960
1880 2853
32 117
2428 564
914 1683
2856 1436
2695 2513
1962 2475
2472 2336
1995 1580
1068 148
1761 974
2743 1919
1766 1005
756 58
1234 872
2666 705
516 2242
2073 751
2439 2098
1838 2755
2397 1360
1373 264
1646 1840
2448 2357
2354 1739
1038 1862
2994 875
2900 2465
1127 1065
1111 224
79 2642
1197 910
880 2128
