2999 7988 0
2187 2377
2377 347
2893 2187
194 2377
2377 2911
398 1240
2377 2057
2187 847
2187 1709
2377 2267
595 1891
2301 2187
2859 2187
648 2377
213 2377
2187 2379
2080 2377
2121 2187
2579 2097
2187 1830
1902 304
2377 1382
2187 2497
2793 2187
15 763
1751 2187
533 2187
400 1583
660 555
2377 2382
2377 2172
2377 1073
312 2864
106 2187
2187 1547
1805 2377
283 2187
366 2187
440 1640
1423 2377
2134 2879
879 1644
2377 2229
1259 2187
2377 838
2377 631
2187 451
272 469
1965 2736
2377 2850
1479 1400
2364 403
2377 190
2646 2377
504 2187
1300 2377
492 445
2187 428
2377 1314
2187 418
744 2587
916 2377
2187 2183
1455 231
2872 2634
2377 2410
205 931
2377 1628
2377 414
2526 1423
1814 1558
2187 2422
1440 2187
2377 2280
2187 1373
2187 837
2767 2377
2377 310
1050 1764
2377 2008
1233 1294
35 1007
2187 168
2377 114
36 2377
2379 703
2695 2377
2287 2377
2187 2230
2337 1167
2385 2187
2377 587
2377 1560
2377 1207
17 2601
2187 2859
1287 1091
1067 2963
1368 2377
616 2377
1205 2377
1346 2187
1907 2377
666 1518
1419 2935
1790 2377
283 2579
2377 2970
2187 1248
2794 2187
46 710
1475 2187
2187 1214
2586 2377
2058 754
707 493
2377 2722
2187 1595
85 2187
821 1847
1687 1791
2187 2097
2187 2930
22 1208
323 2187
1328 1038
1098 2187
2884 2187
2377 2686
2438 2377
2377 2860
1245 2187
1460 1558
2451 360
2187 2631
2651 571
1591 1510
2617 2377
2187 34
2034 2187
2187 533
20 2187
2514 468
2377 1592
1490 2377
2377 640
2061 1979
1220 2377
2187 2854
2377 2420
2377 2144
2877 2377
604 2
2455 2187
2377 1704
2270 2377
2556 1744
2187 2013
2603 2780
2377 1505
2377 1451
2377 2104
2377 2354
2187 2224
2187 2427
2377 748
1822 2187
776 2377
1088 2187
2377 1571
369 2187
2883 2749
2377 2966
2144 2377
38 1875
2187 1706
298 2187
2187 344
2187 2162
1681 2187
2187 531
2471 2377
1078 2377
2187 2570
2187 69
2815 526
1623 2187
1644 2377
2187 2157
2305 2187
921 998
2187 877
1610 2223
2377 2877
1663 2187
2187 2836
1122 2342
2377 453
169 2187
1999 790
2187 1388
2187 2044
2504 2187
594 2377
2187 2907
1283 2377
258 2187
1302 1620
2377 8
2377 983
12 2377
1362 2377
2187 1824
2187 2637
2284 1994
2187 450
2187 1114
1463 2377
1191 167
2187 778
2187 165
2377 583
2377 2867
1740 2377
2187 2043
1668 2187
773 740
2377 2154
1206 421
289 2546
2155 2377
1861 2377
1334 2377
2187 711
1714 192
2377 1494
1295 2377
2270 2377
2419 748
2377 1075
2800 2377
2908 2377
2187 1492
153 2377
2306 2377
2187 1056
295 2614
405 2377
2377 2474
368 2980
2377 2366
1651 2265
2377 1368
1391 2187
1075 794
2948 2377
2187 2442
208 377
2457 2187
2187 1680
772 2187
1278 2377
2187 1819
1810 2377
802 2700
583 2377
810 523
2924 2187
2377 2314
1321 2187
236 2377
2377 2565
55 2377
2377 687
2377 1105
1493 446
2187 2491
2187 2091
587 2377
2079 1453
720 1827
2377 1903
1124 668
1590 2731
1224 1411
2187 1574
2377 335
2377 2242
2377 2862
1412 2377
1549 2546
2187 2707
2377 1982
2512 713
2377 2796
2377 2019
2377 722
2243 1133
2345 865
1775 2377
2377 2194
1002 2377
1652 617
2129 2287
1742 2377
499 2414
2377 1861
2638 2187
186 2187
549 1108
1148 1272
2187 1147
2377 2140
1696 544
701 2377
2187 1677
2377 2161
2377 2776
1567 2377
1342 527
2187 31
2187 326
2377 2892
1188 2483
2308 355
880 2187
679 609
2187 2504
2187 643
928 440
2794 2187
2421 1424
2377 1155
110 546
1062 2187
334 2377
877 2187
2906 2377
2187 2819
1385 255
2377 682
2187 189
649 2901
1571 2377
2626 2757
2377 420
2300 2187
2377 2776
2406 2377
1527 458
648 2377
2187 2684
1238 2187
1107 1426
1761 2377
563 2187
2377 1564
2377 1572
2187 167
2136 2187
1920 2377
2377 597
367 1390
2800 402
1049 2377
467 2187
2658 2377
2187 1405
1169 2377
2655 342
2187 2448
2187 2883
111 2353
1931 2187
2742 1429
280 2219
1391 2732
2311 2059
2377 2181
2187 2200
1436 422
2187 1273
2377 2050
2923 2377
1815 2187
2377 1554
2377 2233
2187 1419
2005 2753
1719 1687
2993 1972
1342 1057
663 100
528 2464
2377 140
2377 2567
1749 2863
2377 2720
1210 2187
1975 2073
2187 2651
2187 1450
463 2187
2377 2169
1268 2839
1491 2377
1474 637
777 2377
2582 2708
2364 2377
2187 1247
436 887
2620 2187
2377 2764
2217 2377
2786 1279
58 2187
801 1766
2377 346
1358 2187
2377 2897
2609 61
2377 1951
357 2377
1038 1938
2187 592
138 2187
2802 2424
1947 2187
1194 2377
563 2187
2211 2187
2187 2480
1572 2377
2187 359
190 2604
2524 2377
1887 2187
2187 1172
2377 2988
2063 1284
2126 2377
2187 2582
1234 2377
2187 94
1793 813
1070 2187
2377 447
2377 151
176 2187
53 2187
2377 410
2377 934
2694 2377
2377 2754
2187 900
2377 198
721 2187
2187 2967
2187 1969
2297 1589
892 2208
914 1338
327 871
2187 2192
2377 8
227 1055
2187 2614
2187 2322
2377 1684
58 1591
721 2187
2187 1401
1541 2377
2810 2377
2006 2187
2377 2524
547 2377
2377 1533
337 2377
2490 345
2187 619
77 2187
2187 1418
2377 2393
708 2377
2176 2187
1245 2187
1367 2187
1090 2187
538 2187
710 2187
2377 844
2187 1904
815 262
2377 2195
1516 2377
432 1874
2377 1805
2187 1847
1864 1886
626 2512
2187 479
2377 1158
1700 2187
2762 1299
2377 997
2853 2766
2698 2377
1336 2377
1182 2187
230 2377
2377 518
1064 2187
1 2377
2377 1889
735 2377
2978 508
2377 2981
2187 2394
2377 2237
2187 538
2377 2227
2377 1032
2377 407
171 868
1114 2187
2377 2402
320 2377
2377 1417
2396 2377
1977 1055
2207 2187
834 2356
2153 312
2187 535
2377 2986
1955 2346
1481 474
1707 2377
2377 276
2187 1267
2377 1532
2187 1700
2045 2449
55 2377
2595 1767
2187 1918
2704 2152
2972 1170
1671 2377
2581 2377
2187 989
2187 940
2187 1515
2187 343
1173 951
1786 2377
2377 1158
2377 2032
2187 779
2377 2807
2377 597
2377 280
447 1288
2187 1340
1561 2377
2187 116
2377 2840
98 863
1013 2578
2744 2377
2518 2187
2380 2914
2377 727
2187 589
1463 2188
1011 2187
858 2187
2958 2187
2377 2801
2235 2377
2441 2730
2187 570
2187 95
2187 2941
2187 2506
2878 2187
2377 2700
2660 2187
1336 2377
2377 1952
988 1802
1737 2187
1544 2187
1544 98
794 2796
2397 2187
2187 168
1342 1814
42 2420
2187 901
280 1009
2377 2135
872 2187
2941 2187
1204 2187
2291 2377
1742 1263
1277 2187
2377 487
983 2377
2187 2095
2377 1089
2187 34
2385 2187
2377 2375
1703 1570
136 1924
1188 2377
2875 2842
328 1730
203 2312
2627 2187
132 2187
1501 2374
767 2377
2377 2049
775 76
2377 2411
1270 2377
2187 184
2187 1676
2377 997
2377 2725
2532 2273
2187 2997
1313 2377
2187 429
2740 2187
1986 2377
2377 1374
847 2187
966 1615
1511 1287
2950 2066
2187 1310
1033 748
18 2187
941 2187
2930 2187
2377 2212
2613 2377
2377 80
1537 2187
617 827
504 2073
1882 39
345 2377
256 2187
2377 1187
358 2187
2816 437
2407 2187
2187 1070
413 2187
442 281
295 1719
1248 2187
2377 1409
247 2187
1859 262
2187 113
324 2187
2377 1043
2377 935
926 2187
279 1491
708 1282
2377 1546
1790 2709
2187 2251
2377 2581
2858 2894
2573 2187
2377 191
788 2363
1285 1138
2377 1032
2187 1371
199 762
1787 2377
1084 404
2377 1832
2377 1795
2187 2853
1588 2187
2445 2377
1424 543
2147 1044
2187 2944
2187 836
2377 2562
2377 2128
2377 2446
2377 1796
2187 2475
2187 2268
2187 953
842 2377
2187 970
2377 2296
1751 2187
2347 2684
1053 2187
1577 562
2187 965
2377 2723
2982 1621
836 157
2393 1179
2377 2554
495 1068
1808 2377
19 1273
2597 2598
1512 2187
2377 1322
268 1486
2187 2390
1646 320
2377 985
2187 2946
2377 503
2960 2187
504 755
2377 2588
2377 237
2187 1096
853 2377
2187 1098
2187 1251
1026 2787
2377 2493
2377 1996
2187 1521
2187 757
2377 1020
2496 2377
2187 2786
1970 2187
2187 1608
1271 2554
2187 2351
2187 580
2377 902
2377 2609
2377 1228
2377 2015
985 2377
2187 2048
12 2377
415 2187
1419 2187
2187 2355
274 2187
2187 457
2187 426
761 892
1372 2455
1024 671
2187 1763
2377 2837
2187 1758
2187 2003
2187 723
1090 2187
2377 731
1786 1023
2377 1224
2187 836
2187 1898
2377 1579
2377 1739
327 2187
2377 2530
22 2187
2377 2409
2187 361
208 2187
1842 817
785 2187
2377 404
2961 2377
2377 1986
2187 2665
1585 693
2445 1994
342 1821
2187 100
554 1396
1778 247
2187 1297
2187 2348
2187 818
2187 1106
2377 2760
2377 2512
742 2925
2187 1737
2377 2779
2702 2187
880 2187
2712 2770
958 2697
500 2161
1124 2187
2187 908
1332 2377
2377 576
1176 2377
2377 1712
1284 136
2377 2734
2408 2187
2093 2187
2377 1978
2187 2605
2187 1405
2921 2187
2377 388
2352 2377
2187 2922
2187 1959
1037 2377
465 2377
2187 888
2377 855
2659 2187
1464 2187
2751 2594
1042 1937
2430 1199
1742 2377
2187 1555
1546 2377
1888 1252
2377 586
2107 2187
2187 411
771 1013
477 2377
2187 669
2002 1162
2187 56
759 2187
315 2298
1773 825
2046 2377
2187 1064
2377 1541
2187 2719
1327 2187
2336 2187
583 2377
649 1619
161 1353
2377 543
2568 2377
1885 2187
914 2187
2187 1399
2165 2377
2895 1159
2377 628
2377 2031
2377 1167
1697 161
2377 1220
2440 2187
69 1084
14 1664
2377 2234
1088 2187
2377 658
2187 426
2377 1971
1721 2440
2187 1085
2377 1688
2187 1259
2012 2644
2377 268
2031 2377
2187 2632
2382 2377
1988 480
1215 2187
38 2187
2187 2812
2377 353
605 2187
818 2187
2259 2377
2187 174
2187 1557
2377 129
830 2187
2491 2187
2377 902
1715 2187
2377 40
1090 2622
1539 2377
159 2187
986 1586
2377 977
643 2315
2187 99
2377 652
2187 634
2187 2564
285 2377
1057 2187
1717 2852
2701 2377
2377 1768
307 2377
642 2187
2009 2187
2377 1657
669 702
743 52
2187 526
2377 690
2377 357
896 2782
2187 1183
2377 91
2187 1661
2187 2656
2096 1845
2842 2835
2377 854
2560 2377
1749 2187
1214 1442
1145 2377
2187 718
621 2187
2187 23
2187 1063
725 2187
2187 1324
2377 2578
2946 2187
2794 2748
2187 2830
1413 1385
1108 2187
1262 2377
1080 2377
2187 1328
253 2187
2187 424
2187 206
270 2377
635 2187
2187 56
1747 825
2187 267
1960 1290
2377 1167
2817 2187
2377 957
2292 1457
827 976
2377 461
1520 2377
1141 2282
466 2377
2187 1126
2884 2187
2635 2377
2287 2377
2377 2951
2377 1644
785 2187
1876 1469
2319 2914
131 2068
1323 198
2295 712
2187 2
2377 1956
1441 2343
2356 741
510 2187
1248 2187
212 2738
2377 2393
2187 205
2377 121
462 2381
1434 810
2377 1793
1803 2187
2377 1786
2225 2377
126 2377
2148 1407
2098 2316
2889 2377
444 2377
2187 913
1684 2377
2377 2981
2377 191
2187 2606
2326 2187
2187 888
1088 2187
2377 2562
2678 2377
2940 2187
1302 2187
1770 2187
2377 842
2043 2462
2187 830
2900 2377
2499 1884
345 2377
2187 1111
676 1639
2377 285
732 126
2187 187
2377 2382
2187 1595
966 2187
2377 1768
2187 2573
320 2377
2284 2187
2187 2492
2377 2328
2082 2187
2409 2377
2377 1020
1838 2187
2187 1846
1320 2187
1034 1639
1900 2187
951 2377
2258 817
2377 2264
2187 1600
2903 1222
1036 269
632 545
1459 2608
2377 577
2377 1593
2187 837
2872 2187
2313 1957
2970 2377
2937 2377
2377 1224
2761 2377
2014 612
1533 2377
2377 1669
1468 2377
1790 2377
429 529
2377 1981
2377 1185
1004 2187
1606 265
2377 2895
2294 2187
1338 838
2325 1185
1640 2377
751 1184
2187 2931
2187 411
1649 2377
2377 598
1763 2187
1689 2377
2187 2013
2736 671
522 1561
990 806
2941 1038
2187 2791
1794 2467
2187 75
2292 533
2039 1099
2377 2698
2377 104
299 2377
1412 2377
2346 2377
2377 2593
415 2187
2377 934
2377 2169
2455 2187
833 479
2829 2252
2187 1815
2187 2060
2187 1680
1206 2377
1598 2428
1883 1520
1845 2187
2377 1042
1522 2377
1418 2187
2377 333
2239 2377
2377 57
2377 365
2187 929
2819 1166
1916 928
220 2187
567 2512
2187 1598
2632 2187
2673 2805
2615 2377
1047 2187
119 2377
2187 1783
2187 32
1409 1806
2377 606
1034 2413
2187 960
2377 1856
1708 2377
2519 2377
2377 1129
2187 760
380 2187
931 1188
1642 340
2377 76
2377 120
2377 1735
1107 2377
104 2377
2844 2187
2377 2061
727 71
2187 2904
500 558
2038 2117
1580 2326
575 2187
2835 2187
490 10
2187 504
2022 2187
2377 360
797 2145
2181 1392
2826 2187
455 2377
2377 539
510 2187
2399 2187
707 2377
2377 1739
1974 2187
1672 2377
835 2377
2406 2377
611 2187
1853 452
1194 2377
250 2377
2187 1702
2377 452
2187 645
2377 1316
2377 389
2187 60
2187 723
967 2365
2187 1041
1343 1560
2793 2187
791 124
2900 2377
2203 2796
2194 262
1630 2377
2377 194
1543 503
144 2187
874 2377
328 2377
2977 2377
2377 748
2377 2141
2187 2809
622 406
938 2377
1301 1851
2187 2408
309 2377
408 2272
1429 2377
2187 1663
2187 1244
2187 319
146 2187
395 2187
1706 2187
2377 820
2333 2187
210 2377
1971 2377
690 2377
2377 14
2283 2377
220 668
2852 2597
2187 1297
2187 31
1218 2187
2502 2187
2688 81
1400 2377
1554 2377
2673 2377
2187 1655
2377 2197
2377 1017
2187 851
2299 2377
2187 1865
1599 2187
2187 1905
2377 237
2377 238
1568 2377
207 1810
1294 394
2377 805
2737 2377
2187 1918
692 2187
2839 2540
140 1217
1115 2377
2125 2187
2418 2377
2712 2722
1628 2377
2236 2377
805 2158
1234 2377
2549 2377
643 2187
1987 1339
2377 2285
327 2187
1891 2187
2187 852
2187 266
2187 255
2377 1526
610 2187
2187 526
2333 2187
2187 1471
2441 2509
2567 2377
2377 2244
2187 2543
2377 1382
2989 2187
2377 558
2377 1985
2377 528
1174 2377
2187 1855
2377 1312
2187 2305
2618 2492
22 2187
1529 2187
565 2073
1021 2377
2473 1170
2187 1388
1345 1053
2506 251
2187 1138
310 1849
1192 1249
1348 1570
2377 194
1486 141
2377 1723
2187 343
1911 2377
2377 2713
2996 2377
2486 1436
2766 1922
1731 2988
2187 1327
2404 2084
512 2377
711 2187
1852 1553
25 1386
2377 2661
2377 2476
2610 902
2187 2399
1362 2377
2173 2377
2377 1649
2187 1110
1326 2641
1087 2187
1987 1411
1332 2377
2132 191
1359 2377
1620 599
2377 1892
2377 1992
2377 722
2187 2954
2377 2814
392 2187
2377 2694
2187 1050
115 1321
113 376
2377 1775
826 2187
1799 2377
702 2126
1165 2377
2187 2356
1071 2775
1109 2377
1807 132
1889 2377
2570 2083
2291 2647
2644 2500
933 2377
1613 2187
2510 1833
2377 612
2377 307
2187 551
1653 2377
944 2377
2377 178
1564 2377
1651 2377
473 1480
2377 2128
2187 728
771 595
2061 1285
2528 2187
2377 271
2377 1560
2377 1071
2594 2377
739 2377
2187 2308
2187 849
1887 2187
1955 457
491 2377
2869 2187
2187 759
2377 862
2518 2187
1405 2187
1283 2377
2187 1146
2832 2187
1736 2377
1176 2377
2103 2187
119 2377
2187 2577
2377 1866
2938 2187
2187 2529
518 813
2291 2377
2187 2367
2377 35
2994 2377
1779 292
2187 1193
2187 1492
342 2377
2270 2709
1718 2187
1730 2688
527 2187
2377 1942
2657 2187
2377 2395
2377 939
2004 2187
575 2187
1905 2187
2264 2377
2772 2377
1842 1146
981 2187
966 2187
995 2187
1223 2275
2377 1417
2051 2377
495 2377
285 2377
2377 2676
397 2377
2187 1770
2187 2442
2187 1469
1667 1298
2187 2955
369 2187
357 1875
1746 2187
2377 1384
2460 2377
2550 2187
804 2187
2959 2187
2100 2377
1099 2187
2965 2377
2377 2722
2187 227
2811 1700
1665 2187
2187 984
2377 1565
2377 2074
2187 2997
1921 1620
1866 2377
2377 503
2533 2662
2377 1836
1547 2187
2187 885
1478 2187
2187 550
2377 2396
322 2187
2187 2038
1081 2187
385 2377
2187 1198
2187 1154
190 2377
2187 2669
1381 1404
2377 2054
1654 2237
2187 469
2396 679
1039 2414
1053 2187
2187 2248
2717 2377
2587 2695
2187 110
308 1247
698 2729
395 2047
2377 1510
2728 2377
2377 1945
2377 1956
2968 2377
2187 818
372 2076
2187 2550
2377 1787
2485 39
1632 964
1203 2377
281 1478
325 2187
2187 1885
2970 1241
1740 2377
1155 2377
2377 1572
839 2164
1752 2187
2187 2797
2377 2350
804 2187
2187 2011
633 535
170 2752
2377 2672
2377 2593
2377 1073
2187 1758
1812 765
701 2563
2187 544
2377 470
2377 765
2322 2187
2377 1044
1484 2377
2187 750
1607 2187
1026 2377
2187 1111
2645 1306
2187 1469
2361 2881
1049 2377
2377 431
135 1517
2377 2996
2377 2075
2209 658
1573 2377
2981 2337
2187 2616
496 2329
774 2192
2187 1970
1280 2503
1641 2377
2187 2116
1651 2377
1874 2187
2377 1986
89 862
2187 343
1513 2377
2341 2187
2933 2187
2872 2187
656 455
2187 990
2377 807
1247 2187
2377 1374
1977 2187
2377 2071
2187 511
2187 2515
2187 2631
2377 1022
2193 2187
2134 2377
2187 2513
2187 621
2187 856
2187 2797
2377 2994
2377 2896
282 2481
2187 620
1490 2377
2187 267
2740 2187
2187 67
1697 1854
2377 2841
870 2180
1012 2771
2187 2515
292 2377
579 1863
602 2483
607 2377
2187 906
1698 2377
2635 1606
2377 2194
2187 2004
2438 2377
2377 492
2042 956
528 1578
1763 2187
927 1508
2187 1053
1977 2187
1593 2377
2377 1019
2377 2225
2377 1003
2377 1474
2547 2377
2377 2841
2187 2421
783 2187
2187 2523
2849 1841
846 1961
1183 660
772 2185
1492 2857
2377 843
2187 1350
2620 2187
44 2187
781 2187
1110 2187
1497 2377
2187 2086
2187 746
2651 2187
789 1914
2187 257
982 2187
2027 2187
2187 221
681 2897
1287 2187
2377 386
1670 1808
1093 2377
2146 2377
74 2377
192 1184
845 2187
1103 261
2932 2062
1124 1430
2491 2187
56 2187
2377 715
2377 1941
2187 1440
2377 2433
36 2377
1167 2377
2377 662
248 2377
1215 2187
2187 1680
2522 2187
2377 2860
1268 1282
2187 2036
2166 1657
1708 2377
2356 2187
2377 2065
739 1844
1062 2187
1996 2377
2377 2664
2377 801
800 2187
2366 2601
1221 2377
2033 2377
2187 2447
2377 1017
2377 1493
551 2187
2377 2145
1741 1721
2187 1757
1734 984
2716 2187
28 2671
2377 2750
2451 1419
2377 2126
2338 2377
2012 2377
2187 73
1052 1179
180 796
1143 2377
2187 1407
2264 443
2082 2187
480 2377
2377 153
2377 1224
2308 2187
1270 90
2377 561
1859 2010
2377 1036
2338 2377
1201 119
2377 607
1077 2377
1726 2377
2395 2377
2047 335
2377 1160
188 1625
1404 672
2377 183
2377 2443
2377 2406
2377 2686
557 2515
2238 480
2187 117
1195 1531
1556 2187
1371 2187
2187 2599
1795 2377
2187 2281
284 2187
532 2377
2377 763
365 2377
1190 2187
2902 2377
1332 2377
2187 124
72 2377
2377 1961
419 1864
1923 1168
1353 1435
2187 460
2187 2457
2187 627
2377 1568
2377 1975
2377 2061
2187 1659
1425 2377
2940 2187
2187 60
2377 29
957 2377
2041 2377
2377 2900
2377 2575
1804 291
1831 2187
2152 2377
130 1805
133 1259
2187 1652
2187 750
2192 2187
2187 2958
2377 1105
2112 1484
2187 4
2187 2944
2187 2605
1716 2187
834 1080
2377 271
2187 828
1085 2187
2134 2377
2463 2187
1277 2187
2377 1493
127 967
2377 2823
2187 1665
2377 936
2187 2156
1786 2377
618 2187
789 965
2377 1145
2273 2187
2377 1174
2377 2892
1743 2187
2377 1683
2377 2764
1049 1586
2975 1477
2035 560
70 2377
2377 1490
560 888
2187 1900
1352 2187
2377 126
650 509
2187 2304
2377 2196
2928 2851
2377 2461
2676 181
667 2187
2143 2377
1121 1337
2187 725
2187 2106
1194 2377
795 2377
2377 1771
2884 2187
2377 2366
565 1527
306 2187
1355 2187
1790 244
1748 2377
2187 380
2377 699
2377 1592
2378 2187
2187 1830
573 2377
2377 2395
2607 2377
2377 1958
155 2187
2932 2187
737 2377
1228 2377
2499 826
1246 2088
1546 2377
2187 815
1306 2187
2187 2757
536 2377
2857 2528
2868 2187
2377 2920
2835 2115
2683 2377
903 405
2308 747
1884 2377
576 2377
452 2377
647 1921
2377 2146
479 2187
276 871
1288 2573
1635 2187
2187 730
2377 2521
2377 1683
2479 2377
2187 1387
893 2377
77 482
1991 2187
2574 2911
2580 1902
218 193
1123 2187
2940 948
2598 2187
2377 2575
2377 1272
2187 2425
2187 1655
2187 2832
1409 2377
2947 2187
2377 345
2377 2847
2168 2187
844 2377
159 2187
1499 1432
2377 43
1478 2187
2377 1791
1451 2377
2035 2187
2187 796
770 2377
1196 2307
2187 1391
2187 2289
2187 2989
2187 2119
2187 1870
2733 2187
1810 2766
2187 341
1921 2187
2377 2456
1901 2377
2187 2056
2587 1298
2377 1791
509 2377
2187 845
2377 2327
2377 2609
1306 2187
1944 2187
2377 2906
1050 2187
470 2377
164 1285
1412 2377
1919 2187
2377 1693
2599 1365
2226 2187
2282 2377
2377 2776
2377 347
152 2187
2377 1231
2187 2959
1117 2023
2863 2244
424 2187
2400 943
2121 2187
1103 464
929 2187
1376 2215
367 466
2187 2440
1002 2377
2187 1101
2187 1135
2377 2676
1398 2377
2187 1757
2586 2377
2377 1565
650 1709
2377 641
1723 2377
2377 1961
2181 2377
1043 1850
724 677
2937 2377
2377 1362
1454 2187
2187 1182
729 2187
2187 2786
2187 2894
2437 2187
550 2187
1897 1242
2187 1789
2466 1361
911 1142
2187 2348
2863 2151
2187 3
2377 2430
2187 247
294 2736
749 2377
2377 2720
2187 898
1652 2187
2637 2187
1256 235
2367 2187
2633 2187
389 2377
2665 2572
253 2187
2377 1169
1229 513
1233 1385
1465 2187
1146 2187
2187 975
2377 1642
2187 2360
1877 2187
2377 1773
1249 2187
2187 2345
2377 862
1230 1408
360 2377
2187 258
2187 2349
573 1345
860 764
2377 716
2459 1131
321 1275
2377 2588
2377 448
2695 2377
263 2377
960 2398
2377 2400
2594 2377
2534 654
1906 2408
2377 2482
2187 1116
58 873
2377 2461
2199 2187
2377 2184
1701 2187
2187 204
496 1633
2377 2929
2377 808
1844 592
1574 2187
953 2187
9 1833
2743 334
2232 2187
2377 2142
1337 2248
2377 1650
847 2203
2198 2377
41 2187
1673 2377
2377 909
2187 2300
1208 1198
981 2187
2377 441
727 2377
1510 1562
1200 2187
971 2837
1749 2187
1907 2377
2377 2057
2377 2920
1344 2187
928 2187
2650 1787
1809 2187
2417 2187
1544 2187
68 2187
1843 2377
760 2187
2377 1554
2882 2187
2620 1632
466 2377
2112 2340
2377 1022
2187 1557
1671 2377
2432 2377
2377 1257
2210 1983
1834 2187
1429 2377
2453 1530
531 2187
589 2187
725 2544
2377 532
2377 2759
2187 896
1182 2899
97 2613
2377 2788
2377 2977
2187 2034
2418 946
1953 2377
2377 1416
2377 1526
2377 2995
2377 1425
2187 31
703 43
2027 2187
1783 2187
823 2377
565 2187
2377 2222
2377 1429
260 600
1561 2450
2816 2187
675 2985
2856 2377
2187 2064
2377 1402
967 273
1512 2187
740 1771
2187 2069
2187 1608
2377 2343
2018 2377
1514 2377
751 2187
2251 2187
1310 2187
1041 2258
2377 835
416 2377
2187 949
2090 2187
1656 2032
2187 1887
135 2187
2187 1164
2187 991
1309 2377
1563 1221
350 2890
2377 2662
2377 2906
2586 2377
2316 2187
2187 1293
516 881
2187 1925
1071 251
1613 1538
2187 2037
771 2187
719 2377
2710 2187
2187 1885
2217 2428
2377 1316
1663 2187
275 2377
565 2187
1065 1429
2990 2377
2227 2377
2377 1335
1644 2377
2377 693
2250 2536
1099 2187
2377 2558
603 2377
535 2187
2187 469
2311 665
2377 2430
2630 2971
2187 2781
162 1073
1992 2377
2187 476
1041 2187
427 997
2377 1233
570 2187
2115 2520
2377 2489
2187 2408
1409 2377
2377 2661
2187 94
2187 1638
2187 2912
276 2353
2764 2377
2830 2187
2377 1508
2187 2924
1820 1136
2272 2377
1072 2377
2377 1425
1852 2897
2187 2623
2939 2187
2187 863
2187 2470
2187 812
2377 172
2961 2377
2103 2187
2377 1049
1377 823
2377 16
2377 2253
2187 1401
950 1349
608 2187
2666 2187
2482 2674
2187 2975
1959 2187
1837 2377
2187 1747
2377 631
2187 2312
2377 2131
2802 2377
2206 2010
2803 1764
1831 2187
2377 2389
1500 2798
2377 86
2131 2377
2985 1832
1408 1872
1418 147
4 2187
2582 2756
495 2377
2187 2516
2377 2990
2859 2187
260 243
2188 1221
435 1226
2377 1398
420 2622
2544 343
2187 553
1064 2187
2377 1951
2187 2882
174 2187
2750 1973
1593 1738
1595 147
2377 1570
2377 11
1115 1691
442 2377
2272 2191
2377 2163
2377 1859
2187 578
746 2187
2236 2377
2067 1116
2145 2377
2568 2377
2377 1793
2377 1275
2656 2187
422 2187
190 2478
2584 2377
2377 1800
2640 343
304 2377
2187 2603
2187 264
2187 1584
2957 2187
2187 2365
2165 2377
1270 2377
769 2187
2377 2184
2187 2045
1511 2920
2187 106
2918 2377
2720 214
494 2377
2377 1713
144 2187
2187 531
196 1755
2212 2655
2187 2781
2187 291
1359 1443
2187 2020
2377 939
2377 1653
141 2377
2623 2187
2377 986
4 160
2187 1789
2377 2569
2238 1093
1793 2377
1046 1947
2033 2377
2377 1408
2508 2377
2187 258
2656 2708
2459 2187
2377 1642
1331 1130
157 719
2140 2377
2134 2127
192 2377
2796 626
2187 513
2377 682
1616 1202
2386 2377
2187 2341
798 2398
2187 1403
2377 2164
2187 2552
2187 1092
2242 705
163 1710
2187 1132
1218 891
1 2377
2397 2187
2875 2187
464 1688
1812 220
2187 154
1442 2616
2187 2595
689 2187
2554 2377
2473 2358
772 2187
2187 173
2377 603
801 2377
1214 46
2377 2546
619 2505
2187 1845
2377 2746
2377 1000
2408 2478
110 2187
2187 622
1060 2187
2187 20
61 819
2377 2296
2187 2967
639 2316
2377 554
2413 2377
1553 571
599 2187
2187 1130
2187 1827
2951 2377
2187 1035
2187 1293
846 353
398 2377
2187 1375
2170 2534
2377 701
2377 1739
2377 1841
2187 1776
2489 2377
2518 2187
2848 2005
2943 972
1061 2187
2377 1027
1462 2187
819 2187
1714 1010
1448 2187
2187 2001
80 660
913 1724
1187 2377
1202 2147
2377 2293
2187 41
501 2377
1507 2377
2054 2377
592 2187
2271 2377
2187 375
2446 2377
2451 1541
2312 2187
1973 2379
2611 1348
1475 2187
2067 2200
1063 160
2187 1472
2377 1735
2187 2989
2271 1852
63 2377
2187 1050
244 2429
2547 2377
2670 1685
1903 421
913 2187
1451 329
1139 2377
560 2830
2187 380
2244 2377
714 1320
875 76
573 2377
2229 2377
1357 2377
768 2377
2187 1948
1663 1612
933 2377
1069 661
704 1334
2463 2187
2456 937
2418 2377
2115 452
2381 2083
2187 497
1038 1936
174 1696
1773 2377
2187 1963
1172 2187
2377 1089
2377 2016
999 2377
465 2377
2187 1103
47 2377
2187 174
1638 1189
2187 379
2187 1260
488 2187
96 2989
569 301
2377 2905
980 2187
2187 553
125 2187
276 2377
1240 1918
2187 2136
2187 220
1467 2187
1562 1388
292 2377
479 2187
1847 2174
1297 2187
2262 2187
138 2187
1964 2187
2377 1452
1366 2377
2963 2377
172 2377
2377 502
2187 266
2187 2262
390 2377
620 81
494 541
2234 2377
1929 2377
1694 2141
900 2187
2377 2272
1322 2324
2377 2734
2187 228
2377 1206
2926 2377
2534 648
2187 415
144 2187
2377 1682
2187 1258
657 1572
2187 2878
1688 2377
2377 2945
848 2377
1243 883
734 762
2187 941
1327 2187
2377 1534
1112 2187
2682 1367
1165 2377
661 1183
2421 2187
2187 1665
986 816
1816 2377
2187 1154
2377 1421
1060 2187
1361 2239
2175 2187
2187 1917
2377 739
2774 2187
2377 2728
2187 2621
2479 2377
1677 2187
2377 1410
235 2187
2310 2187
2187 564
1508 2377
2187 1112
857 2187
1447 2187
2834 2377
2187 2037
1052 2377
2956 2187
2187 1547
2377 2636
792 2187
894 2187
2187 2371
1147 2187
2377 1494
1214 2187
2351 2600
2834 2377
2377 2088
2377 502
1232 906
2187 2507
665 2912
2494 2616
1855 2187
2187 32
438 2377
2377 108
2377 2028
2662 2238
2377 1272
1129 2377
2187 2168
2377 2259
1319 750
2663 2187
2075 2377
2733 2187
2550 2231
2791 2187
2377 801
2187 728
1149 2187
2377 2471
2377 1886
770 2377
2187 66
1814 1576
1861 2377
243 2187
2971 2817
2095 1166
954 80
2529 2187
1216 2187
297 1269
80 2377
2673 2377
1178 2020
1692 2187
2187 1061
2187 1489
228 696
1410 2377
2377 765
559 2377
944 2377
680 2187
2187 1260
1871 2377
2187 1733
2377 1165
905 2187
691 2787
2065 2377
759 2187
2187 1453
2187 2941
2377 2403
828 2187
2377 1144
2377 2918
2187 2954
143 2377
1718 2187
1650 2377
2377 2685
597 670
2187 1390
122 2471
2187 800
2187 2786
72 2377
1127 2187
2377 2675
2262 2187
2187 1828
2798 1173
2377 2654
2055 2377
2377 342
2187 686
48 2377
1136 2412
2187 896
1909 2377
2377 2569
2377 1987
1383 1109
2684 2187
2187 1258
2377 2908
2323 1458
2377 2240
2187 990
739 2377
1967 2377
2377 29
672 1700
2377 805
2187 2316
2377 2676
1262 2377
2187 287
949 2563
2377 1137
2187 2541
2377 1993
2187 2004
79 2268
2187 2470
2187 1090
1157 2187
2187 2064
2620 2187
1375 1208
2187 1556
2299 2377
913 850
2187 1289
2187 1375
2187 2003
166 854
2255 679
202 2187
2008 2377
1052 2377
1492 2187
2191 2218
706 2187
2377 1228
454 2187
2942 2187
1709 2187
1503 2377
2377 770
948 1519
2974 2186
611 2187
396 1976
1073 1331
2187 2539
2578 2377
2377 1928
2187 673
2864 2187
2819 1984
2187 150
2523 2187
936 2377
1901 2315
177 2187
2187 2773
672 1265
2377 576
776 2377
2187 1600
2654 1349
2207 2187
204 2187
2710 2187
2187 2138
2377 2578
2060 2120
2187 1550
447 2377
2187 2875
2187 1529
2377 803
2460 2377
2377 1509
2723 2377
2507 2187
2511 2377
2187 1258
977 2692
1081 2187
1499 2377
1111 2187
139 2894
167 2187
2377 250
2377 2482
2330 2187
991 2187
2377 2514
2109 1060
1318 2377
551 2187
2187 1108
2187 159
101 2187
998 2187
2187 2691
2377 1626
426 2721
2187 1917
825 2958
2772 2377
1012 1815
1841 2377
2187 919
1085 2187
1360 2377
2279 2686
83 1111
673 2187
372 2377
2377 1406
425 2187
2377 1583
2203 59
2003 2187
2970 2377
2133 1663
1970 1039
759 2962
2108 2377
1422 2377
741 1037
2377 2827
2377 999
1431 2025
2187 2999
2377 659
44 2187
2687 1819
2377 315
2187 1350
505 1609
2377 1528
968 2377
2631 1902
217 2187
2187 1035
1406 2377
1365 420
1834 2187
1651 2377
618 2187
1941 2377
2501 1162
2187 619
2110 2377
319 2187
2377 2681
1121 1235
949 2534
2187 940
1718 1424
2187 227
1673 1590
254 2377
391 2377
136 2187
341 2783
2187 2838
2377 2750
1168 2377
33 2377
680 2187
744 2187
351 2187
204 1629
2377 2389
1582 2187
1952 2377
2187 298
2097 2187
2187 526
128 2377
155 2187
2187 1758
378 2187
1044 2377
2377 2172
2158 883
2377 2220
1149 2187
2377 1561
2377 503
1590 354
2187 1099
2187 2394
2011 831
2187 614
2616 46
589 2187
2967 2187
2187 228
2992 2790
726 2187
1555 2187
2187 958
2377 1573
2377 2220
2377 1519
558 2377
2503 2377
2739 2637
944 2377
2187 729
2939 2187
2942 2187
2187 953
1182 2187
2187 218
2187 428
1128 274
1162 2187
2386 541
2377 994
2187 2876
2187 2048
205 2187
734 2377
1987 2377
2187 1301
2377 230
2187 154
2377 2363
2187 1655
2414 2377
2187 460
699 2377
1718 1012
1761 2811
2187 2056
1097 2513
2377 1520
2187 116
2548 2377
1511 35
1309 2377
323 2187
2377 1066
1074 38
841 63
1364 2187
1400 2377
145 2377
2094 2187
1053 1551
2377 2338
2377 417
2187 2973
209 2592
2988 2377
346 2377
2211 2187
2377 1857
2704 455
1062 2187
1825 2377
2858 2322
1406 2377
1489 2187
1827 2187
2187 706
2918 2377
2905 2377
1122 2377
2255 2187
2187 53
2187 1092
2729 2377
2187 1063
2553 2377
2663 2187
2377 2678
2377 2611
2377 477
2187 544
85 2187
148 1913
2187 2448
955 2876
2208 2068
1761 2377
2377 1359
2377 2803
2377 2228
2936 2187
777 633
2187 2288
2370 2377
1124 2187
974 1143
2187 1069
2468 144
1282 1671
2377 1422
1555 2187
2377 2049
2377 2386
394 2187
102 2187
2377 1010
826 2187
2889 2377
2543 2187
2377 2761
926 2187
812 2187
2377 2540
2377 1109
2377 1079
288 2377
418 2187
197 2377
2187 2843
997 2269
2187 653
2187 1938
787 2377
1300 2377
2187 2480
2930 2187
727 2377
798 2187
2187 2843
2187 2973
1156 102
1828 2187
2377 2235
2748 2128
2187 1344
1536 1794
2969 2417
2187 2288
2187 2740
1748 2377
2187 2882
2545 2377
654 2377
182 2856
268 2377
2187 2425
2377 2917
1507 2377
1424 68
913 2187
918 769
2377 216
2187 1880
2412 216
1886 2377
506 2969
933 1939
1969 2187
1019 2377
332 2187
2337 1227
2187 350
2377 1519
2351 1348
2377 265
2377 2061
1219 2187
2570 2187
2049 1620
87 2187
2377 2454
2147 1187
903 2057
2187 2992
2313 2187
382 380
2187 1501
2377 1180
385 2377
326 1897
1242 2377
2525 2837
2187 2818
1000 259
2377 1886
1679 2187
2377 1971
2138 2444
1197 619
2402 2377
2187 537
1675 2377
2187 2341
1975 755
2923 2377
1380 1369
2541 2187
2187 1249
2187 593
2377 909
2745 2398
1081 2187
2377 2909
2807 2377
2377 1414
1579 2377
2630 2377
2632 1872
2377 2245
1380 389
2377 491
2187 1346
1219 2187
23 2187
2187 1355
1322 2377
2829 2377
2219 155
2187 1216
2187 1635
1009 155
2187 184
2377 7
1328 2187
2411 2377
2187 483
2377 768
1243 1245
1628 2377
2187 2960
2377 1736
2861 2187
1093 2377
2950 284
228 2187
1670 1552
2298 1109
769 1377
2377 225
2592 2442
2746 873
2377 2896
2187 2818
2377 2636
2187 1370
2377 271
1130 2187
1122 2377
844 2377
2792 2187
1447 2187
743 1357
2974 2187
399 1843
880 408
2461 2377
2377 280
1291 445
2376 2187
580 2187
1982 1629
72 130
2864 1426
1553 2377
2377 459
2006 2187
2377 1483
2679 1802
2187 1701
787 2377
1245 2187
2187 1609
2377 2521
2838 2187
2377 1021
2964 2377
76 2377
2019 2377
1733 2187
616 971
2187 2942
2377 1625
2377 1577
1956 2377
2377 2476
2466 2377
2187 2226
387 265
1517 1005
2528 2187
92 2187
1605 7
291 2187
928 2187
1223 2377
2197 2377
1312 2756
695 2771
2913 2187
1895 2187
2894 2187
1303 2377
2377 2434
2377 1577
1013 2653
1004 2187
2741 2187
2187 95
1919 2187
2187 2552
2592 1962
2187 2816
2187 458
2900 2690
1816 2377
331 909
2377 2873
2946 203
1793 637
2377 1300
882 2187
17 1014
54 1701
1602 2377
2346 2377
2901 1139
2187 1544
749 2377
2377 2026
2187 2107
125 2187
2523 2187
1702 1762
2209 1574
1582 2187
2187 2835
2067 1470
2187 819
2207 2187
1995 2377
283 2187
2932 2187
2880 794
26 2036
2377 2672
2969 191
2445 2377
178 408
2422 2187
2377 275
2377 2799
2187 764
59 626
2188 2922
2307 2187
190 2377
2133 2207
120 2377
1815 695
2187 2778
1470 2377
2377 37
1240 2809
2889 2377
1261 533
2638 2187
2377 276
2187 423
25 552
2377 45
1459 2187
336 2377
2377 582
2590 2187
1531 2377
2810 2377
516 2187
2377 2454
1466 2377
2187 2333
2187 2309
2760 2647
2187 1095
320 2377
2187 394
2377 386
1723 2377
494 2377
303 2187
1115 2377
2744 2377
924 2377
2187 173
1704 2377
2187 1607
1594 2377
2187 1177
588 2187
2718 2377
2377 2108
2218 2187
2377 353
849 2187
2187 2380
722 2377
2377 1000
2943 2377
543 2377
2236 2122
2094 2187
2187 2288
2435 2377
2720 1380
2187 1018
2187 1922
264 2187
651 2187
2268 2187
2187 1103
2187 757
360 2377
1993 2377
1623 2187
1151 1432
2377 1884
2377 2540
118 708
2503 2377
2556 2377
338 2377
67 2187
2187 2000
2067 2669
2399 2187
478 2377
2377 448
1363 2815
2377 2611
6 2377
2223 2187
1496 1114
2377 2487
2377 1522
2187 220
2507 2187
2377 2439
2377 2617
40 2377
550 2187
2407 2187
2187 1524
1981 2377
2377 2580
2377 2413
2187 75
2187 723
2187 2865
1932 1172
1290 2549
2187 1163
1455 1238
2243 2187
2644 2032
1073 2377
2377 2840
1130 2187
2377 91
1988 2711
1037 2377
476 2187
1220 2377
1594 2377
2187 1938
1513 393
2672 2377
200 2561
2187 1218
2646 2377
71 1661
2433 2377
2187 2345
1016 424
2377 111
1231 362
2377 933
2516 2187
2502 2187
2566 270
2377 438
730 2187
956 2187
1742 2377
2875 1853
2187 467
1746 2925
2187 664
1724 1483
2916 875
2420 2377
594 2377
2168 2187
2960 2187
2187 58
2331 696
2187 1087
2377 574
2377 2558
1964 2444
2187 2922
2377 1522
2187 769
2035 2537
2639 1920
2124 1219
1369 2187
2627 2187
2091 1629
2377 1741
2187 772
2770 2187
2187 2387
1794 2377
2228 2377
2371 2098
1510 2377
1252 2187
1920 2377
716 2377
1653 2377
2187 1715
2377 484
2377 2607
2187 885
1054 1552
358 2187
2377 2720
2224 1984
1764 341
2377 2810
1993 2377
2934 1439
395 2187
2187 1930
2187 169
2187 1809
975 2187
2090 2187
1160 2377
2377 63
2589 2377
2 784
2887 2377
2187 673
2187 1464
292 2377
1618 2377
1005 2377
2702 2187
2187 2301
2377 2024
1129 2377
2377 2917
2535 2377
2045 753
1359 2377
2440 2187
2361 15
2580 2052
2187 217
2250 770
2377 330
2187 325
2187 2946
1487 153
2662 2377
1661 2187
2377 1463
1512 2648
6 2377
2628 2377
924 2377
2187 1028
2377 1042
358 2187
2377 1265
786 1072
2187 100
882 1083
2187 990
2627 2738
2187 1329
1908 1461
1048 1837
518 2377
2187 2731
1131 325
2170 2187
101 2187
647 230
2377 648
2407 1294
1495 1168
685 2377
2377 248
598 2377
1457 1480
2187 1659
2377 1015
310 2377
2187 2952
2614 2187
461 1744
2377 2245
1370 2187
585 2187
2330 2187
2377 461
2187 2606
2790 2294
2187 2045
894 2187
585 2187
1713 2377
2187 523
284 2187
2377 2354
2377 1641
706 520
655 1610
2377 1929
1971 312
2377 2681
2187 2176
1935 2377
2187 2702
1080 2377
2060 2187
2377 1420
1753 1383
663 1490
2187 570
2419 1808
1897 1895
1224 1439
1723 241
2400 2377
534 1969
1447 2950
2187 319
2377 1672
2187 176
2377 2807
2255 2187
2542 2377
2377 2212
796 2187
2377 1533
1539 2377
653 2187
2377 1942
859 2187
2187 2159
1370 482
2187 1435
1490 2824
486 348
2177 2168
2927 1735
2198 2201
2377 1360
2377 1351
440 1262
2443 1601
2377 1452
2377 2343
2187 2819
2679 2187
230 2254
1922 2187
2617 2377
2377 2814
1982 2377
304 2377
2851 2187
2770 2187
245 2377
2187 1681
1098 2187
2920 2377
2226 2078
870 2377
486 2187
2141 2377
921 983
2912 2187
2960 714
2146 2890
602 2187
1949 2187
2187 148
2340 2377
1914 2377
1919 2187
2187 929
1615 2496
2377 2911
2187 287
2375 2643
2115 1555
2476 2689
2187 1057
2187 2344
1593 2377
2187 991
1223 2166
2377 2754
2187 1403
2377 573
2377 1322
2180 110
2455 2187
480 2377
2731 1253
447 918
711 2527
2187 1506
2377 701
2377 52
2377 915
2187 1947
2377 2195
2377 1400
1837 2377
2848 2187
2187 2564
2377 1660
912 2187
1621 2377
2828 173
2187 1458
2838 2187
1794 978
2377 2923
768 2377
2187 2121
2377 2016
1679 2187
2377 2788
2576 2527
897 454
2321 33
2187 1135
2267 2377
2169 2377
1203 2377
2377 559
2440 421
157 1966
1444 2034
1433 1647
2187 1760
2377 1027
1614 2187
767 569
1793 945
2339 2377
2377 1470
2187 332
2377 742
2987 2187
166 607
997 955
2934 2187
2535 2377
1453 2187
718 2187
2377 2414
14 2377
1491 382
1276 656
1295 2377
2377 1975
1532 2377
2546 2377
2895 2377
116 2187
2377 1860
2377 1933
1192 1077
1109 2377
828 2187
2377 1505
2377 1682
2187 579
2937 2377
2247 2377
490 2187
2377 2511
591 1267
2342 533
1124 2187
2187 1747
1621 2377
2257 2717
2340 2377
2187 2768
2883 2187
2187 2987
2966 2377
1900 2187
2423 2187
2445 1186
233 2377
2304 2187
2187 766
2187 1401
2377 2244
1505 1629
543 2149
2865 2187
2187 2707
2377 2723
2761 987
1431 1991
399 1110
2503 2377
2377 1685
2187 411
2377 988
1895 2187
1976 2474
2911 2377
2187 2138
2089 2187
2629 950
2975 2187
123 2942
2187 627
2956 1923
2876 2187
2377 1933
2377 2873
2202 2187
2387 2187
689 2187
2187 1086
2187 2125
2542 2377
803 2377
2187 1990
1931 1646
949 2187
1542 1293
2377 1958
2187 2082
551 1326
891 243
2377 2375
373 1944
2377 909
333 2377
2187 889
934 2820
2561 2377
1948 2187
1530 2323
1259 2187
2187 2679
2377 1022
741 1583
2548 2377
2377 2161
1349 2020
2386 996
2319 2377
1644 2574
336 2377
2646 1696
2377 1466
2377 1497
2377 2015
25 120
2452 2835
2187 1623
2377 70
2377 1036
149 2631
2813 2377
2391 2377
1576 372
2449 1008
2748 1492
2187 2477
2187 565
728 1699
2755 851
2068 2187
2264 2625
2634 2354
908 2187
1485 2669
2065 2123
2082 2092
2798 2377
2273 2187
1472 1766
2485 383
1176 1504
780 2377
2187 1882
46 2306
2187 2107
497 1175
2187 2035
2187 32
2657 79
2221 2121
998 2187
2100 2377
2730 2187
1741 83
1307 2187
1633 1503
2492 2187
2187 1746
2377 1206
2708 768
2187 970
2073 458
2187 2936
2187 989
2778 2187
2377 1468
2377 1901
1307 2187
2187 1358
370 924
2782 537
1676 1171
2458 2187
2377 577
2187 1873
16 2377
2377 1893
1580 1760
2377 1726
726 2187
1181 2377
965 1432
86 2377
2187 1824
2958 2187
106 2450
1302 2187
2187 1252
2377 315
2667 2377
2377 2701
822 2187
1005 2377
2489 2544
1903 2377
623 1147
2377 1347
2584 2377
2377 354
2651 2187
960 2187
2187 1753
73 2187
1706 2187
932 2187
2377 238
2064 2187
1813 2377
1946 2416
2187 1716
2187 423
627 2187
2377 829
349 2377
2309 2187
756 2431
633 594
1040 1723
2377 2032
552 2377
527 2187
2377 540
1962 2377
2336 2187
2377 2519
2616 2187
2187 1678
2187 1847
1541 2377
129 364
2930 1523
1047 2187
2213 286
1232 880
2187 588
65 2187
2187 2711
119 2377
2377 1032
2865 1500
2257 2312
2684 2187
2187 1035
113 2452
81 328
2377 238
2377 163
1057 2187
2377 1143
1106 1744
2377 63
1281 1760
1927 2187
2598 2187
778 2187
1188 2377
1228 156
1852 2536
2187 1865
2377 1357
247 1943
489 2377
1204 2187
1257 2160
2187 634
2138 2187
2377 233
1010 2377
2496 545
2570 2187
473 2377
1352 2187
1997 2187
2896 2274
2187 257
2377 1553
966 2187
1831 1140
2084 2377
382 957
1620 230
2377 1907
2019 2377
2377 1642
2904 2187
2649 727
2377 2576
1822 2187
2119 2132
2377 48
2628 1431
302 1597
2590 2187
1264 2187
2377 1075
2762 1962
2377 2381
2171 2187
1336 1601
2986 2478
381 2187
2298 2975
269 2577
2187 2335
284 2187
2513 2187
2957 2187
2187 221
2377 1726
265 2377
2377 2485
247 2187
2187 1028
240 2187
2187 1386
2757 2462
2084 2377
1966 2187
1639 2377
1916 1683
143 2612
146 2187
471 2187
2638 2187
2377 2607
1433 2187
1859 2377
2020 2187
2377 2966
743 2432
1590 2370
369 2187
2692 2523
1301 2187
1298 2377
2187 809
2357 588
854 1957
2377 2991
2879 24
1840 2187
2377 1768
1061 2187
2187 611
2187 980
2878 2187
2377 2051
2377 853
2377 2729
2187 1819
2887 2377
2497 2187
2870 2233
2187 1529
2187 514
2923 2640
702 687
2809 2187
2187 1838
292 2369
1744 1071
2377 64
2181 2782
1318 2286
2187 2068
1524 2187
587 193
1141 1529
514 2127
2187 729
2187 1931
195 2377
2086 2187
2187 117
2187 2773
1584 2187
2187 2223
815 2187
2271 1724
1303 2377
2187 872
249 2377
200 2320
1247 2187
2187 2027
2823 2721
1568 2377
299 2377
2010 1659
93 1483
935 2377
1827 2187
2216 436
2314 630
2187 1515
1508 1038
398 2377
2565 2377
1766 1513
2377 808
2377 603
2050 2377
2187 2326
325 2187
1776 112
1309 2377
2377 2105
2486 2377
2187 496
1262 2377
2187 221
2187 680
2377 2615
1985 2377
1517 2136
2377 2063
1347 2377
2502 703
2377 29
2187 858
2670 1777
2480 1083
2377 1299
2377 2072
488 2187
524 361
2187 486
2187 2294
17 2377
1424 2771
2683 2377
2187 1450
2377 2295
920 2187
2377 74
2451 1085
2187 581
2729 2377
2187 819
2187 609
837 1343
72 2377
2377 1801
515 2187
2202 2187
2187 1060
2377 1992
663 2401
2377 401
2377 1075
2187 1407
1364 2187
1315 2377
1566 2274
2377 1420
1510 2377
2377 419
2187 215
220 2811
2715 1993
2029 2661
2448 1184
2281 443
2377 2240
2968 2377
2187 605
2355 2187
2528 2187
282 2377
2187 2442
1212 2145
2187 322
1636 1330
2187 783
2887 2377
2540 2377
2377 2280
195 1479
2187 467
2299 2377
2965 2377
2514 1449
1688 2377
2187 2178
2187 186
2377 1402
2377 1491
243 2187
521 2187
339 2187
1638 2187
2968 1980
726 2526
2187 2504
2377 1650
3 841
1949 329
2377 225
2377 1105
829 2377
2187 66
1161 2081
2233 2377
1243 2564
2377 158
2377 2151
555 2187
2187 1819
2666 841
2141 2377
2377 1866
2187 1287
2377 1463
2885 2380
2320 2187
2614 2785
2352 2377
1551 1889
2703 2377
2187 593
2027 2123
2377 2846
844 88
2187 757
530 2659
2187 471
2377 708
2377 1484
2187 861
2600 640
2827 2377
2323 2996
2377 2646
2457 1792
735 2377
2377 1860
215 2187
1584 9
608 2187
515 2187
2063 2377
2377 640
2187 303
1237 1427
132 2187
2377 2765
2377 2033
1884 2714
1156 1565
2187 2616
2187 136
306 2187
1116 2187
2377 1693
905 2187
2187 651
2187 1925
1136 2187
2965 2231
2979 442
2187 173
1526 2377
2377 756
2433 2377
851 2187
1673 2377
2187 2429
2352 2377
2377 210
2377 52
709 2187
2377 517
25 2963
2377 1222
509 2377
634 2828
898 2187
2040 1484
1237 2187
1935 2377
1471 2187
2076 1460
2124 1404
1137 2377
2377 2852
2187 2719
2377 191
625 2187
2187 113
2377 231
1599 2187
2377 1265
1305 1879
2187 2335
2377 2761
2902 1798
2377 2524
1449 2518
2735 2187
977 2377
2187 1147
1759 725
2187 1512
266 2187
1225 2847
2377 1291
2187 2851
1347 2377
1940 2094
2377 674
2187 1472
2377 2340
1713 2377
2187 326
2187 1397
2001 1241
2377 512
1548 2187
2476 2377
2187 2913
2377 1859
2414 2377
1807 699
2377 33
2377 767
2136 402
2377 2370
2377 455
2187 914
2187 2037
2275 574
1312 2377
2472 2377
2377 2589
216 2216
2938 2187
2187 2716
2187 324
2377 654
2377 2902
2187 2388
2187 327
2187 2093
2187 2768
301 2187
2477 2187
1307 2187
2187 68
2377 2259
694 2074
2377 478
1877 2315
2187 2933
1532 2377
2377 2195
2377 2181
817 2377
2377 1901
1719 2377
1369 2187
181 861
75 1586
2909 2377
2377 707
1188 2377
2377 624
958 2384
2415 361
2187 1960
1276 2187
2187 1783
2187 1678
2339 2377
498 2207
2187 2251
2310 2187
667 2187
2187 1364
2187 779
1780 2187
2975 1540
2187 664
2427 2187
239 310
554 2377
1633 184
2377 793
2377 1470
2377 410
2377 1313
347 2377
1631 2187
2377 1416
2187 27
2627 2269
2377 2409
69 2187
2187 132
2187 1114
2187 2470
1298 2377
751 2187
2919 2497
2377 2736
461 2377
2187 92
313 882
2187 1302
2187 1266
1226 1079
1351 2377
2410 1033
2187 298
2377 2630
1316 387
686 2187
591 2540
2081 2187
2293 2377
2211 2187
197 1208
44 2187
2187 1460
1783 897
2923 646
2377 1972
2000 2187
1503 2377
2187 2183
1044 2377
2417 2187
822 2187
817 2377
17 2377
547 2377
974 842
2187 2868
1964 30
2956 2187
159 1807
2377 2779
2187 620
2377 43
1661 2187
2187 2157
2187 1760
1709 2187
165 2187
2197 2377
1215 671
2377 2867
781 2187
2314 2377
439 2187
2377 2613
2377 2110
1499 2377
78 1771
2176 2187
2486 1867
574 2377
1773 2377
395 1864
2342 2373
2701 1612
2187 1110
2377 508
1414 2377
2377 1579
1747 2187
2377 216
319 1039
2377 693
2691 2187
874 2377
232 2686
2377 616
2377 1151
2779 2377
2617 474
2377 793
2767 2377
431 2377
2928 1398
780 2377
2362 2187
719 2377
2469 2377
1799 2377
377 2833
778 2187
452 2377
2780 723
1531 482
2377 1270
2187 1106
384 2187
1932 1145
2187 1990
2772 2377
1845 2187
2187 2922
2377 2926
2187 2310
2377 1528
1394 2377
177 2187
2971 1400
2856 2377
649 2377
2187 519
2187 1375
2445 2377
2377 1275
1170 2377
2327 2377
2593 1159
2080 2377
2377 233
2187 1350
1166 2051
2582 2187
252 2884
2187 1478
2377 2339
1516 2377
117 2187
2929 2532
1187 2377
1552 2187
2377 2031
1083 1129
733 95
2834 2377
718 2187
2377 2237
2187 341
1700 1430
641 2377
2377 2698
2377 2196
2377 11
2187 2248
329 737
2377 2403
299 2377
2187 1506
2377 1466
1234 2040
2377 354
1268 2377
2897 2377
2409 1006
55 2377
114 2377
2377 2829
2368 635
2189 1435
2377 636
2691 2187
1289 2187
2377 414
2025 2187
2817 2187
842 79
2211 1383
2793 2187
2187 384
392 2187
2187 2401
286 2377
2377 170
783 2278
2377 2615
2377 1936
426 2187
650 2084
2187 2656
2001 2187
1876 466
1904 2821
773 2377
2869 2187
1899 2377
2377 2846
941 2187
2377 2508
2187 1273
2330 2187
448 1445
2187 124
1313 2377
2187 653
792 2187
450 2187
2917 2302
2377 2897
2309 2187
291 2187
2187 2091
2377 1707
2377 372
2260 2187
2904 2187
848 2377
394 703
1801 2377
2187 1390
2631 2187
2187 2106
2187 189
2377 2508
1132 2187
2569 2950
2485 2377
1168 2377
2187 240
2832 2187
2199 2187
1517 2240
2377 11
2187 812
2187 1506
1626 2377
1221 2377
2187 483
2187 2281
1871 2377
2377 2580
2753 2187
2187 2475
2874 2377
2580 2377
334 2377
2377 1843
2187 1574
2377 1299
1930 2187
2187 2915
799 2377
2187 771
1776 1869
852 2187
1855 2187
2210 2187
1222 2377
2556 2377
2377 1566
2377 892
2187 1969
2377 2163
2187 1815
2377 2291
1520 2377
2187 350
2822 2187
1447 549
1448 2187
2085 2187
224 2187
975 2187
2377 2295
2187 2355
2377 2609
572 1256
2370 1549
2187 224
75 2187
2377 1010
2814 2377
2377 374
1564 2377
1139 2377
2178 2187
1310 2187
2377 2750
1600 2187
1352 1323
1321 638
2187 1614
2187 2226
2377 1484
2411 2377
1868 245
2377 1594
2481 1781
28 2187
2377 1995
2377 481
2187 1459
1069 2187
2361 2187
2977 1785
1604 2377
1402 2377
1667 2446
2187 1515
2187 1028
77 2187
102 2187
1335 482
528 571
2326 2187
2033 1009
2187 471
2006 1591
2187 38
2187 154
2377 268
433 893
1140 2327
2786 1031
2377 2152
2377 129
537 2187
463 2187
2377 2635
2377 2373
2187 2688
2187 1465
1855 2062
2377 105
1686 2283
1244 2424
2187 584
2113 2377
1968 2377
2187 2371
2377 2553
2187 1092
2462 1683
293 2187
1138 1230
2187 621
257 2187
2377 1003
763 2377
2187 1123
2377 2569
2377 2695
1990 1766
2187 1584
2511 2377
1977 2187
2187 2171
2377 2024
1193 2187
2187 430
2187 1403
336 2377
1999 2377
1453 2187
2187 1001
2238 553
77 1195
2377 1622
2475 1823
1869 1740
1939 1662
2187 436
2377 2683
2401 2187
2377 444
2811 2015
459 2377
151 180
2377 431
1329 2029
2377 1158
1966 2187
698 1544
1782 757
1996 2377
969 2407
2427 2187
1384 2377
2385 2187
2377 209
2377 994
2377 2635
2653 2377
2377 390
1335 2377
2243 2187
2759 2377
405 2377
2377 1903
2377 2460
2282 2377
2187 2025
2377 1604
2377 2100
2187 2437
2974 2187
135 2187
1609 2187
2420 2099
2187 1200
2187 798
868 2187
1138 89
2377 2654
2187 2916
2186 1466
2377 2556
2377 2018
2500 2187
2500 2187
2187 2590
2377 388
2187 215
835 400
442 2377
2187 572
984 2187
2026 2377
2187 1743
2253 529
2377 8
1481 2377
2801 2377
563 2187
2377 43
2187 1518
1415 1519
2377 2484
1677 1559
2688 2187
1640 1031
2703 367
227 2187
2871 2187
558 2377
1329 2187
1865 2187
2377 2240
2377 916
2377 2343
2774 272
2377 1813
2187 168
2187 1101
2187 614
1124 2811
691 2377
2187 2199
2657 2187
2187 1018
2377 2435
2377 1209
2040 2024
2187 395
2845 2377
2377 2282
2187 507
2377 1176
2187 521
2377 2410
2187 2307
352 2187
2187 65
2377 1531
686 2187
2826 160
273 2377
2377 854
2377 70
1047 794
2187 564
1613 788
2377 2991
2377 1181
2285 2962
2187 726
1534 2377
2377 2771
2376 2187
511 879
2377 2961
2187 243
2187 950
2187 2058
2187 164
2187 981
2222 2377
826 2187
2377 848
2377 561
2187 1635
2470 2885
2377 57
2377 2801
2094 2214
2377 1968
1997 2187
2377 1174
2187 553
902 2377
2377 1144
2377 854
206 2187
715 2377
740 544
1740 2377
2190 1964
2187 507
2380 2187
216 1820
2377 2026
2187 67
2122 807
2080 2377
557 2125
1857 2377
1144 2377
1947 2187
2253 2377
417 2377
2377 641
2377 2311
235 2187
2187 454
2655 1209
2377 254
2187 1609
2377 2041
2187 675
2237 1627
2377 1810
1318 2377
1502 558
2377 128
604 263
930 2159
2377 773
553 2533
2187 2595
2377 600
2187 2210
1454 2187
57 2377
2063 2377
271 2369
2187 1877
460 2187
2187 602
2159 2187
1036 2377
106 2187
561 971
2187 361
2166 291
2377 2217
1794 2377
2737 2377
1943 2558
2774 1881
2377 2575
270 2377
520 988
1570 2377
2094 2187
1469 2187
2187 2595
2589 2377
1417 2377
2187 2379
1456 2377
2377 2055
1531 2377
1104 1713
389 2377
2377 548
890 2187
717 2187
2757 2187
371 713
2187 511
2187 351
2999 2187
2187 2497
2220 2377
2274 1043
1094 2187
2377 2311
1915 811
2377 1021
2187 510
423 2187
736 760
2187 424
776 437
2187 1927
779 918
2187 2060
2377 2182
2377 742
2932 2187
338 2377
2187 599
1603 2377
2377 803
192 704
1792 643
2377 2860
1180 2377
2187 27
2187 2130
930 18
390 2377
2377 2311
248 831
2526 2845
367 2719
984 2187
614 2187
121 2377
2377 444
2377 1473
2377 17
1404 2187
2377 2584
940 2187
2703 2377
2493 2263
2187 608
2377 1494
1246 99
1104 94
2931 2187
1524 2677
744 1667
2531 2161
2823 2377
2187 490
785 971
2187 256
2661 2377
2377 1278
1603 2377
976 2335
1370 203
2830 2187
2187 235
2383 2377
875 1861
2187 1752
1448 2187
2980 2187
7 2377
2377 2432
137 788
748 2377
2187 2379
2187 1157
2187 511
2681 2377
540 2377
982 2187
107 843
2081 2187
2377 823
2187 1001
1863 1350
2187 2459
2363 2377
2187 2627
1911 2377
1751 2187
2672 1612
2551 1182
2377 1641
2187 2
73 2263
2187 457
2377 273
1630 2377
2187 513
2187 2773
2506 2187
962 1368
2736 2377
2367 2187
912 2187
1265 2377
2907 2187
2224 2187
2377 2630
867 2187
2377 2331
2377 1438
1808 2377
2837 2377
2997 2187
2187 2425
2187 2536
855 1806
2187 1215
2512 2377
545 771
2187 1737
2745 2187
208 2187
2187 1753
1599 2187
112 510
584 2187
802 2064
2377 805
582 2377
2421 2187
988 2377
2187 1041
2187 2457
2377 477
2377 2264
2377 1892
2187 2300
2377 1291
1611 603
2475 2187
709 2187
962 17
2377 195
2377 407
451 1965
286 2204
694 470
2187 1193
2187 863
2377 776
2187 1251
747 1546
2377 2562
2377 986
1298 2377
2825 2187
2399 2697
28 2187
2377 1712
1781 2377
2377 2088
835 678
542 2352
2377 1685
2509 2377
2377 807
2110 2377
2800 2377
2314 2377
2108 2005
2377 561
2187 2864
2718 2377
2377 1421
2071 2377
2187 965
1214 2187
2187 872
2340 1915
1276 2187
297 2065
2377 2486
2377 915
2512 2377
2982 2869
1944 2187
362 828
2187 533
165 2187
1001 2187
2093 2187
2459 2187
2227 2377
2187 632
2377 2041
129 2377
2034 432
1291 1428
1871 2377
1472 2612
734 2137
1386 2187
2377 2383
1062 1067
2928 2439
817 2377
2187 2577
2377 1741
2746 2377
2713 2377
2377 2053
1868 2309
2377 2474
2377 1413
1397 2187
530 2543
2173 2377
2377 2358
1127 2187
2187 592
211 1873
1024 2187
2377 780
1223 2377
2852 2377
2377 494
2815 202
110 2187
1245 2158
1718 2187
2377 1394
2187 1183
1458 1504
1656 2012
2377 2545
59 2187
2187 2305
141 2377
2187 1749
2377 843
536 130
2301 2187
1268 2377
352 2187
2377 487
2187 1008
2377 1145
1357 2467
2377 1657
2422 2187
2338 806
2653 2377
2377 2438
2377 2443
890 2187
55 149
45 2377
721 2187
2029 2856
1404 2187
823 2377
2377 2229
2509 2377
752 2107
2659 2187
982 2187
2152 2377
2283 2377
575 2187
100 2187
2187 184
2798 2377
2360 2187
1126 2187
1488 2187
2377 1118
2396 2377
2377 2484
2187 1096
1340 2187
1021 2265
1349 947
649 2377
543 2377
2377 2576
2377 1657
1888 2788
417 2377
2283 2377
2873 2377
2187 1127
1456 2377
2230 2187
470 2377
1020 2377
2222 2377
977 2377
2187 2939
2139 2187
2964 2377
2289 2187
2175 2187
2187 1266
2285 2377
1144 2499
1311 592
1551 573
2377 2285
2435 2377
2377 2051
2119 2187
2394 2187
2779 525
2187 1963
2187 1198
2377 1707
579 2187
2173 2377
1548 2187
2377 1363
2187 888
2187 2632
2377 1257
2377 1833
145 2377
2187 1659
1458 2187
544 2187
1678 2187
914 2187
2187 2362
2845 2377
1396 1090
2187 519
508 2377
2754 2377
906 2187
2377 1473
1741 2377
2825 2187
2241 680
1946 2377
488 2187
690 1196
2498 1210
870 2377
2151 2377
2187 425
361 2187
2187 2488
2200 2187
1880 1738
2377 1936
940 39
955 212
1669 2377
1312 2377
2377 2675
2136 2187
2187 1435
2187 2361
997 2377
2377 2430
2633 2187
2774 2187
2325 578
2381 2377
1530 2187
841 1650
2254 1422
2187 2745
67 1878
2331 2377
2377 2546
2696 1293
2377 2902
1556 2187
22 2775
2377 121
124 1569
1660 2377
1761 2377
1990 2187
2377 1893
1685 2377
808 1785
48 2377
628 2377
1743 2187
2187 523
961 2187
2986 2377
2377 2272
2187 1636
2377 2519
1607 2187
1086 2187
1267 2187
2377 170
2377 2165
350 2187
2187 629
2330 2551
2276 2187
2377 183
108 368
870 2377
2187 413
1001 761
1682 2377
68 2187
2377 213
1904 2187
2187 599
1602 2377
2377 391
2881 1967
2377 2319
2407 2187
922 2377
2377 453
2187 2680
1964 2187
2187 375
249 2377
2187 293
1585 2893
1332 1563
2187 1204
2187 1780
883 2377
1040 1003
2915 797
2539 2187
2795 1447
2055 2377
2187 378
2377 1117
2947 2187
2277 2074
2296 2377
2088 2377
662 2377
2187 2836
2377 1909
2187 504
1348 2018
1306 2187
2377 2270
2388 1629
622 2187
1387 2785
1794 2377
2377 1929
2187 613
2387 2805
178 2377
2377 2771
2377 2896
921 450
2187 1138
2944 2187
2187 1905
26 1165
2187 379
428 2318
2270 1495
2187 150
2187 1954
2187 2952
2187 1244
2029 1147
2377 2146
2187 366
2151 2377
2377 140
1146 2187
153 2775
1720 2187
2107 2265
2131 1341
2187 2936
2390 2187
2514 2377
2604 2288
46 1169
1582 2978
2178 2187
1841 2377
732 1205
496 2187
1163 2187
1972 2377
2113 2377
2421 2087
1858 1895
881 503
2187 2596
2377 1314
2187 2992
586 2377
1870 2187
2377 1027
2838 399
2187 155
1899 2377
5 908
2187 1874
58 2187
844 1323
1401 2419
1934 2377
1624 1207
2053 2377
485 2032
1569 444
2377 509
1474 945
2187 1831
985 2377
2377 1604
2266 760
2187 436
2943 1240
2187 359
794 59
2822 2187
587 2377
2915 2187
2377 1814
2377 2802
2831 1900
2187 901
2187 1154
1173 799
2440 83
2816 2187
2509 214
433 152
2377 1805
18 1587
613 232
827 2377
2377 2700
2377 2806
2970 1243
613 2213
1789 2187
164 2187
2965 356
2187 2020
869 2187
2187 2218
1676 2187
960 2187
2187 669
2377 275
2585 2573
2377 52
1063 2187
2280 2377
2377 1272
2675 2377
9 2884
2854 2187
2377 1481
2932 2525
2377 2439
2239 2377
1056 2709
208 2187
710 2187
2187 2861
2868 2187
2081 2481
2187 381
2377 606
2377 2554
2377 795
1518 2187
2230 1674
1938 2187
2938 2187
740 874
1315 2377
643 2187
991 1658
2377 1571
2187 730
1249 2187
2187 256
2377 911
2187 2822
586 2785
2377 1567
196 2377
2187 1163
2187 1705
2187 1636
2963 2377
425 2187
2187 2202
2187 610
2187 1162
2230 2187
893 2743
1775 1389
98 119
313 1221
2187 161
306 2187
1012 2244
1599 884
2187 1094
127 2187
1482 2187
25 1101
2973 2187
1151 1784
351 2187
2857 2128
2377 2588
2673 1818
2187 2223
338 2377
181 905
2038 2187
370 1340
1185 2377
2187 2036
451 1284
2268 2187
2377 1884
692 1338
2741 2187
895 1135
2046 2377
2303 2054
2667 2377
309 2377
2628 433
2187 1419
1358 2755
1648 2377
2377 1221
2187 2232
2132 2417
2744 2849
1112 340
1358 2187
2187 2243
2187 1390
2260 2187
2729 98
2551 2840
2674 1741
2515 2187
651 2187
430 657
1461 2187
2377 1205
1652 2187
2842 452
2187 1882
240 2187
2187 2089
2187 150
1826 587
539 1647
1613 2187
1257 2377
1462 2187
2538 2187
2852 2377
81 2867
2187 965
2377 1583
2377 2469
2187 1461
1888 2222
2187 283
2873 1133
101 2187
1530 762
1329 2187
2187 332
212 2634
2797 2187
2187 384
2187 1162
793 2377
2981 2377
598 2377
396 2187
2187 2130
436 2187
2187 2817
2813 2377
2187 2848
2377 2212
2187 906
2377 1854
1608 2187
944 1543
2377 2990
2301 89
668 1773
2013 2187
2187 771
2754 39
2295 2377
2356 2187
1237 2187
2187 476
2187 585
2187 1824
153 2377
2377 2611
302 2187
2187 664
628 2377
891 1160
2377 501
2596 1068
2345 2187
2377 2135
2182 2377
2187 1966
47 2377
2187 1462
2187 85
2328 2377
2187 1287
2187 2294
1934 2377
1503 1393
2377 842
2187 1917
2377 1689
725 2187
409 1737
2526 547
2919 890
2894 2187
2377 2910
2377 2799
2187 430
2377 335
1598 2187
2813 2377
2377 2381
2187 1948
2377 716
2016 2377
2954 2187
2187 1840
685 2377
61 2172
1425 1937
2372 2817
2829 2377
2377 1935
2377 448
959 840
2187 2009
1735 2377
2377 2471
408 2218
245 2377
2187 555
2266 2806
2472 2377
2199 700
2187 1847
1702 2187
103 1066
2313 2187
1675 2377
578 2187
2377 2576
151 2377
2377 286
37 2377
1106 2187
2084 2377
2187 1227
1702 2187
2075 2377
1011 2187
2377 2239
2500 2187
2091 2187
2187 2871
2929 2377
2377 2965
2377 1618
2260 2451
2377 1566
473 2377
245 2377
2377 2703
1677 2187
1325 968
1403 1883
2187 798
2187 2276
333 1839
2187 1530
2187 629
2542 2377
1355 2187
549 2877
2187 655
763 2377
2420 2377
1808 2377
2187 2139
2377 1295
2187 2516
2377 441
64 2377
2187 1344
670 1096
396 2187
447 2585
1069 2187
655 2187
212 2187
2426 2825
209 2377
1244 2187
2187 1218
1524 2187
2087 2496
2377 1684
2488 2187
2377 2880
2558 2377
2187 1954
2871 1538
756 604
330 2377
2187 2017
2377 24
2291 2953
738 2187
1170 2377
2788 2377
2187 1138
42 1492
2377 2071
2365 601
335 82
494 996
1001 520
1253 636
105 2269
2377 2439
526 860
1675 1254
2377 799
2187 2069
2377 994
1373 133
2144 294
2187 959
2170 1383
2377 1999
2204 2797
2377 777
2377 957
2991 2377
2789 2187
2377 441
662 2377
2187 302
2936 1587
2560 2377
2072 162
2014 1751
2377 1292
2284 2187
517 2377
877 1196
2377 481
2377 1422
2187 1582
1551 74
472 2838
2187 2543
2187 1846
1504 1277
2377 607
711 2187
853 2377
1745 2228
2187 1340
2187 2789
2187 675
2678 2377
2956 2187
954 889
2104 2377
2377 2015
123 2691
1818 1346
1705 2187
2187 2555
2377 447
1434 2187
2377 683
2377 1519
1596 2152
2187 837
1366 2377
983 2377
2377 337
2502 2187
2377 1121
2377 2164
2187 1482
2187 885
901 2187
883 1241
2332 2187
2377 1860
2187 2733
1800 2377
643 311
2377 1836
2937 2123
2377 674
31 684
51 1554
2377 1928
1845 2277
2328 2377
659 2377
2187 764
2537 645
699 2377
1720 2187
2827 2377
2377 947
2187 912
1369 2187
2980 525
1437 2684
2377 1122
2377 2375
2377 2142
1458 2187
2550 355
677 738
1746 2187
2377 250
2187 2000
2187 1880
624 2377
981 1558
1420 2478
1056 2187
1125 2069
1761 672
1978 281
2187 1776
2187 73
2224 2187
379 2187
2737 2377
2187 2596
584 2187
855 2377
353 2377
1627 1641
2377 1239
892 2377
1164 2187
916 2377
671 2924
2377 492
1190 1674
2086 1067
2377 2520
631 2377
2466 2377
2377 14
2520 2377
2187 274
2377 2236
218 2187
1185 2377
2187 439
2187 2312
717 2187
2187 1922
2098 2511
2187 1391
2344 2187
2377 473
1535 1490
1097 2636
2377 2717
2187 4
1631 2187
429 2187
971 2932
2377 2594
920 2187
1428 1399
691 2377
1481 2377
861 2187
158 2377
2187 2085
1936 2377
1053 1955
2377 1052
2377 1968
835 2377
2187 1301
1420 1441
2187 1070
2547 2377
2187 2448
2541 2187
1501 2187
2377 2128
2377 104
2945 2377
1616 1628
2377 1945
943 717
161 2187
2187 1877
968 2377
1273 2187
2180 2142
2377 517
179 1949
2187 146
2487 2377
2377 708
1388 2187
449 575
2187 394
2866 2845
158 2377
1700 2187
2745 21
1385 2407
752 439
2187 176
16 2377
2210 2187
441 1074
1800 2377
198 2377
337 2377
2187 497
2187 609
1813 179
2187 1219
1949 2187
1314 1890
2377 2466
877 289
1433 2187
339 2117
145 2377
2187 2022
28 2187
2429 2187
2840 2377
2187 1482
1736 2377
131 2390
477 156
2377 652
820 2377
2377 1151
1930 2187
671 1653
1719 2377
1828 2187
2377 36
894 2187
2996 2377
2717 2377
2187 1811
2377 487
1047 2187
2378 2187
2187 889
2377 612
519 2187
2377 1626
2377 715
1180 2377
2187 1720
1386 1540
2187 177
2719 2187
869 2187
2377 616
1292 2377
2949 701
2377 1509
282 2377
2377 1303
2572 1891
2377 1832
2377 346
2304 2187
2187 655
1370 2187
1870 2187
1978 2377
738 2187
2187 371
925 2187
2187 1251
2187 1108
2377 2917
2072 2377
922 2377
2187 451
2187 2871
2187 2035
2377 405
204 2187
330 252
799 2377
2812 2187
137 2187
213 522
2377 1719
1826 218
2657 2187
2974 2187
2187 2599
2187 2365
455 2377
1303 2751
265 2377
2187 60
2187 1873
308 1672
13 2844
1115 2377
689 2187
2187 1136
2187 127
2484 2377
2377 2653
2187 1944
2377 795
1320 2187
2869 2187
2934 2187
2377 2628
2377 2053
2532 1547
2377 2771
2187 2907
1564 1068
2377 2049
2377 2945
1238 2187
756 2377
2187 2564
2943 2377
416 2377
462 2716
1508 2377
1973 1985
1662 2187
1690 2681
2977 2537
2377 2469
54 1484
111 2377
423 2261
2187 1715
2200 2187
2377 2245
1216 2187
2187 2378
1258 1633
1843 2377
2187 2633
2670 243
2731 2187
639 2026
2187 428
951 2377
2079 2350
2187 1488
905 2187
2845 2377
834 1037
1066 2377
1095 2187
1830 2187
1958 2377
610 2187
2644 1505
1774 965
457 2187
2560 1325
2536 2187
1373 2187
344 2187
24 2127
1289 2187
469 2187
2536 2187
71 1681
2187 1757
2320 2187
2058 2187
2187 2183
2187 2916
2377 407
1525 2377
2187 202
324 2187
2001 2187
87 2187
731 1392
1157 2187
2968 2377
1854 2377
938 30
2187 622
2187 1324
1797 1268
1537 2187
744 2187
367 106
2187 352
2377 2350
2206 2377
2187 580
2377 2418
288 2377
2187 1931
1695 2341
2377 2410
2571 2377
163 2377
2898 2584
733 298
1739 2278
2187 2102
48 2315
2530 2377
2377 649
2767 840
773 2377
2377 419
492 2377
2377 2293
2187 521
2401 2187
2377 1748
1898 2187
790 629
2187 2102
2391 2377
1252 2187
1630 2377
761 706
35 2377
2114 266
1181 2377
2187 1668
2371 2187
2187 2260
2574 511
2017 2187
1714 2954
2609 1178
2187 2232
1176 131
800 2187
2377 892
1925 115
2163 810
108 2377
1641 1654
2187 1822
1148 956
2665 2187
2377 2847
1122 696
2187 2679
1352 2187
2103 2187
2377 935
1474 2377
1457 2187
219 852
2550 2187
1795 2377
2377 767
1202 2187
579 296
2187 857
758 108
151 2377
2970 1738
1047 626
2187 66
1059 397
245 2213
1112 2187
1766 492
512 891
1874 2187
1570 2377
2172 2377
2377 2765
489 2377
2092 627
2728 2377
2584 833
2862 2377
1097 2390
1315 2377
202 2187
2377 1583
2306 2377
2058 2187
2794 2187
2768 2187
792 2187
2377 1275
2388 2187
1839 224
1959 269
1732 177
328 2377
2187 1018
2187 186
1920 2377
2187 857
2605 2187
2377 612
2187 2193
2377 749
2377 731
2187 709
2377 1660
2187 980
572 2187
2560 2377
2187 435
2187 738
579 2187
2377 1278
2187 2836
1813 2377
2955 1445
1643 2351
1799 2674
195 2377
2377 734
2377 862
256 1199
513 733
2097 2187
692 2187
2377 1999
2187 458
205 2187
556 2187
429 1100
2549 2377
1328 2187
62 2933
2125 2881
1283 2377
139 1907
1720 1411
2187 926
2377 105
2187 645
2456 2377
2187 2171
2187 1149
2423 2187
2154 2377
2377 2850
1324 2187
2377 1382
2377 2833
387 1959
318 2894
2377 2383
2187 602
2848 2891
1438 89
2377 1603
2187 2170
2844 2187
2187 2332
815 2187
2377 951
2377 893
172 2377
2377 1525
2237 2377
2377 2434
206 2187
1354 1828
1662 2187
1237 2187
108 525
2377 1951
163 2377
1314 2377
675 2187
2187 867
2187 486
2377 1305
2187 2883
1862 2469
2992 2187
2666 2187
634 1923
2377 2833
1198 2187
2377 1618
2377 288
2187 1450
2187 1387
1518 2187
2307 2187
62 1866
998 2187
2187 2641
617 1522
2052 2345
2809 2187
152 2187
2377 1704
2377 1816
2377 2613
2377 2287
2187 2157
2377 636
2447 2187
986 2377
2377 2297
917 562
2377 2798
2187 634
2759 2377
537 2187
2377 1622
2187 2351
964 2377
2377 270
613 2187
396 2187
1239 2377
556 2187
237 2357
2187 341
1473 2377
1946 2377
314 2377
541 20
1103 2187
838 2377
947 2377
2187 2864
2187 1460
462 2570
2187 1959
2187 2555
443 990
2467 1953
2377 968
2377 2154
2377 1689
568 2230
2187 87
1613 2187
1320 1034
2284 2187
2187 1434
230 2377
2187 2835
950 2187
853 2985
2377 600
2297 2377
138 1236
1681 2187
2377 658
2377 1292
2187 1004
2874 2377
2880 2377
2924 2187
2423 2187
304 2377
2187 2603
827 2377
339 2187
2377 2995
2065 2377
539 2377
2377 2131
264 2187
1266 2187
2377 199
125 1729
659 2377
2389 2377
2458 2187
1788 2377
1817 2057
2377 2567
2363 2377
2347 336
1313 456
2187 2351
169 617
515 2187
2187 435
1842 1041
2377 1420
2187 2522
1977 1068
766 2187
787 2377
2187 2380
2187 535
2879 1481
2377 2142
2162 2187
2377 484
35 2377
2548 2377
658 2377
2187 868
2377 1305
2187 429
2952 1939
2377 2028
2187 2011
172 15
2377 547
2187 1056
2187 949
2187 323
2377 2206
2377 999
724 2187
2377 1513
2561 2377
401 2377
1277 2187
548 2377
2806 2377
1412 2597
2301 2473
2196 1913
2377 1143
987 1919
687 2377
2187 2480
2826 2187
1024 2187
1575 1387
1621 2377
845 2187
1483 2377
2109 2283
461 2775
2187 2741
2377 883
2187 2085
2187 1376
1446 939
923 2477
2187 20
667 223
2057 2377
1825 2377
1474 2377
654 2377
2187 2853
1914 2377
2377 2105
938 2190
1393 496
2159 2187
2724 2187
1638 2187
581 2187
2377 2636
783 2187
2377 491
2187 1636
2305 1012
2561 300
2187 138
2377 624
2826 2329
2187 1545
430 2187
2332 2187
170 2377
2187 2957
2696 2869
2489 2377
982 2127
581 2187
2377 2434
2377 2549
2187 2940
2187 255
2187 124
1278 1754
209 2377
2187 2390
856 2187
37 295
2043 2187
1202 2187
1777 2187
2377 574
2377 1911
2377 273
140 2377
1003 2377
2377 1693
1467 2187
2377 1072
777 2377
2187 2281
2377 2744
970 2187
2187 1472
1322 2029
2735 2187
2377 1833
2664 2377
377 922
2435 879
2377 707
1625 2377
2496 2377
315 2377
1737 1910
2377 1
231 2377
2831 1775
1015 2377
420 2377
2377 1170
858 2187
2658 2377
2377 2908
1856 2377
2187 1008
2561 2377
1697 53
2711 2187
2187 366
2767 2377
904 1676
1588 2187
2377 808
2796 2377
1614 2574
1962 2377
2377 2654
2187 439
2008 2377
2673 2377
206 2257
279 44
2330 2436
185 2187
2187 527
253 2187
2377 2568
1774 1499
2215 2594
2187 255
1627 2116
1622 2377
1308 80
2187 2893
2377 1514
2187 2955
2377 1451
445 1990
2187 2987
1318 2377
2377 2164
2187 2429
2948 2377
2113 2377
2599 2187
2187 2812
213 2377
1550 2187
2148 1534
1891 2187
2377 1269
49 2524
2377 2225
2023 2336
2187 642
2377 465
2187 2066
2203 1466
537 1392
1925 2187
2377 1239
1434 2187
2992 2879
2947 2187
859 2187
422 2187
1548 974
2215 2853
667 1007
2317 822
1397 2187
2196 2377
2187 2034
2187 2106
2377 310
1914 2377
2187 1489
2377 2024
2187 127
374 2377
2377 1468
1281 1914
1088 1430
552 2377
2344 2187
1891 2187
934 2377
1475 1159
1031 2519
2187 796
1327 406
1263 1456
633 2034
2377 1513
148 2187
27 2187
1892 2377
2187 1679
2377 2235
2290 519
1387 498
601 2895
2958 1812
710 2187
2394 103
1839 2542
2187 514
2685 2377
1578 951
2187 932
2187 217
2458 2187
2377 1528
432 535
2187 1190
297 189
2377 2354
1488 2187
2377 501
2377 2012
293 2687
835 1728
593 2187
2377 1941
2247 2377
2377 1953
2187 667
2377 357
1614 2187
2020 1059
41 2187
1710 365
1485 1470
882 2187
2187 625
213 2450
2377 1071
683 2377
2144 2377
1573 2377
2730 2187
2699 1780
2187 1404
1928 2377
2187 1803
2377 947
811 2187
231 2377
855 1762
1972 2377
362 2287
148 2187
2076 2081
1811 2187
1537 2187
2377 1410
2386 2377
551 895
2377 2074
528 2377
132 1280
1260 676
108 2377
2604 413
286 2377
1869 11
1459 2187
2187 506
2377 1899
836 946
2377 1151
1174 2696
1043 2377
2012 2377
2725 2377
2090 2187
2377 2479
2187 785
2187 2843
2808 2823
1121 2377
2187 2770
2377 37
2846 2377
2377 2760
1413 2377
2187 2156
2722 2377
2168 2866
2991 2777
354 2377
72 1319
2377 478
868 2187
1416 2377
1479 556
1235 2248
1570 754
2066 2187
372 2377
2377 2734
2187 2349
1823 1359
2909 2377
385 2377
2377 2658
1279 1262
2187 53
2187 859
2187 1927
2187 59
1037 2377
2377 2217
1602 2377
1534 2377
2377 489
2377 939
2377 1421
2377 1985
349 1076
2377 2319
2377 2184
64 2377
731 2377
2377 76
2187 2555
2678 1476
513 2187
1026 2377
1476 2217
248 2863
760 2187
2069 2187
137 2187
2377 236
2187 2660
2187 609
2376 2187
652 2189
1093 2377
2377 2694
2377 2194
2877 2377
1668 2187
1123 2187
2187 2289
1374 232
1781 2377
2387 2187
1398 2377
2377 2847
2187 1960
2377 1987
1052 1853
1485 2823
1714 751
2764 2544
187 2187
2730 2187
829 2498
1612 2259
74 1279
2377 540
2700 2377
2187 625
1086 2187
2187 2621
118 2552
2044 2187
2187 2596
2294 474
2377 600
2187 1367
1155 2377
1609 1495
2428 642
2187 851
1959 1606
2187 1457
1918 2187
2531 168
2377 1414
2187 2934
2377 2403
2377 2072
1096 2187
1777 2187
352 1826
619 2187
1305 2377
2187 2193
254 2483
2339 2706
2377 2267
1566 2377
959 2187
2139 2187
2377 1497
2430 2369
2377 225
2187 2089
506 2187
2377 2841
1639 2377
303 2187
2187 2724
1671 2377
2187 1433
2377 1675
2377 404
2535 1058
637 900
2377 2306
2187 2316
791 1020
2377 502
128 2377
2187 1846
2187 2130
2161 2377
2541 1039
7 2377
704 751
2377 1121
1960 2187
2187 1552
2187 2916
2191 338
2187 1461
2377 518
2187 359
2628 2377
1209 2377
1118 2377
2119 2187
2377 1242
2187 2818
1456 2377
2187 1921
863 2187
1057 1558
632 2187
273 393
2187 2975
499 2937
2255 2187
2187 1320
1690 680
2652 2187
2377 915
532 2377
2377 334
1065 253
1945 2377
2377 111
1753 2187
2045 2187
2377 1982
2187 1548
1960 2699
652 2377
2959 2187
2187 167
185 2187
2377 2155
2621 2187
2187 102
2187 1733
734 2648
1100 16
2187 1376
825 411
869 2187
2187 995
2187 2156
2056 2187
2187 1904
2187 2116
168 500
2891 2753
2187 572
1452 2377
2187 496
2377 2856
2187 1809
1308 121
636 2377
2187 642
2187 2707
1627 1822
1367 2187
2187 23
2072 1331
2187 2603
1207 2377
199 2377
2187 3
2329 86
205 1798
1019 2377
2187 1095
637 1384
450 2187
2187 1465
2377 1649
2377 1539
1640 2377
2175 2187
2212 1415
575 1616
719 2377
2777 314
2187 1024
2548 2078
2377 2662
2187 1770
2377 248
2682 1990
2819 2187
2377 2163
74 2377
2187 1964
2377 1516
1565 2377
2054 2377
2377 2493
2454 2377
1962 2377
2187 422
490 2187
1078 2377
1100 1885
328 2377
2377 1698
907 2776
2532 1836
12 661
2233 2377
2187 1705
397 2377
2474 2377
2905 2377
2377 2664
2187 2036
2187 635
188 584
2187 2912
1042 2377
1033 908
2377 1423
2377 2050
2104 26
2187 2522
2923 2111
2366 2377
1026 2377
2514 2377
2187 1126
1711 1433
1189 217
2377 1366
2377 143
2880 2377
2187 1387
183 2377
685 2377
2377 2545
1031 928
2402 2377
2377 1336
179 737
2187 1776
2377 855
1440 2187
2377 874
2377 2358
1995 2377
1000 2377
2377 236
2095 2187
2377 47
1210 2187
2187 2955
2228 2377
2377 2046
2895 2377
218 2187
166 2422
1535 1130
2953 614
2187 822
2261 2084
1103 2133
2187 2538
2297 2377
797 1920
2753 2187
1123 97
2187 1552
1874 2428
1413 1617
2187 69
577 2377
2377 1222
2187 2322
2872 2187
2377 924
751 2187
1963 2187
2126 2377
2276 2187
1394 2377
434 2293
125 2187
2998 422
2377 1967
1043 2377
2187 750
2377 1953
1413 2377
2187 2043
2377 1781
2488 2368
392 2187
569 2530
856 2187
2760 2377
1055 792
2377 495
2377 829
2796 2377
2187 1545
925 2187
1530 2187
2500 485
2187 2669
2716 2187
164 2187
2093 2452
2377 178
2377 559
460 1192
849 2187
968 406
2187 1011
688 624
2187 880
2187 1376
333 2377
1975 2377
2377 404
244 652
2187 1873
2468 2438
1169 2377
2377 45
2234 2377
2377 1507
2377 2802
1838 2187
2377 2910
1514 2377
297 2937
2377 342
2162 2187
2364 2377
2187 1460
2187 2825
2377 1079
198 2377
2032 2377
2187 2753
2118 2161
2242 2377
2187 1116
1806 614
2187 1631
2377 196
2170 2187
847 2186
2187 908
2377 2472
2187 2538
2187 2477
2377 765
2377 2565
603 2042
391 2377
2377 1509
24 978
849 1759
2377 539
24 2377
2377 419
2187 1346
2187 995
1688 261
630 2620
2321 2528
1186 764
1929 464
2875 2187
2187 1172
922 2377
2626 800
2187 1276
2377 1107
1408 2377
1623 200
2295 660
627 2978
2187 1227
1981 2377
1371 2187
568 909
2377 1384
1893 2377
632 2187
2653 595
2187 744
678 1827
169 2187
2898 1653
2377 1368
314 2377
2377 12
2377 1491
1193 1396
923 2521
1777 2187
2559 184
2377 1205
2187 2774
2850 2377
438 2377
99 2187
1567 2377
410 2377
212 2187
1588 2187
1499 1784
2187 1895
2377 1934
2187 77
2187 1954
2187 956
843 2377
2697 1737
942 1660
65 2187
2336 2187
1945 1378
2189 1669
6 2377
2377 1788
2652 2187
2377 2725
2875 2115
2999 2187
2187 1435
1340 943
2335 2187
2377 2198
2377 1268
267 2187
229 2974
2377 586
1223 2377
2377 1889
468 685
2667 2377
1673 2377
95 2187
2377 2271
2377 2994
938 2377
1118 887
850 32
1803 2187
528 2377
2187 635
2187 1475
1016 366
896 2187
2377 143
408 338
2187 301
1817 167
2792 2187
2281 806
1078 2377
827 2377
1974 2187
2187 956
2187 1811
2187 961
2362 2187
371 2167
718 696
919 2187
2723 1738
2377 2373
2187 2488
2187 1467
126 2377
1293 2187
2187 2009
2377 210
2187 769
1842 1571
809 2187
2377 1708
2066 2187
1803 1232
2187 811
644 2103
2187 811
1974 2187
2744 644
2018 2377
1832 2377
2816 259
2623 2187
33 2377
2187 1454
863 1201
2765 2377
2377 964
2848 2187
2187 1949
1269 2377
2377 86
1952 2377
1985 703
2377 691
113 2187
2806 2377
2706 1925
2187 2417
2348 2187
2377 1796
2377 1423
2739 685
2377 197
742 2377
2187 3
2187 578
2571 2377
2837 2377
2187 556
2377 508
2485 2377
2187 1637
2377 2964
2350 2377
931 920
435 2187
2487 2377
2187 852
1493 2377
249 2377
2192 2187
2187 2637
2187 187
2377 374
938 2377
2665 2187
2492 2187
2187 900
2104 2377
2187 804
329 1488
2669 2187
10 1204
2921 2187
2187 1882
1890 2621
1111 1480
2712 717
2187 2313
2735 2187
2377 2432
2187 2437
2187 2724
2893 2187
764 2187
2118 1508
2187 38
2377 105
2187 645
2187 2854
2513 2187
737 2377
2805 1371
2187 925
2682 492
1594 942
1399 2187
1531 239
1501 2187
2377 1005
2187 2614
2486 2377
2377 1438
115 1187
1418 156
2187 2218
2377 1015
2377 911
2087 632
78 890
681 2437
1942 2377
2187 2388
2377 2685
2377 196
2187 1101
2397 2187
840 749
2187 1545
2187 2688
2254 2818
2377 2988
2377 911
375 2187
576 90
1902 2345
104 355
2861 2187
2187 877
2377 2145
2187 1692
2377 594
2377 1577
2685 931
2652 2187
179 1488
40 2377
2108 2377
2187 2116
2377 1672
2187 2463
1363 2377
2867 2377
2187 2539
2187 516
2855 227
2416 1239
2377 1503
2187 2711
2187 371
263 2377
2377 480
2187 2844
1137 2377
724 2187
2377 1712
1233 2377
2377 91
1373 2187
2723 2357
2074 2377
2271 2377
1814 2377
2377 1351
2187 293
345 1782
809 2187
2915 2187
2143 2377
2377 1833
2187 523
2377 237
2187 2102
1418 2187
2493 2377
2571 2377
2187 2006
1363 1994
414 2377
1357 2377
2377 2140
1291 2682
692 2187
280 2377
2377 988
2187 2552
1363 2377
2708 1015
2377 2331
1764 2454
2124 1425
2373 2377
919 2187
2934 1339
1771 2377
2187 2731
1634 2933
2377 192
1560 2377
2377 2443
2377 1814
2187 2757
1978 2377
2059 2912
2377 1483
2377 1117
2327 2377
2365 2187
2187 1464
2577 2187
1505 2377
2122 719
1234 2377
2941 2118
728 2187
2377 917
2855 1564
724 2187
2254 2009
1605 2678
1071 2377
2582 2187
2009 1710
2540 278
756 2377
928 2187
2377 1790
1592 2377
2058 2600
483 2187
2377 1017
1066 2377
2377 2520
2377 114
2876 2187
2187 2598
401 2377
460 1476
2377 192
791 444
1880 1243
2713 2377
2377 1002
242 1180
1691 2936
2187 1834
2641 2187
830 2187
2377 1117
418 2187
583 665
1087 2187
2377 349
2826 2187
420 2377
2377 1787
1801 2377
2377 2153
1139 2377
2606 2187
1210 2187
2187 1637
301 2187
2320 2187
1321 2187
2933 2187
1571 2077
819 1323
1438 2377
2377 80
2187 326
2377 1836
186 1710
413 2187
2377 734
1233 2377
2853 2187
2377 2963
2187 507
1980 2718
1386 2187
1462 2468
463 2187
2095 2187
2377 2521
1203 2377
1856 2377
1880 2187
365 2377
2187 458
2951 2377
2187 2778
2187 1521
397 2377
454 2187
2187 2447
1227 2187
2187 381
706 2187
2187 932
2247 2377
2022 2187
1200 2187
506 1341
917 2377
2187 1183
1437 2873
322 2187
2377 2153
2187 2789
2187 2248
2736 2377
2377 1408
2833 2377
695 68
1131 870
2997 1576
2583 2703
1256 2276
1499 2377
1605 2411
2187 1135
1101 1540
476 1756
2959 1913
1759 1406
2187 274
1077 2377
2274 1324
2640 1974
1771 2377
197 2377
966 2087
2187 958
2377 2553
1810 2377
2377 2456
2377 263
388 2377
2187 2660
1444 2553
1918 972
2377 2892
2135 2377
2187 2273
1260 2187
2187 2792
1595 2187
2187 889
391 1250
2377 893
2377 1561
536 2377
1791 2377
1231 2377
2599 2179
2377 674
2187 2017
2187 1008
2377 737
2187 1970
201 1746
2187 514
735 2377
2187 1780
2377 309
2187 1177
1334 2377
613 2187
2910 2377
2496 2377
2377 2746
2187 588
2377 2509
606 2377
2187 2081
2272 103
1569 2921
2175 1486
174 2101
2187 1898
2986 2377
306 1784
2202 789
2187 1760
2377 2995
1480 2482
2187 1136
2377 1079
2346 2377
1304 1637
2377 1967
2377 2926
2377 1909
1496 1859
2028 2377
640 2377
890 2187
2300 1632
2377 536
2187 2308
693 2377
2377 554
1080 2377
2781 2187
1107 2377
2187 2666
2377 2803
199 2377
2377 597
820 2377
1113 1440
93 32
2377 1648
1506 1722
2187 2931
2177 547
898 2187
2749 1129
2349 2187
2187 2038
538 2187
2823 2377
1207 2377
1202 2187
2377 2413
2242 2377
2790 2617
2851 2187
839 1364
1321 2187
2377 481
1658 2234
371 2187
2862 2377
1231 2377
650 2461
936 2377
2187 746
1160 2377
185 2187
1637 2187
1330 2657
2253 2377
26 1216
516 2187
2446 2377
2187 836
864 34
1965 56
877 1217
373 1238
2187 2663
1118 871
2368 2056
2198 162
2802 2398
1840 2187
2187 497
629 2187
2187 950
2377 453
2377 2370
1640 2377
989 2187
2745 2187
2187 135
269 1978
2187 1557
2187 2680
1587 2220
1716 2187
2377 1242
2689 2227
2377 2153
618 2187
530 2255
1991 2187
2187 2573
2377 683
620 2187
92 2187
416 2377
2105 2377
99 2187
2187 766
2002 2638
738 162
2187 1094
2377 2530
1825 2377
2182 2377
2377 2593
1200 1076
398 2377
1134 1521
2125 2187
1443 1085
2025 2187
1553 2377
2187 1238
2377 690
2187 2
2505 275
2938 1486
212 2187
2187 2011
1089 2377
1915 1234
2377 1525
2377 1360
203 285
2377 2581
1548 1330
1445 1315
1384 1756
1249 2231
2377 883
2187 1550
506 2187
2377 2803
2187 18
1991 2187
698 863
2980 2187
2187 1598
1324 1850
2914 2470
917 2377
2377 1639
2800 2377
2681 399
646 2981
2187 94
2377 2400
897 2195
2187 2865
2187 2980
2187 161
560 1573
1692 2187
1164 2187
2377 838
2364 2377
2377 582
2377 807
2377 466
682 2377
2377 2943
2187 555
59 2187
2543 679
1407 2187
1290 2675
1355 824
2206 2377
720 1689
2187 958
2377 1335
120 2377
455 1596
882 2187
344 2187
2187 1662
2377 1077
896 1333
2377 1291
2446 2587
2143 2377
2482 2377
2187 34
2377 282
1374 2377
2377 1168
2377 330
2187 1177
2377 2718
2377 1799
1373 2574
1209 2377
2878 1542
484 2377
2377 2198
2187 1521
2377 2155
302 2187
2377 1299
2187 1921
920 2187
564 2187
2377 1118
1743 1175
307 2377
2187 2952
442 2377
2377 1775
2377 2393
254 2377
2187 2710
1837 2377
2360 2187
1143 79
2377 216
2377 1854
2187 1471
1798 1351
242 1464
2563 2394
2187 2361
339 2187
2068 2187
2377 1072
1701 2187
287 2187
2044 2187
2148 1928
476 813
2377 687
2535 2377
1625 2377
1933 2377
2187 378
2187 2921
2827 2428
2377 1857
2187 2913
2377 964
2069 2510
1264 2187
2187 189
930 2961
141 2377
2187 1447
2187 1267
2799 2377
2377 1269
2391 2377
2377 552
2187 1676
290 206
1796 2377
2377 349
2187 717
314 2377
2377 459
2529 2187
1264 2187
2187 18
2187 605
2134 2377
1698 2377
2377 548
2187 959
779 2187
136 2187
781 2187
2377 1961
2377 24
607 1957
2070 1252
2187 2506
2187 224
2377 2948
834 2859
2505 2121
2641 2187
2682 1971
2377 1316
2377 1788
2377 2701
1711 2239
2187 669
2187 1132
2313 166
2377 2358
2187 137
1997 2187
1441 1636
335 2377
2377 2874
2187 1399
2377 2977
2377 1669
512 2377
820 1058
1190 2187
386 2377
861 2187
2086 2187
1273 1034
36 2047
1946 2377
2936 1213
2377 2686
2048 2187
867 2187
2820 418
22 2187
152 2187
2920 1007
681 1553
2187 2659
2187 847
1366 2758
2791 2187
1334 2377
2929 2377
279 380
2377 1683
1648 2377
961 2187
2187 451
2680 2187
2187 1457
1752 2187
2983 378
