2997 6868 1
980 1632
644 2504
67 332
560 2878
1769 619
163 136
2129 1632
980 2391
1084 1632
977 1812
1004 1072
2121 1142
532 1632
2622 2829
1809 2668
1060 1585
340 151
2459 1998
1727 1393
980 1725
916 1632
2893 986
2423 1985
701 2504
227 1632
1956 1017
473 2568
1314 2690
980 2747
2143 2598
1304 1632
980 224
1639 2282
1426 700
2119 2300
75 1695
2082 1119
1820 1632
1265 1632
2272 1632
1760 2777
1356 1115
2497 1632
1718 1270
888 1389
1100 1632
345 1550
980 2961
980 853
2521 1219
623 1001
383 935
2047 2105
555 459
1794 2235
2644 2277
980 1553
2400 1632
63 1632
2793 606
1119 2789
980 2759
980 290
395 2524
980 712
113 1632
980 107
660 2934
2219 1314
980 2003
980 405
288 614
279 1213
968 2333
914 2042
2560 1632
2532 843
2259 1632
2551 2802
980 1124
185 42
980 2197
180 1492
232 1426
2139 27
2426 1632
980 816
578 1250
2375 2486
1758 1833
203 1245
1061 1706
2353 1632
86 2371
980 1713
1458 1848
1262 1632
1707 2169
980 1301
2830 355
980 2741
980 2549
980 2741
500 1632
2940 1632
2707 1068
980 2956
2775 2108
2833 1278
121 2573
980 2167
980 1690
5 2327
2720 577
1946 1952
980 1076
387 1614
396 610
1332 145
2573 585
1675 1657
1861 1999
862 1632
2987 1449
1476 2612
569 1048
1370 106
489 1632
1967 1281
2165 2091
813 29
443 1039
980 2714
2177 1143
2899 2259
2433 1632
2423 1662
419 1632
25 1614
980 2582
1635 2256
1621 1632
2098 2322
1919 2715
632 202
980 947
2429 1483
1843 2876
980 1509
1288 1324
637 550
1862 1596
1659 1138
245 246
442 1997
516 89
980 956
980 1252
996 1604
511 2537
1828 441
1270 2278
1185 1632
1071 1632
2937 611
1434 2920
980 876
980 2908
1645 1632
980 2252
1562 349
145 1754
2902 2532
1572 1770
980 2941
1767 1632
43 1579
1054 253
2838 2152
980 1928
608 465
2657 1861
2252 2949
980 1755
2399 1821
980 578
2691 1632
1373 2725
980 1775
2785 1954
2067 2093
2360 448
412 2061
1276 1763
1473 1186
2185 756
980 1888
2474 549
2981 2600
980 2352
1967 1857
693 2675
2581 1255
855 642
980 1823
2922 2867
1027 1632
2251 1226
1146 1065
2132 1632
2801 605
2786 506
201 2062
2062 1632
171 1632
2436 1632
475 1372
797 1632
2213 1632
410 2782
1710 2550
1301 2865
1089 55
980 846
570 1632
980 2441
1487 144
846 2579
1977 2376
733 2321
2278 1820
1822 1632
980 1824
1842 1632
1387 104
980 694
980 2477
1788 2015
1412 2616
288 2710
2953 1682
2187 2758
476 993
1196 1632
2221 1589
2062 1632
1333 211
2654 2821
164 2743
980 578
980 1793
1352 1524
1274 2583
967 398
1081 1159
1288 2736
975 1250
1000 2687
1354 1632
1024 571
980 1806
2380 2916
460 2392
980 380
413 2396
2376 644
2865 1934
2872 1292
2353 1632
2585 2875
976 1748
1834 1463
2124 499
2561 1632
453 2296
900 1029
148 2839
2276 719
980 2843
2887 2532
980 855
291 2959
980 1992
2591 1632
230 1632
2378 2
2610 457
1572 631
2026 1632
980 515
2658 2669
769 1771
1222 2338
980 2898
1605 1632
885 757
2286 2114
980 1400
980 1715
980 2885
2907 2118
896 973
2247 531
2739 721
583 1632
55 1632
1903 905
350 2007
1074 1022
2782 2942
1541 2216
1431 189
2560 1632
2815 810
2256 2232
1920 1632
2427 821
2760 153
1022 1632
540 867
2548 1632
538 1632
2967 1541
2583 1632
980 360
1390 1632
980 853
2709 2975
428 1632
2744 1632
980 1761
45 1632
2001 1341
2341 737
222 888
2205 2658
980 1395
12 1632
315 2117
2009 1652
2752 1632
364 2012
842 1384
2229 2044
2907 2888
2607 2528
645 2719
424 228
1379 2085
980 2828
2480 2473
980 1106
1113 2658
2318 2469
980 541
980 2677
1942 1785
1307 1849
1690 2054
2118 2502
1907 1908
1075 636
980 46
810 1688
2807 2149
980 2540
1002 1632
980 1757
980 2739
371 334
292 1089
939 369
2358 1632
2066 1840
2870 1385
1057 946
1420 2319
823 1028
1459 1003
2295 1632
1425 1453
1422 1572
980 93
2557 351
980 2306
818 1741
2787 1648
1427 227
1974 790
2124 2188
1396 1632
339 1772
2855 2475
2567 1669
1525 1632
980 1705
158 76
88 1632
1981 452
305 1632
2684 1870
980 1818
720 2420
2016 2152
2506 1605
2479 1181
425 1632
1017 2553
2895 2286
1887 635
2959 1632
2692 1042
455 74
2869 1632
980 1564
980 2605
980 2069
600 1632
980 2928
2156 621
1656 262
151 2616
2036 1632
188 2870
1141 1991
1013 754
1552 1316
2453 1632
2081 1632
1158 595
980 2898
980 1664
573 1431
843 1153
980 475
980 1787
694 2624
2729 1892
290 2100
2969 738
2167 2887
57 303
1293 1943
980 968
1375 1632
980 1380
1497 2388
2643 2750
1740 1632
903 1672
196 2134
980 395
1275 2850
2803 1632
1699 2344
869 778
794 1499
2483 1369
2992 2217
2118 2160
2059 1980
1066 102
1300 1092
980 1203
115 1632
172 1179
955 1632
980 2932
305 1632
1994 1632
978 1650
1990 1647
980 1787
2569 407
1353 1632
2905 734
980 1642
1756 1632
471 1090
1913 962
1965 1943
659 1632
1106 2527
2707 2006
1075 1371
980 2075
2452 1875
1428 2180
1201 1632
2057 2245
2440 1160
2970 877
2786 741
1283 1632
972 1624
2335 840
515 763
2810 470
2222 1632
980 172
1617 1981
629 2281
250 1632
130 1797
2409 1632
1245 1150
1285 2661
266 1517
980 1346
980 1079
980 2437
2811 604
49 371
2871 1467
444 1632
793 165
1050 2614
2826 1306
2208 597
1854 1635
330 1632
1273 334
1672 1165
745 1561
1939 242
1494 1915
2401 2921
764 1632
1297 2570
1522 2469
2218 2718
2288 1251
1452 1632
1827 1632
191 2695
2292 1632
980 573
2566 652
611 1632
2946 2673
1485 1353
1971 1924
980 1907
434 538
2720 426
181 2450
457 1860
2414 2351
980 1061
2699 2476
1338 1254
1255 1632
302 2877
1213 1632
331 1580
2335 668
2365 2262
284 150
2620 191
239 2970
406 2993
699 1375
1133 1335
2854 365
774 2665
2303 1632
1623 739
2469 1632
980 2477
2990 2683
1863 1536
2020 1350
980 2261
348 1632
644 1536
1300 620
2997 1827
2690 2545
1033 1890
1323 2187
980 2299
780 1632
508 1632
980 109
2576 2489
2183 1856
595 1632
2768 2379
1079 726
1752 347
980 1944
1524 1632
2885 2241
1818 2016
2240 1632
858 2550
2358 1632
58 234
2710 1632
2101 1895
2088 1632
178 1495
2564 2491
2689 2521
1294 504
980 2221
980 981
980 1935
1124 1911
1291 1632
980 687
2986 1341
2823 1925
2487 1808
1484 2215
1189 941
2856 1654
2605 818
752 2506
2211 760
2771 2064
980 1024
1448 465
1309 1632
1535 1468
956 716
1892 1698
24 1852
903 2868
1764 1632
2904 702
980 1268
821 389
876 1723
980 1063
1902 2071
2074 216
2706 2002
1480 1632
1549 1632
1078 2436
657 1632
2592 1632
17 219
2649 1632
304 1982
853 1881
789 836
1256 2081
2618 2053
1319 1391
2715 1456
1241 2470
1498 1632
341 2324
437 485
174 2947
1677 375
2073 337
1641 2798
167 1632
1243 1632
1162 400
2352 1211
2578 2056
2800 239
980 660
1015 1632
1009 367
1394 634
980 2413
1398 1247
980 956
980 658
1360 1197
2311 605
1669 201
980 2183
1798 1632
2669 722
980 1191
2278 814
1688 1632
1247 1632
919 1282
980 2778
980 1221
1808 1632
2772 1632
2926 1632
1178 1319
39 1204
980 17
980 656
847 739
911 1255
819 2729
240 1632
2676 1632
674 1632
980 2783
980 1123
565 309
1272 258
2150 930
1462 1356
870 1418
980 1888
2064 2993
980 1190
1475 264
1449 1069
980 2261
980 2273
1694 2793
1599 1288
2517 2416
2487 561
1136 1632
441 2705
328 837
200 210
119 1207
2988 356
56 186
2485 1828
1155 1704
980 1584
557 587
1015 1632
980 1113
1839 1459
1895 1137
1925 1632
1887 1972
1184 826
1618 2752
276 2314
2638 1894
980 476
2839 2762
227 1632
2697 2408
1001 508
1585 2256
1923 671
564 539
2336 1697
986 1632
2427 1594
1999 1568
1129 2544
361 33
354 1632
980 1707
838 2406
1271 203
2033 1308
736 1632
1486 1632
1049 23
906 2468
980 1276
2061 1632
2959 1632
2421 2496
1038 2935
1393 412
1888 1383
2774 2213
1046 903
1659 2385
980 17
980 975
2489 861
980 842
1993 2735
2903 1632
1982 469
1060 1796
980 1145
2431 1632
1796 1303
283 214
980 541
499 2467
541 209
213 2945
1081 2206
814 1632
2015 2707
1008 1632
2851 762
416 2132
1381 2507
2671 2079
23 898
1102 1956
1890 1118
95 253
803 822
1673 1532
2721 1472
1434 1291
536 2816
826 386
1229 922
980 626
2144 1082
463 1417
2122 457
2110 2991
421 1632
768 196
2252 2331
620 690
2837 2470
2337 1475
1779 403
2108 1320
1562 2790
1340 2088
913 1632
980 825
1212 972
301 1632
1629 337
1932 1481
2448 729
2200 2987
980 2512
353 1613
1992 2223
2239 2755
1330 2301
781 1756
2255 1632
64 1632
514 1632
1281 536
1647 1632
1238 2666
2761 1632
1369 1171
1181 411
2472 1180
955 1632
1726 1295
1819 1015
2505 1632
2220 758
2088 1632
281 812
1703 1632
1748 1193
2748 1632
594 1312
192 1976
781 1259
1671 1632
980 1543
1866 1632
2753 2782
2562 2571
2422 2672
1670 1887
2809 1841
99 608
2148 1632
2522 1127
1028 1170
1789 166
2942 1632
676 1575
1327 1677
648 2246
980 511
112 854
1774 817
84 2528
283 2307
483 260
2903 1632
2714 1279
980 2889
2234 146
1817 2821
1781 1921
1465 1574
1302 1632
1700 1632
2462 1798
779 529
1796 1361
2312 57
552 641
810 1326
2813 80
109 1853
2956 533
1579 48
2298 2111
980 2582
1256 2461
2373 2354
980 2901
2542 473
2645 470
980 670
2042 2628
132 1632
2854 2422
2176 1766
2512 2551
223 2909
980 317
481 884
2217 2940
252 1632
2574 1512
1741 1000
618 1390
1447 1632
698 2520
2097 1958
327 1632
980 461
1072 2691
2383 67
161 267
1076 1515
980 1060
519 1632
1431 1258
2018 2488
2843 2839
791 2883
980 1733
980 979
503 2994
1152 2930
816 1903
1580 56
1237 2769
2331 1731
1747 1632
2571 1632
2327 449
537 2505
980 1686
2952 2172
980 2138
1925 1632
1945 1983
450 871
1762 1632
1663 1479
2530 2425
980 2678
2908 2557
980 1788
1847 2325
980 2046
1360 2649
2699 1966
2199 865
2748 1632
980 1775
1399 2666
980 2677
761 2237
1832 1882
1243 1632
2872 416
980 2925
2110 970
2517 361
324 1691
1810 41
1348 911
980 172
2680 1140
2509 1627
2115 1766
2613 2736
960 1632
990 1632
238 1637
980 1755
2280 1632
842 1010
2751 653
1715 2017
980 771
936 1857
494 2341
980 1737
980 1248
1223 1858
366 1632
93 2037
1552 1518
2931 1632
2446 78
1093 1237
980 1608
980 2113
933 1501
1919 547
980 2115
927 205
1217 1184
2226 2426
329 2676
2341 2259
1778 733
2348 1632
1287 2203
2034 1615
319 446
2413 471
1215 1139
1732 839
585 2415
346 2154
22 2425
980 1338
980 2457
1689 2184
2980 1632
2009 2511
1013 1135
1417 1632
1594 316
979 903
1493 2525
2823 902
2619 401
446 1001
2554 1632
2478 1108
980 1189
2075 530
980 2739
1278 1336
1870 1805
2583 1632
980 1874
2855 794
2089 2923
1699 1178
2700 26
2375 382
2204 691
980 1199
366 1632
980 2283
980 310
2573 815
2134 1632
1558 1632
2533 1632
2197 1101
1026 1626
1498 1632
133 1632
2131 35
980 728
1727 580
2214 930
980 86
1406 1632
1759 1632
2924 156
912 2453
757 2785
2598 441
1440 1632
1112 2049
1639 21
980 2122
2789 1632
1646 1632
891 1204
736 1632
1603 1633
2043 95
590 2334
980 1018
2657 261
1793 937
2794 2431
2085 294
1580 2164
2565 454
980 897
1637 1927
2754 2813
2844 1632
980 2640
170 1632
980 999
147 2246
994 1632
980 878
730 1632
1093 937
1263 1876
83 393
392 758
105 1681
2100 2565
980 769
1047 1358
976 2014
2563 1885
1036 1600
980 143
2798 2914
980 1619
627 206
2041 895
1465 567
2764 1632
684 479
1729 854
1045 1554
1852 2911
980 1874
91 2278
871 2660
546 206
2502 2817
384 2860
1020 175
980 2825
980 1191
1077 795
980 2638
980 2228
131 1710
2661 2005
44 1632
1326 1632
2135 557
420 2054
2559 2315
980 1104
980 2808
2525 505
2387 2780
2612 1632
640 835
91 563
508 1632
394 2158
922 2846
2524 2198
2928 2147
980 1367
381 2159
1223 1302
980 296
980 2485
2835 1648
980 1631
2359 1927
980 2811
2412 2313
2159 1632
1171 1105
2913 1116
599 1971
2687 1632
2827 1632
980 1864
1471 1632
471 131
2045 383
980 2851
2626 2637
247 668
1156 1786
476 613
629 763
2944 1261
737 1632
502 1632
1768 1632
1016 2692
322 2060
770 1632
1877 699
1769 1959
2661 2964
1185 1632
509 2868
980 1847
1397 1701
980 546
1815 1750
1958 1366
1012 1632
1630 783
702 1632
2407 1947
795 1055
70 1632
598 747
1206 951
1783 1632
2734 1471
2152 1779
1864 477
2114 2009
1122 343
2147 2753
1854 472
981 2394
980 975
2205 817
1143 1495
980 328
980 997
2536 1743
1964 1892
180 2691
980 1034
980 286
1174 517
788 1666
2411 560
980 2197
980 1395
2173 1632
129 1632
2628 625
652 988
1342 2250
747 1311
130 439
980 885
417 786
602 2766
1974 540
2890 1632
2493 227
502 1632
1186 2867
1249 1298
2242 1632
113 1632
2968 730
547 1151
768 606
461 450
635 1601
962 204
114 609
2207 2446
948 409
2765 1504
2689 810
1207 1632
69 1632
235 1027
2380 126
449 1632
2186 2124
582 1632
980 1386
1515 339
2199 1022
1386 2110
1014 2545
780 1632
980 271
468 262
980 2572
870 170
372 1826
924 1632
661 2873
980 2512
685 377
1377 1632
2822 2529
980 2884
980 743
980 476
1505 223
1614 1149
2596 2632
530 1116
980 1917
749 2281
1244 569
2043 1054
375 2844
292 1451
980 340
980 322
466 2329
1516 105
934 445
2142 765
672 2262
1801 424
980 792
1734 1632
1205 2690
980 300
980 2090
2989 37
2024 1632
2293 1753
2255 1632
1047 2173
1446 1657
980 586
991 2619
980 1644
1239 1632
581 1411
218 1225
980 1824
776 745
980 2862
1783 1632
980 749
1209 2959
2116 1233
1216 2636
1177 1632
408 1948
1564 2116
980 2225
2424 555
1972 329
2040 1632
1423 794
2608 595
980 2630
2230 2091
1501 1632
980 2412
365 2672
1444 1632
1216 1430
712 873
1210 1817
2712 1028
980 404
2569 2284
879 1981
1248 1542
1538 2738
947 2215
2884 2976
544 2445
2541 2938
1997 346
980 1907
2726 1768
1463 2723
980 920
980 1584
1340 2650
407 1154
1162 918
2915 1632
797 1632
980 58
1352 990
980 2380
551 638
738 1632
1624 1632
561 1632
980 848
1303 480
162 1351
980 2177
980 2381
35 1242
588 2212
2111 1478
142 2845
187 1875
2000 2682
1040 1423
2490 108
38 1942
2198 925
980 2167
2983 669
2413 101
980 2459
2449 1689
1896 2300
1908 1677
1577 2365
2793 2005
980 28
980 1709
1190 1918
1230 1433
980 15
980 785
1413 1165
980 437
203 1175
895 2703
2288 994
2153 517
1844 2642
1851 1784
166 1632
1165 2280
2762 75
980 1950
1374 1632
980 2228
980 1914
2539 513
1790 933
2733 2945
1405 806
1509 1919
514 1632
2374 1348
2300 283
1559 738
212 1632
379 2590
980 2702
834 1632
317 413
980 25
79 2989
525 2304
901 2992
980 495
2548 1632
2579 992
53 376
980 1781
2554 1632
1503 350
2001 381
10 2845
488 2679
62 483
692 1632
1044 1511
258 1390
224 2987
2984 1213
1094 806
1071 1632
114 2796
2044 1239
1355 1921
2756 1653
2212 1632
1941 122
980 385
2384 1991
1935 2449
226 1352
2526 1632
1085 1096
2499 1632
321 1632
658 1126
1377 1632
2273 1830
798 1282
51 1554
945 435
822 2018
533 1620
1565 320
1145 2059
778 1632
711 2991
2933 1832
38 1411
1069 1131
2816 1632
980 2138
2882 1683
980 304
81 1373
142 736
930 2092
980 684
367 532
980 543
980 2587
1274 1164
1531 2492
980 247
1615 2937
1311 2463
663 1632
2357 1632
1881 1964
1947 1632
1108 345
2021 2351
1808 1632
1721 2401
2018 308
171 1632
932 2596
1845 2692
2403 1696
1986 1465
1095 1272
778 1632
1871 2876
2547 1310
980 788
757 1934
806 1632
980 1914
515 1998
980 92
1104 287
980 2200
1905 390
980 148
1789 2554
2419 1632
811 1632
352 1632
1477 1632
61 1632
295 2114
980 546
2425 1328
2491 1632
240 1632
980 2841
1451 2731
389 1632
86 205
1574 1573
2169 2857
2314 2761
2285 796
754 1632
1812 1632
707 1632
318 2615
980 1034
2791 1632
1131 1632
2460 2505
2058 276
2185 32
399 1956
752 80
1602 2768
2716 2856
2049 1201
2668 241
1866 1632
2518 2481
980 2119
671 1962
980 788
2735 1632
2545 526
980 779
980 2805
2973 1632
2076 2175
1224 1632
299 187
1940 2442
980 34
786 1632
980 2119
2271 2649
354 1632
453 2422
2440 907
1716 2903
2333 446
1247 1632
651 1632
2308 2796
2740 2060
1474 306
1822 1632
980 2230
2402 1632
964 1632
1679 805
1401 1632
2650 1632
980 2020
828 1760
1910 2203
550 73
1325 1906
1086 2255
980 2638
610 2997
2592 1632
647 1641
863 2476
763 1629
1445 2697
1005 1632
824 1202
1724 2836
787 179
1231 2304
980 225
2142 2684
1832 1175
800 2322
418 1264
1529 1703
2004 1767
221 715
2537 2375
2232 2980
2202 279
139 971
251 2436
801 1807
932 2454
1092 431
980 4
1970 1641
450 1316
1042 1710
34 1655
1719 2772
1246 236
2826 1937
2465 1095
1577 587
850 1141
980 2143
2397 1632
722 2255
965 1360
2078 2329
501 1439
980 2276
980 4
2847 2518
2546 1885
2701 900
268 1459
99 1448
2884 719
665 1889
568 1632
671 1178
980 11
1554 1632
980 932
259 1632
1219 1632
2601 2032
688 1667
980 2424
1363 1632
2938 142
2781 117
2289 580
1064 1247
427 1756
980 943
1437 2093
1922 2238
980 928
980 1268
1683 425
2166 1764
2474 753
980 855
1607 1184
624 119
349 1632
146 129
1218 2169
25 2838
251 2303
2191 1632
2858 84
867 925
1926 126
2703 1632
1918 615
1565 874
1051 2965
980 2847
1286 2977
748 372
2676 1632
179 1632
2666 255
1024 2361
2361 2268
977 630
980 1855
980 272
411 2770
539 964
933 1525
613 1684
964 1632
1784 1430
2096 2915
1667 2643
2521 1326
980 1715
410 159
783 2833
260 2918
480 915
1380 2168
1317 398
582 1632
980 1473
267 1560
1640 1612
2476 617
2267 352
2083 2664
980 1458
1901 1632
1409 1
358 2045
980 1802
691 1859
935 1632
980 658
992 676
980 1713
1346 2716
1489 793
1001 2593
1960 1412
2165 1961
980 1210
2407 1697
980 2825
1589 2573
668 732
1035 1632
1039 2266
981 2861
2704 1632
1928 556
2080 1632
596 363
520 1905
2660 892
980 807
980 1658
513 2790
1600 134
980 1712
980 1656
190 1632
980 2907
1315 2445
980 1725
980 2151
980 1868
2888 1628
1123 2146
2241 1574
980 2698
1495 1066
336 1632
226 2955
1070 1632
739 2926
980 135
807 2367
1978 780
980 402
1258 418
996 210
2655 2377
2892 1632
980 2824
1547 1077
859 1632
965 2271
68 2047
1733 661
1726 1462
1028 1714
980 1916
296 891
641 1064
980 116
709 584
310 2089
1734 1632
2044 428
2032 1632
2544 1632
1700 1632
357 2312
254 2332
1353 1632
663 1632
980 2485
2184 2514
440 1049
2525 2700
2599 1632
477 176
980 341
2633 1769
588 2903
980 2253
1594 1486
1376 2633
2616 152
980 1974
1662 2651
980 1473
2343 1827
2083 2229
1342 166
980 1221
1628 664
52 1515
2219 1205
325 1632
677 1872
2654 1212
523 1632
980 581
1432 628
2711 2955
2790 1632
980 81
431 2386
2648 1118
2274 1529
183 982
980 2478
980 2714
2329 2212
567 1573
2649 1632
636 1632
1959 1632
407 114
2485 516
461 1552
1646 1632
1867 1879
1357 2019
1447 1632
1548 1848
242 525
1354 1632
87 2626
2464 97
2728 1632
1389 1632
1306 1632
980 2143
248 1632
522 2985
1101 1423
980 437
230 1632
1334 2701
2208 2533
1205 1014
2962 499
273 1632
10 786
2053 1632
548 693
2571 1632
980 1854
2763 18
980 1271
2250 1632
376 2730
205 2974
169 1130
2710 1632
2698 2106
908 1632
184 2357
856 995
173 1632
242 1231
368 2777
426 1455
2770 1632
917 811
13 2768
773 1075
852 2615
980 2258
2366 1632
2570 2703
966 2294
923 1632
980 443
2508 1344
1292 77
2008 1632
1837 1952
980 1332
1961 2458
1879 2318
1954 2439
2013 1632
202 1632
980 1939
2139 1719
573 1168
748 469
2636 1632
2098 783
623 553
249 137
1097 866
1529 1947
2874 2912
1898 221
1900 2656
85 2802
1442 191
980 1735
2943 2546
788 1307
1052 1103
980 948
2307 45
2896 1632
2588 2744
2126 1037
434 953
1634 318
527 893
158 2474
980 545
980 2622
705 651
2463 2920
980 1809
767 265
860 977
760 1632
1456 1490
871 1397
2159 1632
1728 1134
729 325
980 1380
2148 1632
2003 2489
2686 977
865 1632
1368 1745
980 921
950 2398
980 528
980 30
2151 243
127 870
1658 1801
1097 796
2007 434
980 2657
1023 1403
811 1632
136 1632
2133 288
980 1106
2272 1632
2191 1632
2207 1339
1158 1443
1495 291
616 1632
980 985
2275 1632
980 1338
637 2701
1074 1306
728 833
289 1305
634 1632
2432 1171
2248 1900
2930 1632
968 319
517 1632
1826 715
1976 1621
655 717
133 1632
980 2220
1482 1514
1746 2748
2976 724
1454 2594
2264 797
2011 850
1408 1004
1743 113
2153 233
957 2147
1358 1632
1851 1216
101 1090
2555 1632
470 1277
654 2178
2315 1632
989 1632
1723 3
2836 1632
132 1632
194 1632
1613 2354
1252 685
2948 2423
2103 1632
1375 1632
851 1894
2087 2591
433 1587
1356 2592
980 2733
1518 841
2114 141
1137 2592
2283 1122
1339 1070
980 1619
448 2364
732 772
2231 2435
59 2870
980 2831
293 2130
1399 1050
980 1266
1677 733
1050 212
2506 165
1984 421
953 1632
980 1939
2342 1650
2312 5
2404 1308
1226 163
391 2695
980 947
2319 1632
2216 1632
221 889
2705 1440
54 1632
2459 1424
980 1229
2195 887
2473 2323
2673 1632
1525 1632
1118 884
980 1081
1551 1624
48 869
2775 1878
2012 1689
1743 301
1592 646
219 872
554 1904
980 2252
722 2589
427 1153
1155 500
2772 1632
664 2510
718 562
332 2092
270 1292
980 2595
1285 2793
1237 1813
2746 1632
1759 1632
1912 1632
980 2522
980 1321
980 315
2060 2760
2575 486
638 1068
984 2430
394 1634
980 2363
2054 1455
1444 1632
277 2990
1950 2517
1771 1949
65 1632
277 217
1187 1632
980 1792
393 2965
980 842
2052 218
1821 429
1284 2275
978 681
1263 2575
553 2593
424 414
980 2500
2681 2037
697 2022
980 2881
2456 1512
2346 44
312 1632
18 1673
2955 1524
1655 2857
289 2818
1501 1632
2125 1632
1680 2826
980 2383
2317 744
2664 1987
2476 2112
669 79
684 1465
995 1066
1914 1088
1359 1032
155 2033
980 2074
980 997
980 310
2425 1762
980 2177
593 1075
980 2678
2163 1905
980 2067
2327 61
2851 1408
66 183
1170 2897
535 2264
2529 500
1409 2207
2798 2627
980 1864
2985 2231
2149 313
2192 63
980 43
814 1632
2147 410
335 487
1349 1853
2597 2062
2514 1632
1696 1259
1576 710
2006 244
1211 963
306 1632
1943 2433
2633 1456
928 1635
1362 1391
1099 1632
147 2432
980 2522
316 1632
76 753
2829 2912
593 2958
2316 2524
1875 1632
980 440
564 1990
2966 1632
980 801
2488 1632
1829 1632
2776 698
980 627
265 967
827 2036
1983 1439
2073 1786
347 2523
980 384
440 243
756 2539
2932 1404
2468 401
2746 1632
229 701
1314 1930
980 792
980 1006
2323 1265
1543 819
668 289
1221 1285
2246 53
1685 2110
331 1
2418 2781
2538 765
2103 1632
980 749
1490 1632
396 1602
2910 1410
1995 1632
1179 1467
1009 1708
2266 1169
2656 248
2658 2002
980 297
980 1059
2279 2161
1674 1632
1073 1309
1897 1177
944 370
2687 1632
1322 2927
373 1510
1450 1632
730 1632
2995 1869
2593 1632
2830 2402
2813 496
980 2438
1797 940
980 2549
1483 1632
222 2742
2071 2
790 2820
2227 1632
1657 2688
980 2886
1036 1840
633 246
1197 1632
980 1038
2387 1551
980 271
586 594
542 2905
734 913
2491 1632
152 2591
1491 207
1392 1296
2039 1632
2954 716
1110 2861
1949 2812
2305 2529
1968 1632
445 850
1713 2394
2824 680
1824 1903
1446 2164
980 1220
2294 248
1605 1632
703 1632
2408 1526
2603 2378
566 2938
1721 2536
1833 831
2757 2444
2324 507
1404 1565
1853 13
430 1688
572 1632
755 2453
1612 1632
489 1632
980 160
272 1505
295 1980
2665 2423
2403 781
2599 1632
231 409
765 2729
214 45
1532 1520
1380 396
432 954
2415 1632
665 336
1219 1632
2621 1672
2077 277
1955 564
974 2717
2223 1873
980 677
832 1208
455 2726
2250 1632
1272 618
1151 336
1692 1632
2482 1328
1541 230
1805 600
980 952
1752 2786
2465 1902
1452 1632
1811 234
1329 863
980 1792
2331 1345
2352 2239
562 1632
980 2204
980 914
70 1632
2111 2552
621 1632
980 829
2112 1632
2395 467
1670 1140
6 2303
980 1693
1539 1632
409 635
451 759
980 2144
1963 2130
1979 1434
491 1286
500 1632
980 1944
1794 2890
980 548
2783 59
48 1142
2747 1517
494 2899
614 1632
225 138
1468 593
980 979
454 1224
1254 1634
2059 2967
59 2269
1536 2497
1983 1852
338 2985
1030 1632
2888 2502
632 1099
2843 594
1534 2554
612 1632
1458 1728
980 2771
980 2708
2442 2966
2045 1476
325 1632
4 399
670 130
1665 2548
2338 1869
1056 675
1478 1632
803 1044
1276 1422
666 1632
1308 2700
980 1176
980 213
750 1502
2279 2009
246 1632
1391 1632
537 2947
2967 706
1748 2350
2929 740
1095 1825
2629 1714
1493 2639
425 1632
2293 2127
1091 2375
1059 169
1291 1632
2414 1348
2081 1632
451 1309
2662 2629
980 1229
1582 1343
980 402
436 531
458 1632
676 2039
545 1727
1138 270
1275 362
980 1287
2730 1632
2931 1632
980 447
1168 189
980 2020
2990 1256
2313 1128
726 1603
894 1632
949 2202
820 2973
759 1632
980 1818
980 767
980 298
2734 583
2596 2202
980 2928
577 2041
980 927
2518 1497
980 2326
409 2234
592 488
323 1765
1367 2567
2030 2788
1617 1640
2365 2028
1335 589
316 1632
2867 618
2370 982
208 1305
1856 1225
980 2438
1361 1836
980 2657
2390 1632
2643 333
538 1632
980 2254
980 2740
1066 1331
1357 292
2609 1223
1436 613
980 1896
1510 1162
980 1249
2631 603
980 2864
2345 1738
156 1632
1387 2384
980 1220
980 40
869 570
2617 1048
980 1553
776 2099
1290 1003
439 2004
1774 1763
1034 2515
1733 1872
980 2776
980 1503
1522 77
1899 1035
2542 1318
2559 2942
1134 2894
980 1016
719 1680
980 357
1039 1011
1206 1167
2606 1632
980 1986
980 1831
1812 1632
1607 2574
980 743
250 1632
397 869
41 204
556 1821
980 2076
2652 2919
1668 79
2725 154
1725 407
2796 1674
980 2925
449 1632
1684 2618
715 1632
1730 1461
980 1823
1858 1632
980 769
1692 1632
1072 2892
238 643
1972 1601
2941 1179
980 991
1464 2387
2325 2045
980 767
2619 845
980 670
980 848
2162 2668
282 181
558 2242
162 2479
2386 1632
980 2236
1569 1632
980 2335
1058 2406
2480 872
874 582
2605 2503
614 1632
980 656
1980 706
2939 1429
136 1632
568 1632
1267 965
484 112
1120 1632
714 1198
2503 460
16 2033
714 1812
2572 1021
2345 2371
385 2030
597 1632
356 393
462 2419
843 1196
980 1323
2861 1128
2381 803
980 304
13 973
262 1965
2580 1611
1635 2670
1467 940
2507 894
1705 1461
2023 1751
1570 2001
1132 267
1400 823
630 1632
2834 2066
1188 827
255 1632
2893 2676
1567 2712
2412 751
383 1296
1119 1257
980 647
1634 1474
2330 1880
2937 1185
980 1016
1761 2682
1751 2233
680 1965
322 1280
194 1632
902 1632
1005 1632
2228 477
1546 1207
1820 1632
2920 1632
1775 2084
2398 2013
980 2457
2516 1270
321 1632
980 2142
980 2740
980 1321
850 772
1419 1632
2637 1632
2731 1632
2695 156
1571 843
1415 2539
1654 2275
348 1632
1627 1632
518 133
746 2751
30 209
982 518
1597 190
382 1477
1052 1043
980 1349
875 95
2781 2274
980 2424
1573 1798
2034 1814
1768 1632
1405 814
1096 55
980 1610
874 916
1210 2654
1932 965
492 1632
980 2776
1934 1954
980 677
980 1110
1850 1359
758 1545
2277 2958
804 1267
2347 862
42 1632
1888 998
619 1632
2281 1629
1064 1447
1846 1779
436 1234
1800 2977
304 748
1321 945
177 1632
980 1809
980 220
563 428
1649 1559
2186 2027
2085 1760
220 2163
980 1837
613 1527
2556 1984
980 2895
2416 33
1455 895
1720 2944
893 1803
2501 1632
1370 2827
2095 1632
980 2293
1723 7
499 27
726 1025
1976 1912
1924 251
587 1078
2802 2590
2601 419
313 820
1603 20
402 891
1217 422
2650 1632
497 2684
917 2789
433 2633
2977 1632
1301 2312
1030 1632
980 456
1208 2562
2785 2341
642 2863
2216 1632
980 147
1929 1632
1427 865
581 748
1204 988
2350 390
1338 394
980 976
1709 1738
980 1847
2535 1632
1849 2906
2102 1860
806 1632
980 2805
980 2260
2918 1889
656 1918
770 1632
1573 1480
980 932
802 1632
1785 324
1084 1632
2690 1274
2444 1632
2181 150
1773 1632
271 1246
2022 282
1061 2900
116 1102
1502 908
980 697
186 1632
1459 1973
421 1632
1596 1900
980 709
759 1632
405 949
980 2737
980 2176
1578 831
2993 1318
2382 2685
2996 427
1977 229
970 537
359 1632
1941 1257
1695 1632
980 2483
2320 2775
1271 1832
134 1632
2143 1828
1955 507
884 1632
682 1726
980 2538
553 1201
1040 784
980 807
2901 1409
2080 1632
2774 269
1801 2456
1687 713
809 242
980 1576
980 1544
713 173
980 1975
980 82
673 1632
980 1835
260 665
1513 1632
2141 237
2036 1632
149 2430
77 1632
1105 88
1063 2248
1222 1810
1011 2597
2549 1721
2426 1632
980 2369
1680 1716
2428 1632
901 1565
1649 2969
980 1761
1323 2756
1644 1955
1587 90
2171 2266
980 1845
232 1566
980 340
764 1632
980 2576
1850 2448
2105 1632
1090 1559
1106 2558
657 1632
215 2969
1747 1632
980 2389
1992 218
2287 542
1754 463
1312 2192
417 839
77 1632
389 1632
2856 1719
415 1342
2512 188
2955 616
973 1625
946 718
278 1654
980 1523
2066 1365
2824 39
61 1632
675 1632
438 1452
487 2025
2303 1632
1026 808
2678 2289
2679 120
995 1987
1175 1150
980 1333
980 1926
800 2484
2788 2588
2343 2379
332 1047
2336 69
200 1530
2588 916
1755 2163
85 199
2612 1632
980 2383
2304 111
980 2257
151 351
2206 2609
2466 2080
71 2973
1873 73
2187 256
1511 308
397 938
1988 2665
1657 1759
1029 1632
980 2622
1203 1379
2294 859
87 951
1883 2765
820 273
980 548
176 1546
2954 551
2496 1506
1745 1258
2961 2490
443 2567
2324 83
1295 984
980 720
980 723
1561 537
1569 1632
2249 1215
1059 2775
980 1717
849 1481
980 511
1058 2934
1184 2356
2809 1485
1880 1632
2647 2667
980 2763
881 2654
943 128
333 362
1349 396
1475 2229
2881 1552
2594 1418
2067 1666
2094 643
1379 535
980 2625
1749 1479
1681 2125
2714 2874
2238 1632
2265 2913
2778 1041
980 1210
2978 417
1742 2498
673 1632
2354 1501
244 1632
980 2165
1644 551
833 1859
962 1665
2623 637
980 1058
2770 1632
1588 2107
1915 12
980 1931
980 1664
2372 2909
660 534
1890 481
980 1831
2355 1632
1880 1632
490 2490
987 798
1439 2111
2126 1005
796 917
2637 1632
707 1632
559 2696
980 1630
1125 746
980 1148
256 2647
549 1632
980 2219
1732 2850
52 1496
1882 565
1614 2882
2150 1623
2304 834
889 1632
980 395
2490 822
980 2074
1196 1632
1799 987
364 2888
2076 249
1257 1632
2926 1632
1214 498
9 1979
2982 1930
2902 1571
2428 1632
347 741
980 2162
94 2117
2210 1493
1115 1632
1461 2160
980 47
1948 349
1412 2055
980 1232
728 691
1830 640
560 2463
2641 2280
393 1144
1337 1030
980 1287
2747 1723
2393 571
2515 1181
486 2899
1526 2869
2951 1897
1835 323
783 2745
2236 2575
583 1632
1135 1632
980 688
980 155
181 2292
675 1632
2249 1877
980 94
1077 1966
2864 1267
818 2174
1091 1253
700 2894
603 185
980 524
1993 2355
2360 1583
2046 2367
1717 1300
1550 348
1045 1525
2696 2234
643 1833
349 1632
1245 625
980 2067
2645 217
2020 178
980 1218
1261 1746
980 1992
219 645
2800 791
2864 436
1663 2995
980 2218
456 501
54 1632
1131 1632
1240 1054
958 2024
980 232
420 426
989 1632
2120 1813
980 1582
2805 1246
2577 1632
980 576
2455 1912
1468 773
126 2403
422 2356
2357 1632
2836 1632
904 301
1661 1632
1815 1671
1797 2004
2670 1681
980 2306
557 1924
2970 35
1067 1047
940 2103
2940 1632
2369 2249
980 766
2909 1901
2041 713
883 649
1638 2614
980 687
298 2325
1392 2836
2057 1399
980 2190
980 2858
2784 61
1144 1632
2231 611
2805 873
122 1632
1827 1632
1139 194
1891 1632
980 2098
2849 2533
2242 1632
954 438
980 607
2058 439
988 2402
920 2922
2659 1632
546 2059
323 2686
980 694
1341 2086
980 2652
1296 1632
1937 1632
1041 1052
1889 1632
980 545
980 341
2435 1632
1200 1632
2063 1336
980 94
1737 584
1142 2129
2693 1843
185 2013
2451 2753
2035 1500
1555 2043
1322 481
1810 962
2466 2250
2761 1632
2511 1632
799 2025
2897 1632
2735 1632
2438 1091
2339 1618
1637 1578
261 2416
2225 2291
1549 1632
1823 983
498 883
1295 149
2417 170
1137 2694
980 1686
985 1997
980 2205
2202 2984
1633 1117
1610 849
1438 1632
2718 2279
2368 2546
196 64
2415 1632
980 1592
980 2077
2241 1877
725 1562
620 1791
821 316
447 2877
504 2397
1083 1382
2547 2997
980 25
1376 2715
980 162
1539 1632
111 1632
1957 451
1652 1632
1744 1632
2079 2869
980 591
2587 945
1254 992
2376 1863
2755 2734
1325 2534
1 1339
2666 212
801 1728
980 2393
1611 1632
1169 2031
651 1632
1685 1021
602 2517
872 2719
1782 2673
2979 276
1443 1632
1885 1632
2285 2082
980 464
1510 275
980 650
980 2881
2442 1691
2799 2944
841 892
2072 590
1367 2871
2050 1751
469 1826
1824 1114
1282 2193
29 2421
849 2693
980 442
980 559
2107 1335
1326 1632
980 2265
980 2595
2099 1228
1200 1632
143 1468
2002 2264
1120 1632
1517 2269
1604 2023
907 2722
980 2369
2882 1724
2504 2497
980 1019
1453 1632
795 1866
569 2745
1414 2507
980 1124
980 2759
2461 1632
2866 1522
234 2530
689 1583
980 28
1160 1556
980 1960
336 1632
94 2834
980 689
1595 1632
980 1986
1647 1632
980 2263
980 2779
1178 1636
26 1632
284 744
1037 1632
1666 1590
2090 1530
355 1632
2344 1636
1876 494
1128 2784
935 1632
1350 879
1260 2382
2264 2589
980 405
587 2028
2281 2073
930 1519
1266 849
2964 521
980 464
2372 1915
1385 1780
2688 1632
980 2478
2894 929
944 2671
980 1548
909 2285
1202 1829
980 274
635 683
838 331
1800 2688
980 2185
1705 974
980 1161
2123 1722
2445 1632
2914 1703
1893 2286
980 302
980 2000
2741 2120
2284 114
689 2902
1620 2564
709 1721
206 2967
2439 1632
980 881
1693 2206
918 1632
1102 1497
2467 2201
125 1387
2477 2021
896 2096
2509 2560
2203 2723
2514 1632
1290 2746
1668 1240
2292 1632
980 453
190 1632
777 1632
882 72
1441 2302
330 1632
1896 1913
1287 1463
980 626
710 1494
596 1166
561 1632
1654 2772
2828 520
496 674
2611 637
980 2225
1267 1234
2985 984
980 816
2206 1147
1601 327
1969 2195
2920 1632
1920 1632
73 659
1388 2588
1666 2182
2445 1632
2221 121
2400 1632
2188 228
2651 1632
1590 482
563 1820
441 632
1780 1632
691 761
2239 222
1369 640
1629 76
2632 2984
2927 673
2733 1402
1136 1632
2397 1632
1838 1632
980 2075
1938 2184
2703 1632
1542 672
910 1632
2422 192
1400 2662
1149 1724
1497 2586
507 539
915 1632
486 735
1034 608
1652 1632
980 2828
1132 2810
551 564
731 1256
1921 879
2974 1169
1006 399
1504 1315
2023 518
2960 2667
1508 1502
993 1587
980 197
72 44
1429 366
1154 2879
2502 554
79 2211
1719 1773
2536 904
952 1285
1985 2651
1309 1632
1083 864
63 1632
1211 222
2112 1632
1889 1632
239 2131
2137 366
1511 1660
126 681
980 2360
2919 1130
1528 1632
2543 13
2326 2309
2006 754
1330 2396
980 559
590 1416
2257 98
179 1632
2056 1632
2138 2414
931 1632
2227 1632
34 1192
1426 2368
1991 1632
2736 1632
2263 791
980 1248
1070 1632
65 1632
1508 1772
1518 1815
980 16
980 1349
980 968
1461 2717
701 1366
661 299
1172 1005
2904 1008
269 1632
980 387
2468 2975
980 688
1080 2317
1351 293
1818 1667
980 2352
2762 2051
1770 2710
1722 1651
2212 1632
980 2441
1420 423
2344 1173
2945 882
233 1632
2787 1476
589 359
1840 134
143 2891
980 1540
1213 1632
2817 1904
2065 1632
980 800
740 1632
150 1394
241 787
488 866
1319 1002
2589 1632
1023 901
1756 1632
1913 679
980 1663
2665 2880
2765 2513
167 1632
1600 2791
1544 2101
1643 1632
2894 931
980 1977
1413 2641
2054 1297
2075 2913
980 1368
460 2194
2246 1963
2713 1632
980 2983
22 2482
2704 1632
1725 685
980 2698
491 1800
521 1632
1472 2734
2194 2390
189 2104
980 224
893 1043
980 200
182 514
2157 1632
2556 1662
980 1509
980 2884
1945 24
470 633
1989 1632
2818 1563
2064 2542
310 857
258 1740
589 64
841 1671
980 728
1055 1632
255 1632
2256 969
351 431
504 2957
1395 574
1140 2362
1175 565
980 2320
980 1588
2833 2063
1960 2971
1973 1632
1296 1632
2845 1632
1505 1454
980 2135
2421 2792
980 1659
2582 1127
980 2720
980 490
980 99
980 1946
2129 1632
1035 1632
742 2514
1701 1632
2782 2606
980 2165
117 1529
980 1523
1253 382
2007 1922
1574 2462
2307 1444
2454 377
1294 942
2531 2617
980 2808
1025 1897
1780 1632
924 1632
799 1094
929 1632
536 1053
2982 596
2636 1632
236 2613
649 2930
980 885
2865 57
1755 2756
153 549
567 71
2844 1632
887 2972
2812 1734
1304 1632
2742 583
1837 1555
2769 1819
980 1507
97 2939
2788 430
835 177
980 160
598 9
980 2933
1445 662
1350 1457
1998 158
2277 1026
2443 2410
980 46
1504 2521
1678 2339
1157 1039
941 547
980 1705
2738 208
718 1135
980 1276
1069 1438
2209 2972
2742 1389
1298 2663
1583 1571
867 2584
695 346
2359 2929
980 2885
1042 2455
2638 238
980 785
1388 874
2634 106
1793 2285
980 1538
1834 388
1408 1297
2552 1632
854 707
2467 1783
1450 1632
1740 1632
2225 85
615 2104
980 897
1778 2757
2721 2755
2791 1632
980 1093
724 2826
980 298
2348 1632
771 1122
2862 238
980 804
1766 1344
1329 2699
1383 1504
2484 1009
337 1498
2013 1632
111 1632
2821 1511
2622 2874
20 953
2259 1632
980 1690
110 2970
740 1632
429 2419
645 686
37 1632
677 2411
1602 2343
195 1632
2243 2952
1118 2791
790 867
1407 2353
140 2032
2647 1920
72 2646
2270 311
35 70
249 1518
1456 619
2749 54
605 1414
211 624
1279 466
1062 1392
457 641
1480 1632
112 2823
1121 1632
2977 1632
980 1263
2739 2697
2871 1669
866 917
2060 2809
952 1694
340 1412
2008 1632
367 1136
2049 1262
1877 2462
980 1923
2958 808
213 478
2507 2728
1312 2921
1763 68
2496 894
529 2872
2917 1632
2056 1632
1686 2124
2302 75
2878 2334
1570 2986
1435 3
705 115
1715 747
2523 1632
980 2737
1166 177
2301 887
1127 1613
1675 1800
2874 466
2581 924
124 195
1731 2336
306 1632
2033 2525
168 1632
1161 2084
119 2926
878 1718
2994 912
980 629
980 878
888 1324
980 1693
1980 141
980 1148
16 1493
2065 1632
2827 1632
2154 1762
1702 1381
1233 2384
2510 1632
828 368
1344 1591
980 118
789 1566
2975 880
357 751
375 2321
980 1157
980 1132
207 1084
980 31
914 2971
1051 240
1571 1056
980 225
1916 1521
575 1632
1656 1083
2966 1632
51 2735
1173 2366
1575 1632
980 1236
2305 1310
1474 2039
518 2233
2399 2751
1160 883
1430 1632
524 1722
980 2316
1359 729
980 2681
2816 1632
980 776
78 1632
980 161
690 1012
314 880
118 1726
877 519
571 1898
384 671
980 2283
2673 1632
980 2257
1229 1194
1606 1314
704 183
123 1013
1341 14
129 1632
1691 1632
980 2953
2106 2038
2254 1771
2189 1632
980 1917
182 2024
2448 1420
980 34
1236 907
2997 575
1962 1319
2163 1653
980 2418
392 1049
1410 950
2364 245
980 2254
980 1236
980 1107
1250 2282
2744 1632
1496 750
1886 1205
67 1067
459 2780
2853 2968
53 1105
2230 1357
713 2896
2615 1632
2939 2580
641 1398
1901 1632
2553 1632
980 2098
2178 1632
313 71
115 1632
1593 1744
980 81
474 1632
929 1632
2769 1941
1328 1632
607 2600
2780 692
980 1061
980 96
980 1996
1212 1551
2155 2058
980 1855
2382 707
829 756
1836 2980
2764 1632
2492 931
1180 1037
2873 187
2777 1632
852 1471
2987 2136
1904 1632
1364 1632
209 314
2029 1632
2948 2556
681 1696
272 727
1642 2902
753 1632
880 2095
2876 1632
2449 1938
1310 1539
980 682
980 1110
530 8
782 1094
2722 2823
762 1004
2616 2087
1638 775
311 2646
141 2511
1478 1632
2172 2153
1805 1929
1411 1940
1653 124
980 1368
878 837
2493 2748
980 2210
980 2540
1884 1632
168 1632
1874 2838
1233 1141
90 2053
980 804
738 1632
482 1891
495 1850
2880 1985
980 943
2740 1424
940 1374
2879 2189
2667 1632
1419 1632
2523 1632
43 1516
839 1632
967 735
1806 2480
2152 1683
980 2640
2306 18
446 1183
1626 1632
1483 1632
2627 2917
302 2558
1104 229
1995 1632
2603 2071
980 1567
980 2219
786 1632
980 723
2510 1632
980 96
1130 1337
1141 960
840 208
1007 1419
406 1261
2546 1700
980 2623
2628 235
2184 2510
1010 752
1239 1632
1156 1032
980 1301
58 695
2895 2718
2093 1228
335 863
1492 1632
415 2466
1187 1632
1146 1438
195 1632
1618 1661
1479 2085
2655 1206
2534 215
720 1194
1260 1362
47 433
2779 856
2732 1632
980 1854
2754 1014
980 1125
2663 1275
1971 1421
1135 1632
2458 1640
1772 2400
980 1608
1536 777
669 370
622 1890
2404 1421
2756 2758
1189 483
2477 1227
1878 1337
2434 2929
1860 473
2261 1810
618 2272
2469 1632
2919 1215
980 2569
2737 522
505 2704
980 2311
1235 2042
2410 1973
921 2324
2156 1131
320 2526
1226 154
980 1145
984 2435
1509 941
1011 2429
1968 1632
527 493
2889 1163
246 1632
1384 2813
377 2578
2825 1163
980 2681
905 417
2325 1062
1116 2297
980 2819
2906 1858
1636 2366
2808 566
2193 1632
2780 2577
2346 1764
2127 2359
468 680
2162 1589
855 1279
1996 2057
390 2178
2471 1401
1085 1089
2801 529
2862 2094
899 140
343 1420
1460 2247
1609 2126
268 2410
1765 714
2741 1237
980 2123
1538 840
2211 2803
980 1063
980 1663
2116 1387
2563 929
1712 2480
1988 2948
103 2158
754 1632
2122 552
2182 2837
2362 329
980 1737
1662 421
2551 379
2367 144
2328 1632
1515 1508
159 1661
1630 569
1918 378
2631 950
980 263
696 1632
1934 2794
980 2135
1366 663
808 1632
2217 2526
980 2287
1758 198
2908 151
2091 2458
360 1742
2783 188
910 1632
2847 2541
1707 478
1107 2579
1382 2946
2962 2139
1534 2353
2457 2146
2233 1632
827 675
2677 2891
980 1730
1973 1632
1176 2447
943 1433
980 38
980 838
120 2499
794 54
2282 1397
980 2186
2849 1084
73 802
886 1572
980 2733
862 1632
974 226
286 1040
1098 919
1337 194
1318 1120
1139 1569
980 2747
980 364
328 983
2728 1632
897 2338
2296 192
294 797
210 2050
2859 51
141 2358
2270 72
28 1031
679 1665
2289 2207
2896 1632
2777 1632
2595 746
482 307
1817 1044
428 1632
1592 1867
980 1774
47 993
2669 1086
980 2854
1857 74
1771 1303
1588 1133
2068 787
2340 889
980 1811
1363 1632
1173 1035
1900 2964
980 2260
2494 1632
1643 1632
980 2500
1111 2450
2385 2866
293 411
1268 484
472 2670
2447 1432
980 475
980 1161
2679 2137
674 1632
1938 742
980 2221
716 638
2405 2107
1457 291
481 673
1384 752
371 1842
2090 2106
1439 2911
1858 1632
1299 1789
2664 1978
263 67
2222 1632
2535 1632
1057 123
980 1325
1195 2488
2580 1700
1199 319
980 704
2712 708
617 1632
2326 2101
579 1632
980 1592
980 789
1695 1632
2584 2065
1651 1111
1701 1632
2909 12
937 2082
1651 2194
1660 1632
493 589
934 2011
980 2625
2197 1040
2881 249
456 1983
969 1968
146 1053
2767 1129
27 2201
459 1284
1140 1972
2953 727
2232 1968
980 1023
980 2933
2086 1632
276 2950
2140 1632
678 1632
1749 1379
2635 1275
2705 1099
1714 2727
2069 284
14 1632
2169 1711
1816 1776
980 2572
74 1354
1910 138
1381 2496
1503 2180
11 1516
908 1632
1958 1593
703 1632
2130 2770
477 2873
2158 852
966 2656
980 1960
980 1020
110 2377
2460 2561
1193 654
1152 902
2543 896
2758 2960
2243 1867
352 1632
2838 2882
702 1632
1032 890
1761 655
2758 2487
2040 1632
619 1632
1586 111
1848 700
980 263
980 2963
1286 1363
1180 444
1599 2613
154 259
2282 1158
1090 858
980 2076
2606 1632
698 283
2913 860
831 1632
1080 373
980 220
2388 2553
1855 1742
1908 1778
980 447
980 1720
2192 696
980 2858
2935 847
980 1709
1487 1752
2737 338
1738 1294
2718 342
2597 1483
980 1548
2301 1425
506 1632
1110 2313
2614 1632
1244 2617
980 1182
320 582
980 1977
1930 1274
980 1266
2890 1632
859 1632
980 1458
1961 1617
2251 2725
980 528
1596 2661
2927 167
1981 1612
2017 1311
980 689
1293 2830
2355 1632
980 1058
980 1445
2587 374
650 757
762 830
1823 335
2196 504
2158 318
14 1632
1915 1920
876 1435
1489 2506
1739 2585
189 418
2684 2951
2698 2094
1557 1632
46 110
544 133
2433 1632
1868 1969
1671 1632
758 2822
700 2563
980 392
1612 1632
1078 458
353 1790
980 1218
387 1289
599 2404
1870 1933
472 105
1616 2650
925 1396
1355 1961
170 1632
980 1176
2039 1632
2923 2332
2128 1632
1744 1632
980 443
2180 1951
101 1649
2424 285
2071 2806
2738 2835
980 2337
2668 2068
184 2129
2053 1632
2104 1880
857 254
980 1685
2322 2833
1190 1448
2113 2034
959 1243
2980 1632
257 2355
980 2907
1664 1114
2825 998
1519 252
890 1632
2035 2010
2946 2191
2130 2730
1157 2171
2646 1632
980 213
2561 1632
1947 1632
308 1632
1479 828
980 461
1105 2157
2877 2443
1621 1632
2886 2607
2381 1817
2170 348
2234 683
2994 755
1470 2432
980 1024
2447 21
2743 2061
1425 2088
1626 1632
2172 1174
787 233
837 799
1835 2244
2113 522
980 1581
723 2598
1533 1238
1225 2126
980 1845
880 572
1791 1012
980 601
84 2859
2151 642
1241 2560
687 1577
2409 1632
2858 509
616 1632
2829 1680
634 1632
1979 2797
856 2664
1336 1632
2370 2513
2268 2340
980 1567
154 136
2750 403
2091 2019
2804 1989
2004 1374
980 926
980 2680
1619 2596
980 909
334 1632
144 2786
980 2273
1261 2493
1390 1632
851 2127
611 1632
848 2057
2642 2787
1320 167
2337 1088
980 497
1903 2978
1616 1242
2725 2641
2978 10
31 2097
2979 2298
2429 2031
617 1632
2410 1994
980 468
2974 2602
697 145
1926 978
134 1632
186 1632
1154 609
1584 1736
1133 768
2362 2893
980 1670
2097 1785
33 859
1065 1632
1853 1602
1736 2108
509 2859
343 2924
954 1597
980 1460
835 88
680 1293
980 290
1269 1632
980 1107
1471 1632
1553 2447
692 1632
1520 1632
533 2339
980 1883
980 1507
1259 1632
980 1610
980 928
82 2244
980 2405
877 70
1921 1617
784 795
2632 2578
980 1886
980 1038
2430 1632
2406 1446
685 1154
980 2932
2434 2466
980 2186
980 957
1289 1062
980 598
921 2988
980 1862
1201 1632
621 1632
1202 1243
1199 2712
280 1492
980 1182
1691 1632
1991 1632
1711 2346
980 1844
2808 2541
980 1799
1333 2935
208 2310
1249 2224
2333 623
543 1217
237 2029
2868 1993
2268 2893
942 2957
980 147
980 1445
286 1031
1488 2209
2991 2460
579 1632
104 2896
1368 1431
980 1203
2683 2461
2667 1632
412 1558
2051 1695
1126 1454
207 1989
2238 1632
2767 347
6 26
2046 1487
1816 1172
2877 268
980 1935
33 678
1987 102
879 1209
278 1284
1650 2601
1124 32
2702 2655
777 1632
8 585
785 2551
1516 2121
1948 2315
60 550
1585 1361
824 959
183 2023
2175 1009
1563 1632
2790 1632
1579 2121
765 1870
866 120
1936 1442
2806 1740
653 2494
1931 2064
980 1868
308 1632
1435 1949
2431 1632
1567 823
188 379
137 1708
631 2105
1537 1632
1840 132
918 1632
1704 1632
2297 630
1082 1651
980 66
2578 2040
1113 2706
1122 391
980 1109
1528 1632
812 2426
346 1286
2136 1146
744 275
2351 821
1422 68
1062 383
980 2652
267 2364
88 1632
1404 1388
2527 1839
2558 1839
290 1280
2820 718
1611 1632
980 2190
1521 1085
734 2636
2322 1622
350 1951
980 1123
980 328
2349 354
627 857
1564 2011
2719 1200
376 2157
1191 2187
2727 1632
825 669
1169 667
1235 203
1280 1865
199 163
2051 63
980 2320
2470 1632
1642 2887
865 1632
883 734
829 1415
646 2866
32 2724
1730 2118
1729 2382
2624 761
2792 1506
1566 2368
980 2464
980 2961
1998 2604
1457 1209
980 591
2964 168
2430 1632
990 1632
980 1811
980 2077
980 2326
1839 1290
1698 1632
404 1091
2958 1371
2950 1478
973 2501
980 2610
430 2744
2038 198
980 1503
1869 2904
163 1401
2482 1621
980 1707
2500 97
2086 1632
2019 1451
961 2493
711 1491
216 1260
1082 282
327 1632
29 861
1171 835
980 952
1421 6
1648 2227
980 2236
172 2871
2921 113
813 1702
980 1466
980 2779
2755 2742
609 2128
980 2185
2600 896
667 1632
2910 1570
2831 1186
523 1632
2102 2542
2443 958
545 2289
791 2131
2989 760
2852 1632
980 1081
597 1632
1661 1632
1676 834
2386 1632
2625 1579
15 1607
390 195
980 2801
2889 2030
2933 1514
1923 1699
2607 1790
1087 112
403 1632
1491 2804
640 1166
772 1563
1601 1071
1764 1632
980 2413
2120 830
2921 696
624 1546
2157 1632
1975 1521
980 30
92 2848
793 636
164 2288
273 1632
980 1576
980 1685
805 2846
1760 2348
2201 1632
2498 50
926 936
1753 2434
1563 1632
980 1837
2594 1901
2136 1069
1441 2762
1327 2565
2188 2467
937 2769
2878 2008
1894 1637
2334 1632
2685 1632
103 1472
1101 2855
980 2253
2806 1450
980 515
1251 1632
513 1520
516 645
980 2123
2869 1632
1897 1557
2390 1632
980 315
1917 284
1665 1822
1073 1262
2141 311
100 1632
612 1632
980 1630
659 1632
809 2290
2576 29
1636 1002
175 176
1773 1632
2617 2344
1099 1632
2012 1628
2321 1632
2245 1050
1012 1632
2297 1419
28 1547
2235 1632
2177 178
2621 1413
1365 132
20 1117
2659 1632
980 1788
980 1023
1054 2803
633 568
2520 1398
2694 1632
1432 2608
1937 1632
157 174
2591 1632
980 774
1533 1052
2634 1734
1828 89
2842 1528
2479 293
980 1157
980 1019
980 934
2863 2349
1017 14
2229 1978
1946 1668
642 2078
980 1893
980 440
980 200
465 371
2585 603
1149 1392
1735 484
980 1428
846 139
980 231
506 1632
2753 2559
1622 367
980 909
980 2183
980 1460
2553 1632
2321 1632
980 2276
980 2391
980 1132
980 297
1530 2038
980 2243
1762 1632
1436 9
980 2142
1907 833
983 799
2730 1632
2099 157
836 2939
947 2109
2330 770
458 1632
1371 1632
1429 1611
510 1513
572 1632
1331 1632
1204 2830
1970 2247
980 2345
2675 1429
980 2230
388 1317
2339 159
980 82
2105 1632
1519 2555
1067 2814
980 2155
437 790
980 1367
1911 408
2203 1112
49 510
891 652
414 1549
2839 1313
1894 2359
1658 2795
2534 2136
319 708
517 1632
699 1569
2678 1409
89 686
980 36
1777 2195
2296 22
2323 612
1362 2685
993 1527
2108 2927
2021 2427
2235 1632
80 674
1307 1590
2379 1632
980 2778
326 1534
464 98
2648 1600
1203 2706
1251 1632
475 1555
1688 1632
980 1749
165 1632
369 1632
2194 305
1799 193
1788 1057
980 1988
2674 2401
980 1806
1087 2722
845 2849
951 2535
2715 512
980 93
78 1632
980 2299
68 631
1371 1632
631 2764
988 1626
259 1632
2814 1358
41 2904
173 1632
980 1323
2528 1045
37 1632
2901 331
2794 2439
980 86
2618 923
145 422
191 2562
1924 1078
823 2629
2101 1378
980 1355
2722 1152
2393 1982
980 774
1311 1434
439 2314
980 2412
601 1383
1545 1155
980 2046
980 801
980 1945
2757 579
137 1815
696 1632
1164 1632
1143 995
2807 479
980 1232
980 2210
1280 2809
2031 1632
980 92
2609 2906
775 1632
836 2943
1032 325
724 1074
187 1416
2028 458
1076 2527
2891 773
1628 2817
1575 1632
1694 768
2602 730
2368 2563
2539 1532
1117 1632
927 2171
1751 1829
2944 961
2354 273
1898 2340
639 597
847 119
1402 2141
1484 1211
1682 1494
2538 819
873 899
176 2452
531 1794
980 1582
2688 1632
148 1441
1720 374
2308 653
980 364
751 2048
980 2953
2280 1632
36 1327
1526 444
2328 1632
2161 1486
2391 2214
2751 429
56 1070
987 397
2779 2083
980 586
1802 1801
1949 480
1591 312
210 824
1443 1632
2653 2448
1667 1846
2298 2950
2287 1861
243 2863
2586 2852
1540 856
959 1304
1825 2806
1021 970
2736 1632
980 2531
2048 2327
125 1687
591 1533
2134 1632
1003 1632
980 1540
2567 1011
1527 90
1215 699
980 599
2363 2607
2047 666
1008 1632
712 2342
980 697
1809 2952
169 1878
1712 219
2077 2645
1403 2174
958 1994
1806 2014
2641 259
980 15
2394 226
1584 1033
2475 1499
199 2471
2489 2141
1975 2848
1514 1882
1641 2274
1697 1632
1530 824
1332 1217
1007 171
2384 2936
198 1406
980 573
2037 1752
1681 2357
594 1313
1273 770
1537 1632
1550 2727
2284 2308
2055 235
980 720
980 387
1540 1143
639 2095
2401 1743
902 1632
81 2251
980 2000
1496 1508
1779 2240
2089 1620
1421 251
1477 1632
105 184
2263 413
1710 2222
1020 211
666 1632
69 1632
2804 2561
448 1188
2396 1425
1608 2962
969 2125
303 449
1279 2078
1798 1632
1068 1647
1442 1208
687 557
522 1615
496 526
405 2376
2951 1933
2960 561
733 579
710 256
2850 1632
578 1639
2146 2387
980 948
541 2709
980 2464
2458 2395
980 543
1395 432
1262 1632
2079 1528
980 143
2600 2302
980 2910
980 1679
2265 1598
1520 1632
175 624
1847 358
1109 2566
2992 320
980 927
2932 901
2109 236
66 1604
817 2070
177 1632
784 2749
741 1632
980 385
381 2086
570 1632
980 2807
128 2880
980 957
1787 2754
980 2363
2371 2853
2568 1632
253 1632
1560 633
2420 326
2969 1065
2675 2137
931 1632
980 1222
2314 1767
2530 2154
2924 2319
2003 1402
721 1609
2504 663
1494 2647
1964 912
1378 1356
2135 1971
2273 2982
1831 1422
507 1051
2146 459
980 1230
980 2763
1706 2073
2555 1632
1000 2940
2179 2428
980 1733
1414 416
2646 1632
875 1129
296 2566
980 647
980 682
743 805
2283 2620
285 278
808 1632
1737 2034
1096 908
900 659
1953 2785
317 1330
653 1674
723 1969
1292 2132
980 1931
980 2265
2316 432
1673 2726
1343 731
980 266
1043 2659
980 1581
1802 2027
1625 1632
493 1803
742 2272
980 2720
980 1799
980 31
153 1353
2945 2270
528 103
1874 2016
2092 2173
892 1632
980 789
980 2680
980 1333
241 2153
980 1018
198 1304
1856 1609
40 2479
1766 2855
1833 1406
1150 2931
108 705
1029 1632
1424 2760
980 1484
2291 199
2834 1036
2411 2072
2608 2295
980 1970
834 1632
520 2350
2957 1632
309 1632
980 1437
1238 1103
2674 1312
980 2437
643 1578
2373 820
622 2648
1814 904
201 2103
1985 1251
19 2639
980 1896
2483 1830
1331 1632
373 2498
498 2905
980 2380
1428 726
2233 1632
32 725
2522 2149
98 2133
248 1632
152 1027
980 576
980 404
913 1632
1144 1632
1416 1632
2995 828
1481 1360
1676 1575
234 22
1966 2112
452 1632
772 960
980 266
2552 1632
1633 1177
2418 2949
2620 391
1089 2713
1324 1632
1738 2196
980 2465
2181 1432
1989 1632
2010 958
898 1704
980 602
2818 2148
584 1814
2898 1108
1686 2962
980 490
1709 574
980 420
2885 2249
1598 860
2642 2835
12 1632
2332 230
2853 2602
1134 2492
2170 1144
2309 1462
2936 1632
529 1414
2495 2642
2883 1340
2388 2852
980 1975
1882 1365
542 1851
2879 2040
2160 2519
571 2268
1424 2604
630 1632
1031 1077
1198 1632
980 2630
2356 1417
1852 705
873 281
161 448
466 588
1578 1995
235 250
386 1632
2565 375
423 1632
2558 268
485 2820
980 99
1393 2743
1389 1632
980 2389
1043 1643
741 1632
1114 2635
1027 1632
2963 2239
1303 1836
479 313
418 321
753 1632
2685 1632
1914 2516
291 1331
2450 1632
980 999
2438 2145
1127 2373
2745 1278
5 303
2121 184
1711 2166
980 43
1795 1098
57 2794
1782 2433
1264 1632
980 118
356 2170
2132 1632
351 2087
2857 2166
2444 1632
2928 2451
2195 2209
1746 1120
2137 2499
980 2941
1506 1632
2494 1632
1248 1577
50 42
2831 2922
1597 1396
1372 2767
2262 369
1282 614
2 1450
2996 781
1944 1777
2437 503
362 1632
980 16
980 1466
868 2484
1660 1632
1284 2577
2701 1871
1255 1632
1678 410
1904 1632
2478 2662
980 1936
1742 2875
1448 378
980 996
1804 1427
1696 419
1987 780
1863 279
124 1808
980 1437
1929 1632
782 1405
980 2483
980 2162
2531 1699
1553 2181
1019 1442
1927 740
980 2611
144 1984
368 702
775 1632
1582 277
2048 2784
751 5
334 1632
980 1656
648 1351
771 2653
324 1744
980 1482
961 1427
864 2946
1437 2099
2471 657
980 1658
2672 1976
1148 944
656 1168
547 512
980 468
193 48
2863 2774
1807 1531
503 1500
2860 1260
1556 1152
1100 1632
2168 2547
980 813
2115 2508
385 1404
243 23
1310 575
435 2199
1324 1632
2394 2711
2173 1632
307 1632
1899 1283
2149 2373
2419 1632
732 2818
1860 1064
1397 1443
2950 2761
1512 989
1391 1632
2624 127
2439 1632
980 1916
1037 1632
2092 2555
980 2003
1486 1632
980 40
2340 986
1619 949
556 1731
1490 1632
2792 2029
980 1252
1622 2063
2228 661
980 36
2332 2491
980 524
2029 1632
197 533
980 1588
1846 2750
980 1834
363 2583
345 2170
654 352
649 913
1242 1632
1208 1922
980 1774
1088 91
2593 1632
2084 2547
1406 1632
898 269
980 286
980 1355
2810 1560
936 455
1055 1632
1984 506
2505 1632
2892 1632
2803 1632
1220 2021
2497 1632
909 1097
1163 2815
1690 1408
980 813
980 920
205 2853
1547 2699
326 1407
980 497
980 1535
2224 2635
983 487
2257 1098
1906 215
1289 1149
2435 1632
980 660
1792 2979
2586 736
2976 435
980 2144
1320 1030
75 2915
923 1632
307 1632
980 2956
625 250
628 634
1674 1632
2905 1216
2952 241
980 1346
1195 115
2299 498
2005 1377
1221 1596
2369 2919
1041 893
372 2442
980 155
2451 408
1871 1029
1825 258
980 2895
1885 1632
628 2295
1382 1782
1765 939
1891 1632
980 581
980 2381
2943 2580
484 1729
1150 309
2204 2624
1033 1322
2947 1632
769 1796
980 648
2457 555
1264 1632
559 1967
1401 1632
2481 2586
980 2405
370 2842
558 2827
2253 1403
123 2006
980 453
2750 703
2595 2284
548 488
975 450
1257 1632
2416 1568
610 2343
980 1006
980 2218
50 400
1624 1632
1893 295
423 1632
890 1632
1558 1632
2891 1489
946 1013
980 47
1336 1632
833 1778
1951 20
413 2883
495 2653
980 1436
678 1632
359 1632
2729 1805
2956 1678
1166 844
1148 662
980 846
2811 1533
980 456
2572 745
706 2216
980 1844
247 445
2965 1632
1147 1407
980 2440
83 1051
98 919
386 1632
2402 1632
980 1386
980 2800
980 592
1693 2420
474 1632
2138 2374
2366 1632
980 272
2389 2840
1109 2644
1581 60
1455 2570
980 2773
505 775
2128 1632
1418 1632
2218 1227
1025 1633
2845 1632
886 2133
1454 870
2912 1716
382 502
1193 2267
312 1632
980 1436
447 2840
1469 665
1114 905
882 2346
1857 536
980 1125
218 1816
1116 1007
980 1717
2846 1789
980 1046
1234 1794
1297 1072
980 1795
1002 1632
2456 414
980 985
1640 467
1214 542
2042 1245
980 1936
483 1469
2499 1632
980 601
1129 2523
95 2544
980 868
980 2115
756 725
1523 2603
980 148
980 52
1018 287
2526 1632
2846 1342
2693 1871
204 2548
1943 355
980 2954
652 1026
1098 798
1507 2621
2723 2049
2671 2842
1933 1557
102 1632
980 1325
2127 2434
2024 1632
2106 1758
844 1632
861 2792
2074 2860
2441 646
2140 1632
1841 1645
980 607
839 1632
980 247
26 1632
2154 1363
1936 832
2579 971
1623 1519
980 1564
1159 2609
442 534
980 1749
3 2812
2473 2267
980 1059
1655 87
1048 1899
2604 2474
980 232
574 1294
333 703
2524 954
270 1522
980 2155
2917 1632
1878 1320
980 162
2318 1100
980 2205
1862 2248
102 1632
812 474
1610 1932
980 2702
121 8
261 1999
2254 1435
361 2294
2363 353
2310 2227
1147 1223
980 2800
1750 1632
2611 60
729 423
980 2610
604 1399
2630 485
980 2176
344 1475
155 2404
2266 2429
314 690
297 2451
1590 2837
636 1632
1844 2738
2260 1598
480 1364
980 991
2453 1632
2055 152
540 2198
980 2983
1407 1302
1859 2757
980 1720
11 472
160 2291
980 58
2405 527
1416 1632
2759 101
584 2536
2244 1765
2377 1167
435 1074
1706 1156
2822 1155
980 1862
2983 944
1933 600
2876 1632
2511 1632
2193 1632
625 2931
192 2482
1188 1056
2262 65
2639 1638
980 2200
980 766
236 2226
204 1008
1587 1769
1513 1632
694 1126
980 380
735 1884
1385 2242
1402 2270
980 996
804 1932
1460 436
1568 678
2936 1632
2236 265
980 2783
438 190
315 622
1963 376
980 1974
138 623
2957 1632
766 1919
2697 2472
816 566
980 231
2732 1632
2942 1632
980 1883
980 2258
2848 292
1348 2581
980 914
953 1632
1473 2449
980 1670
980 2495
1343 2990
837 782
1557 1632
980 2963
1499 1632
1451 2713
1232 762
1183 508
1956 2388
884 1632
2623 1334
408 2559
853 503
980 1950
1225 1172
2768 2501
2635 1732
2462 1375
82 1542
549 1632
1194 1299
980 1535
1161 1347
464 886
2450 1632
980 2122
1952 1240
980 392
149 1115
2653 343
209 620
1305 2148
281 2226
892 1632
831 1632
214 1822
2716 2139
980 2886
2835 2310
980 1235
980 2708
682 338
915 1632
1500 182
374 1804
1554 1632
2613 1121
1339 78
1334 2693
419 1632
2166 2637
2752 1632
980 1712
1151 1595
2899 1884
763 158
1004 180
1398 1444
1905 124
2031 1632
980 1793
2532 427
1531 2156
2706 535
2107 493
525 1586
739 252
2598 1488
2916 2403
1895 1586
2773 125
980 829
2602 667
2814 502
2972 1632
956 2015
980 38
303 2431
2488 1632
980 2954
980 52
109 2543
688 1298
2550 1632
245 2036
2590 1780
2026 1632
2604 153
1010 1489
980 1757
2886 84
42 1632
926 1967
608 49
2299 1160
980 2052
2717 1352
554 1838
1464 1212
1952 2043
980 1538
980 776
138 1112
1163 2788
1545 898
980 2204
1608 2716
1886 2754
166 1632
980 420
1170 1269
274 2655
980 2864
2574 826
2968 2397
980 712
1182 1376
2949 1345
1228 2509
2022 1754
745 157
980 1271
231 2696
980 2440
534 491
980 2243
1922 538
60 1873
1750 1632
2812 915
980 1020
269 1632
767 388
905 1732
388 1957
1306 1632
911 389
1813 1819
2759 1906
1065 1632
1829 1632
980 2801
2072 2878
1344 2475
117 2407
223 2594
1500 755
2662 345
980 2811
980 1080
539 240
2109 1599
980 296
575 1632
1745 260
379 1385
980 921
1183 1269
97 2675
365 1042
1535 2644
2897 1632
2334 1632
980 1244
683 1071
2200 2534
2915 1632
2061 1632
2516 91
980 1428
402 39
980 934
980 598
2973 1632
980 109
400 1632
355 1632
1763 2070
2906 307
1697 1632
2432 53
868 2175
980 1926
2306 1415
1053 1632
1786 890
670 2058
2037 2767
980 344
1281 146
7 1370
1689 664
576 1083
997 1850
1335 196
1345 2407
1978 1239
980 1659
603 2398
1708 1136
1609 1180
2253 818
2302 2096
592 1097
1722 460
2935 1623
1996 604
107 1329
467 1632
27 1773
2361 2362
1128 2347
1867 2172
574 2832
980 62
193 397
872 2323
1277 1692
1875 1632
2564 2752
2436 1632
980 1235
1462 149
2789 1632
2799 406
274 110
2392 2687
1126 127
992 1474
1620 1618
971 676
280 1015
399 2986
1361 2232
1704 1632
1855 373
1848 1134
1807 1449
2019 2395
1506 1632
1811 2296
2500 693
1604 2050
2260 323
2025 2428
980 1214
980 2623
2338 41
2870 558
2971 2628
2027 424
2590 657
2930 1632
863 2179
2190 2516
980 1910
1781 1350
667 1632
1115 1632
980 1631
1546 1537
297 1911
980 1988
2371 2196
980 851
1092 1791
717 207
1831 886
980 1332
980 2851
287 701
212 1632
1351 1963
2544 1632
1218 1655
215 1146
1177 1632
980 2538
980 906
912 1698
2842 37
1951 434
2584 562
2991 2804
1969 1488
535 294
1044 2018
2975 639
980 2910
980 2287
980 1996
1423 2749
980 1189
2396 1340
2168 610
2167 2916
980 2841
174 1627
1524 1632
1527 2618
1645 1632
802 1632
2125 1632
224 1807
2317 1510
2131 1616
980 274
980 2069
485 946
2455 2222
2269 558
646 1879
980 868
1842 1632
980 2831
1741 2392
717 2849
980 1834
2719 612
980 2605
980 302
2145 1253
2724 1562
2464 836
2686 714
1625 1632
894 1632
1561 174
848 19
2680 2361
998 2689
2014 2473
404 2537
1927 1995
118 2309
1207 1632
2961 24
980 66
2724 1948
107 1547
792 125
980 599
2182 1241
980 2819
1268 1087
2640 2603
479 567
2161 1652
980 1739
980 2335
980 197
2625 193
71 1480
1841 1224
980 1886
980 981
432 2832
2528 51
1266 1334
2912 588
9 1684
1953 494
30 1300
497 1909
980 2345
465 1273
980 1945
17 516
1123 1464
826 523
980 1199
980 2847
122 1632
980 1482
62 1745
1299 1534
1488 2705
2557 1092
202 1632
4 1102
1739 2631
1138 2872
1772 2746
2189 1632
980 1606
980 1222
980 2263
1911 2724
980 906
980 161
2947 1632
2873 2452
980 2531
1777 2301
980 1544
980 2771
1053 1632
116 2518
980 2220
2540 1953
1735 216
980 1644
2349 2213
1556 649
2527 339
2190 1718
980 116
2696 1281
2367 2556
1959 1632
44 1632
2201 1632
165 1632
980 2981
2972 1632
991 2468
1172 910
1167 519
2104 321
980 1060
683 129
1374 1632
2144 2022
980 779
957 1678
1063 2766
2866 2318
980 1244
1396 1632
2981 1441
2441 2385
2295 1632
980 1046
774 128
106 1632
980 648
329 327
948 1887
2286 2279
980 2799
615 2330
825 1668
311 489
380 530
2540 1876
980 442
1433 164
1016 365
576 2508
2392 305
690 572
2694 1632
716 2707
96 1410
2867 742
2275 1632
980 300
1517 7
1056 1196
1902 1825
400 1632
980 495
980 2611
2672 2455
980 592
980 2862
980 976
1966 1055
2760 1485
2320 1736
1770 2764
980 135
858 2732
2568 1632
1821 462
980 684
2887 2996
1775 2168
2027 2188
160 2251
1615 2231
1433 1393
1865 1841
1302 1632
543 1607
282 1111
980 1080
761 2417
1209 452
2437 2035
473 1447
2589 1632
19 2245
266 59
1912 1632
2766 361
604 1238
2030 1388
595 1632
1672 257
844 1632
1386 711
156 1632
1939 139
462 69
197 2089
1698 1632
2374 2378
2 924
904 1185
2290 1895
2002 722
452 1632
1224 1632
1523 1902
941 1469
1542 2365
980 2569
2329 354
487 2179
150 628
980 1606
2923 2564
980 1970
2213 1632
2922 1272
1909 1025
980 800
2566 2277
2614 1632
2848 1085
746 2308
980 2316
980 11
1252 2454
2095 1632
2100 1865
1785 1593
1631 394
830 280
605 1381
1283 1632
287 1958
864 1591
2470 1632
980 1113
1627 1632
401 639
1438 1632
135 556
1315 1219
1192 1206
55 1632
1103 1643
2093 2182
980 62
1259 1632
2988 83
1191 710
743 922
2692 131
1430 1632
1358 1632
1521 750
2615 1632
1928 2331
64 1632
980 629
478 1711
1999 1784
2391 2150
2971 2055
339 1290
403 1632
2486 1477
2311 1702
512 1595
980 1104
1583 1188
370 2989
1236 1087
2383 2145
1559 2732
1153 1632
2068 815
2743 994
1492 1632
971 1676
2271 2890
139 1231
15 2795
80 1605
228 1549
318 306
942 1452
980 1076
23 2774
980 107
2682 1491
300 335
252 1632
1346 285
980 2824
2015 123
31 1942
980 384
1595 1632
980 2465
2860 1962
1909 2951
2520 2307
1876 486
21 1158
980 838
298 1289
980 709
601 2765
2052 1856
960 1632
626 2810
980 1079
1776 802
980 1249
647 2781
980 2981
309 1632
785 85
1410 2001
980 1735
2070 2047
1555 875
2406 1580
2717 2519
431 1747
1328 1632
980 344
980 851
2763 936
664 2328
1231 1676
1507 1373
377 2879
3 2634
1168 615
1258 2918
93 1487
2463 2008
2797 1291
1648 2612
980 1679
2639 505
693 2679
887 1453
253 1632
2395 2731
1194 326
1881 2994
1088 264
244 1632
46 239
963 888
980 360
1869 368
980 1470
1679 1753
2038 959
1548 1426
980 2113
2663 333
2069 2181
1313 2051
916 1632
40 2515
731 2486
2010 182
980 1642
2713 1632
980 809
467 1632
997 2900
2245 1638
1403 2992
1728 1531
45 1632
1242 1632
2916 2996
2240 1632
2226 1121
695 2530
1702 2421
257 492
1014 496
1873 1776
715 1632
2237 2026
7 2634
980 627
819 1964
980 2293
2117 2648
980 2360
264 2044
2577 1632
980 357
1589 2068
737 1632
980 2854
2651 1632
2267 1265
1830 596
2017 560
686 202
980 926
510 1842
980 1470
980 2337
1653 2487
970 2460
830 180
2032 1632
2626 330
1731 462
980 2495
1130 1139
1883 2370
2963 2721
1703 1632
577 1687
980 602
1022 1632
1990 964
562 1632
2986 1017
655 845
1814 2937
889 1632
980 2799
2795 2456
2310 955
2515 49
980 1484
980 809
1838 1632
980 1923
749 1706
391 2924
131 858
271 2109
2070 1086
233 1632
1197 1632
2727 1632
1250 871
980 704
265 1317
980 2773
2550 1632
1415 1673
444 1632
2993 1746
980 2090
2723 1073
2025 100
1316 841
2176 1101
1792 501
2224 2663
980 322
2749 1866
885 1953
1031 784
469 221
1265 1632
2934 1675
2452 1537
950 381
708 1183
1931 406
980 2393
1453 1632
341 1955
2000 711
528 2721
2063 532
980 1093
178 1457
1418 1632
1917 2317
1868 1777
980 2311
2857 2626
2028 65
980 876
1308 6
2408 2079
398 759
550 900
1240 2211
526 1632
1321 2976
2164 186
369 1632
980 1730
980 825
980 1739
980 881
2274 2914
363 844
980 2807
638 1990
2702 1192
980 2843
1270 1405
1269 1632
606 2134
796 1119
2005 521
2492 621
36 1908
980 650
108 1195
1313 2192
478 882
1864 175
600 1632
2776 552
1994 1632
2708 1033
1892 1929
2868 257
2174 1000
2677 1010
294 2348
1767 1632
2918 1264
2117 1036
2087 2386
2965 1632
1724 425
2196 2968
704 2370
104 2936
2914 2917
2498 1162
1121 1632
980 1928
2850 1632
159 2606
2852 1632
1757 1694
2731 1632
1790 1045
1795 987
963 1288
380 121
2533 1632
1440 1632
980 317
2472 1526
998 2815
1613 933
2644 593
2709 314
980 1214
1117 1632
980 2908
1708 1750
1164 1632
2934 1446
416 2728
817 2669
301 1632
2691 1632
2570 2892
100 1632
90 1959
2417 2026
96 2631
980 1230
945 1804
1417 1632
128 164
2513 1315
229 644
1364 1632
362 1632
2347 616
2342 899
1872 2072
1485 1645
1345 2336
980 2901
1469 1151
719 724
1234 2271
1499 1632
1167 2535
980 771
980 1400
2495 358
980 2418
2925 1159
1566 2943
378 1273
2171 2974
2178 1632
519 1632
1791 1747
1631 103
2726 1354
2925 1307
1347 2305
1849 482
1784 1187
2610 2102
1986 2241
2820 2584
1593 2409
938 570
2529 1539
920 1095
2291 1226
532 1632
980 1263
1198 1632
980 2889
206 254
980 1795
897 2995
2179 617
1153 1632
1884 1632
591 1041
750 1096
1176 1639
2575 967
980 2587
980 2052
980 2576
1684 2797
1560 245
374 961
1277 568
1965 1782
725 513
907 1556
980 1910
2389 2035
1006 1570
980 1781
2501 1632
2319 1632
1664 2224
492 1632
1305 955
228 1783
1394 2599
1687 104
951 330
1018 2097
1019 2620
521 1632
986 1632
2198 1597
2220 1347
2269 1370
980 1835
1316 2660
982 544
2508 864
1094 100
279 777
760 1632
2802 2471
1843 1197
1227 342
555 278
2315 1632
285 2856
980 2459
2900 1359
2660 1701
857 2923
1826 2966
2582 353
980 2151
1038 2150
1803 359
106 1632
1373 1413
2379 1632
2454 2632
2503 1741
980 1543
2700 2704
980 1946
980 1802
980 1190
526 1632
721 2472
681 2601
949 1863
342 1594
2309 1378
2461 1632
74 2816
2670 969
1142 778
980 1893
1463 1957
463 2292
1003 1632
980 1109
1366 2409
1591 2191
994 1632
