2997 9182 0
1686 2598
87 2754
2592 67
1686 1188
513 2598
2071 1406
972 2251
674 1437
2957 1243
2965 2764
2681 2598
508 2598
2598 651
1984 4
2184 2923
1686 1036
1686 1139
2617 1686
1614 2598
1106 1686
807 1755
1686 2463
1962 287
714 2932
2598 1136
356 2598
1047 1707
739 1934
1950 2197
1341 86
1992 2519
2344 189
1886 2598
2293 1368
2705 1775
1316 560
1618 1686
619 2017
1071 470
2535 2646
929 2256
2997 2920
1728 1830
174 364
259 2406
1233 366
1686 2832
2026 2598
599 2598
1716 27
595 2960
438 50
2130 797
459 218
562 2236
2196 1686
1212 216
2598 1437
2929 2683
2456 2598
2812 2100
1429 1420
1200 2598
1446 2567
784 762
1372 99
1504 1209
274 1694
1407 2596
2507 959
82 2598
1087 1478
1484 1238
1193 1150
1842 1686
1081 1686
2598 1583
2598 862
1819 1686
1548 527
820 2358
2598 655
2598 901
1686 743
591 2409
1686 1062
37 989
2075 30
304 2412
898 2791
1393 1360
2907 1686
2201 2271
588 321
782 190
2598 2136
932 481
520 2667
2516 2966
2260 1862
2746 2598
2319 1686
2598 2274
2598 1530
1686 1977
1686 632
1038 2624
459 1497
2598 888
923 2598
2631 985
1772 2764
2792 3
2979 2413
2620 169
510 2611
1686 2185
1686 2603
323 2598
1915 1105
1803 1824
953 2207
1358 825
1686 1703
2598 470
2038 2145
1671 2619
2810 1686
2283 2343
1221 1245
2951 2598
1768 1655
71 1686
786 747
2598 748
584 1632
2128 1686
2598 1840
2598 441
1469 2598
2780 560
2598 1137
346 2239
1242 2951
110 1562
2732 108
1686 1383
30 285
244 2598
2953 645
215 837
2598 2300
881 2873
1890 2735
1504 173
2070 213
1369 1686
2859 271
1749 1686
908 280
668 442
2730 1208
2598 2623
57 2025
2334 1263
1019 1686
1686 2846
1686 2006
2111 2598
2393 1260
1822 2823
1861 1808
2598 2256
428 2371
1644 1847
1686 1096
1287 1800
1654 2508
2225 2950
1221 2598
2598 2704
1571 2598
23 1686
2587 2754
2598 147
1993 2598
2598 1589
2493 2304
895 199
1528 1240
254 439
669 1872
2187 1319
1919 2598
1686 2272
1544 2598
244 2598
1941 259
888 2598
931 2470
1686 412
1686 1664
2845 202
472 277
1160 2598
1714 1202
109 61
1003 2598
2309 1532
331 2330
1762 2054
1686 2285
1264 1068
1686 2182
1028 2159
78 614
1600 973
1441 1511
1019 1686
2598 1770
1686 2487
2598 2682
1839 37
2598 1274
2752 2598
1041 1686
407 2598
781 1686
484 832
2262 1718
1045 1959
833 956
1694 1907
794 1197
2491 466
754 782
63 2598
1232 74
723 2573
2598 1557
159 2598
2026 2598
687 1414
2598 1160
1765 2672
2169 1772
2598 640
1065 2876
1880 2853
1256 1686
1744 1709
2238 627
311 2492
970 2104
1783 2291
2304 1375
828 205
848 2403
2701 2656
214 2330
435 82
2457 388
578 2598
2644 1686
2716 2171
2874 2598
2280 996
1760 2598
817 260
697 2546
2659 2598
2957 2074
1821 2689
1717 2339
2201 2598
1047 669
887 1686
1686 2209
1686 2773
467 1403
1612 1615
2598 802
2598 1798
2721 2052
279 899
1260 1686
2598 1102
1880 1952
1574 2159
52 1486
1686 539
2598 2935
2847 2598
2832 1686
2230 1882
1268 2388
2934 478
880 243
1686 2992
1219 2092
1351 1934
1686 1871
436 2598
1631 2518
1488 973
2598 872
264 1422
1522 2598
1737 2598
2629 1686
1686 283
1641 2598
1538 2654
1033 2336
1995 131
461 1104
1246 539
2285 1686
1912 1686
2701 1686
2598 557
2418 1070
1419 990
352 2539
2545 96
2022 209
2001 2598
309 2144
2598 1066
391 1269
2598 2590
1686 779
198 1459
1392 922
1198 2598
2468 885
1686 1681
1408 1560
2518 927
2192 1504
2560 818
145 1978
2598 2609
465 1686
537 1686
1209 1380
2598 2004
2598 2812
1637 2592
1686 796
940 2877
1966 1861
820 2256
1686 947
1111 694
2598 2694
2463 1686
767 2598
858 515
852 2598
2598 920
1686 2124
839 2598
1673 2204
2151 1531
1469 1231
94 2677
1696 153
1383 1686
366 2674
720 2995
1686 2483
1686 1549
1560 2598
754 2598
2636 2598
2149 1686
2960 1229
2376 2505
2009 1402
2379 682
2190 719
468 2931
1029 2598
2049 22
645 1686
1967 1131
2545 971
377 2330
2664 2923
2392 1892
1714 782
2737 2162
1043 591
1510 2818
2470 1686
2830 1368
516 2760
2390 1716
1383 1686
1643 367
849 1686
1686 1254
1989 439
2544 2598
2074 1173
2489 1312
2598 1013
2326 2123
1324 680
2466 404
583 2411
1686 126
1199 1668
1114 1129
829 2598
506 2047
2502 1792
69 277
1686 1254
2425 693
1158 2226
2150 2656
2168 1626
1149 45
627 2598
2315 1622
1686 1224
1891 2400
1657 1363
102 1686
1686 269
1552 706
87 1686
2834 2162
2598 8
1686 1824
262 1844
2622 1686
459 2268
452 416
2699 238
1968 682
2962 283
654 1450
2598 2866
1886 2598
2526 2598
1425 1756
694 2598
1686 2964
3 1254
1440 1686
1419 13
157 1686
2695 795
2523 2585
465 1199
1927 2362
597 2910
1686 74
1300 2374
1062 1686
1379 2395
630 2598
795 1686
649 1686
2598 2151
1039 2328
2598 827
2391 2598
1245 2376
1743 720
1686 634
2791 2221
2786 154
113 1894
1784 1810
1686 1570
678 2027
805 25
17 2116
183 2575
2033 1815
332 1889
1686 71
2263 1686
242 2239
2532 1287
1686 865
1863 1686
269 395
1711 2035
677 1398
24 2371
445 514
1266 1218
1686 512
2598 2593
355 1686
2598 2916
2348 2239
2055 2873
2198 2695
1088 676
725 1974
1638 2598
553 1686
2417 1686
2598 1713
389 1755
2326 588
1027 2559
1359 728
736 1686
1532 373
772 2598
498 1901
661 675
2554 596
902 186
2671 2598
1200 2598
2267 1686
1823 2054
2907 432
291 1833
2616 854
249 1757
2598 2590
1484 1686
965 396
1695 1046
1853 1203
961 1196
1763 1512
414 1630
2254 1686
2569 1686
1233 2943
1825 1830
632 1686
2785 2398
2459 701
2704 2598
366 1630
1941 2138
1590 1301
1460 514
2598 2478
1346 1686
1256 1686
2912 66
2759 547
1686 1860
1821 1111
1618 1686
496 637
1686 1118
424 1686
1802 2334
2598 1265
1686 1053
661 746
2948 692
1025 2553
919 1259
1241 1031
1686 1481
825 7
2463 1525
2584 1445
410 992
395 2191
1686 844
2598 2709
1686 184
429 1146
2834 1598
1594 2598
601 1686
1448 1521
2351 2771
2890 2586
2552 1365
2009 1724
529 1835
2652 1333
2045 1686
2539 2598
2598 631
2864 1686
1933 1117
1759 2598
38 1686
1819 1686
723 2267
1927 1136
2804 103
2636 2598
775 1871
2598 640
1281 2060
2598 508
660 2156
2464 1090
1192 1282
1838 1961
2598 872
2126 2972
1864 2598
914 2424
958 701
847 2741
2716 1686
1686 2185
991 13
2017 1686
1989 1686
2887 1322
1121 2412
2763 432
2254 2677
1661 1686
2598 2645
2865 2993
2828 2598
2055 1686
2301 2598
1704 1195
832 2309
2833 1412
2792 2524
2384 769
977 2598
1471 2203
1489 2322
1341 1690
437 88
2777 1365
586 2966
2561 1978
1686 1081
2700 1215
1900 1686
1686 2408
1155 2642
1079 1686
1926 918
1744 2538
1531 192
1686 2906
1889 1058
1998 333
2598 1172
1686 996
1686 801
1686 1331
1599 2766
1735 2598
860 101
2294 1876
341 2446
7 2941
1880 440
859 346
1622 2910
2324 2598
2598 2144
2532 2578
1388 100
69 2210
2561 2178
2196 2981
1686 1415
18 1686
2154 1686
2595 32
843 1776
355 2705
2265 2893
1704 717
2431 2598
675 104
2662 1686
239 2598
2598 2120
1333 724
222 2186
1686 740
2517 2486
652 2145
2880 1291
1779 2236
1297 2399
1591 1998
2464 2436
1686 2708
131 2598
2368 1686
2598 193
2799 2455
1364 1686
1894 536
1355 1686
481 1298
1379 136
2598 2282
471 2598
2598 1247
1076 63
1764 866
2966 2499
2933 2598
95 1624
2598 2059
2598 1751
1843 2132
2765 1616
2264 765
2410 36
1686 2483
1760 2598
2708 2450
549 2345
1511 550
2087 639
356 2598
55 1362
615 487
2344 1959
2374 2595
741 1206
1190 2896
1640 2774
309 802
123 336
2121 1686
1345 2194
2295 1686
1686 2408
302 1203
2574 1686
2126 1165
1877 2598
2909 1336
2294 2104
781 1686
2377 217
1686 1953
2747 2598
2598 2091
470 2598
1686 1758
1692 1686
1686 1569
1018 224
2590 2598
1686 1628
72 2598
975 2419
1661 1600
2113 1735
2504 2598
870 730
473 2286
1686 1524
561 2118
2745 731
1860 1686
2716 1686
1281 2381
2598 2205
1187 2598
956 1570
300 1085
2878 1686
1673 1686
2598 1234
1788 1686
2312 19
318 1686
1365 741
955 1686
1547 1898
2884 2598
54 2661
2546 1686
1822 2598
2819 2598
2928 2598
2755 1686
1686 207
710 549
2598 1124
1686 2848
71 510
939 1686
320 2826
599 1790
1562 2608
1686 1888
829 2598
2598 772
1686 2229
287 1
376 2718
2361 2598
2301 2728
1026 2723
692 2046
1159 1686
1794 537
1879 2636
4 1450
1686 871
2195 999
2598 2609
2598 625
2720 1983
1904 1084
2956 143
1654 1503
1496 2484
191 665
2721 1897
2598 687
647 2110
2898 1340
1715 2769
1589 2598
1686 113
1723 2598
1373 646
1370 1991
105 1168
2231 2284
30 433
2847 2598
1620 2627
1686 1920
1038 2719
2984 664
2134 805
1502 2598
2123 1686
1009 1783
2598 2160
2350 2598
200 2841
1578 2598
2090 1568
717 1212
661 1592
2646 1109
1782 2828
2970 296
2019 2739
2772 494
2989 2783
2253 2547
737 1350
2598 477
2766 2485
2494 586
1878 2264
1826 1464
1686 1312
1106 213
1401 294
1686 1326
1465 2971
2622 2956
1268 673
1686 740
2598 1126
400 678
2805 1979
2481 1686
1763 1216
1300 166
1918 2598
2188 402
174 1240
2048 2588
1771 1251
2763 1528
1686 792
2598 1726
987 1894
2698 695
2228 1806
1074 206
2783 2630
2598 856
1250 2427
2598 1560
469 1686
1686 336
676 1838
2264 2598
2571 1533
1678 2034
2210 1527
2598 450
1686 2500
2598 1094
1041 1936
1086 1686
2250 708
2212 2598
980 2711
2291 2598
1621 2598
15 2654
1003 899
1140 615
2869 2598
2081 2788
2113 2772
2103 558
2939 1827
599 1635
2879 1621
1443 847
962 2778
2464 2370
1686 95
99 266
2167 2598
1686 2793
1843 554
2460 762
421 2393
1270 2010
170 2311
1042 2598
1686 136
137 2598
80 1414
1138 1943
1442 119
2565 2677
1799 2543
1965 1890
2966 271
2400 1686
195 342
22 1545
389 785
1762 1803
1117 760
2598 2538
688 2598
35 2281
379 2488
2446 516
2642 1441
536 1097
1646 2497
967 912
2553 2598
2250 2598
1686 2368
505 2432
2111 970
1300 415
1747 603
2589 2598
2996 2090
1686 2455
865 2259
1094 966
2391 2598
1267 2598
2171 837
1034 1545
1424 766
1121 2861
2785 2282
2875 2936
2421 2598
1060 1000
1686 2191
1942 1801
479 1204
2806 2484
2691 835
1037 1686
147 2598
2598 647
304 1729
2598 1150
1957 2268
2429 783
1114 2890
2598 1578
2598 2027
684 1067
1791 2046
2609 2598
2598 793
2909 1952
2982 2598
482 1686
2248 2069
1686 1658
238 2580
62 2034
1524 2838
1171 1734
278 57
1994 1926
2912 2598
547 2598
488 877
1650 2679
1686 2383
2656 2814
2598 2900
2150 1686
2851 2340
392 2019
2310 699
1919 530
2633 2789
1686 1520
2598 1840
2598 2947
936 2739
2198 768
2202 2780
1574 212
2598 1621
268 2230
2525 2598
2484 1302
1686 2701
725 2556
2589 2598
1686 1977
1686 1180
1696 2584
862 1890
2381 2207
1610 2594
2499 2494
2548 2135
1686 313
696 2749
1338 2322
1292 2393
860 418
1330 2369
648 49
1575 2694
2990 2569
1261 1832
1392 433
2598 1922
409 1686
978 1054
2822 2338
1686 2360
869 337
1036 1012
463 988
1723 2598
653 1278
561 2058
2046 2044
2080 2252
2598 270
1026 2520
1686 355
968 949
713 1581
2598 842
1155 2854
70 1686
1686 978
1686 1899
2185 1686
1933 1537
613 2872
1857 38
1627 2598
1722 2598
99 2047
2598 422
1743 2178
2598 862
2103 232
426 2351
735 1686
1271 278
1477 2129
1542 1686
2959 360
2915 2452
1686 1355
2319 2438
1572 903
332 2598
2190 755
2860 51
1171 1686
1159 1686
714 1686
1560 2598
407 1152
2549 12
44 1838
2155 488
2598 2657
2598 1676
2350 2598
86 1329
664 768
2126 2586
1564 1686
2598 441
2621 1686
200 360
689 696
2647 971
1865 2382
1520 1450
1514 10
1686 150
1694 2714
2598 1885
141 909
2598 1145
1266 1468
2969 243
1815 1511
1278 1686
724 1730
754 788
2502 665
2282 2364
1485 2598
773 2448
922 54
471 2598
191 190
2275 1001
1786 2485
2140 1330
1752 2690
1227 2128
2164 2948
1686 1949
958 1221
1686 1951
112 2472
1108 2315
1844 2855
624 1686
844 475
717 572
115 2598
2462 2598
850 1306
175 928
1686 2085
2820 72
201 2860
2810 1054
2598 2478
2618 2764
2598 1958
1686 1051
167 2415
2694 1498
2179 1686
2810 2981
345 2182
943 1505
2094 317
2598 1067
2100 2712
1686 1824
131 2598
1686 1555
844 1686
532 1260
2598 862
97 2598
1990 728
930 79
902 2598
2598 462
1528 2970
2754 2486
2420 2831
2109 1686
2427 2598
639 2598
403 2045
951 2052
1188 1686
2127 1686
2401 1546
453 768
2287 1686
1686 1053
2598 873
2535 704
65 2381
1832 2842
1903 2510
548 712
45 1336
1881 2678
2819 2598
1469 122
1686 2810
2598 2752
947 1880
2529 355
1686 577
1936 575
948 2449
145 2178
245 1686
383 1258
1803 473
1631 1868
1178 1777
2550 1095
2598 2874
1633 2879
1067 2837
839 2598
2055 1686
605 2413
52 303
2842 1686
2863 1686
2227 2107
1820 1940
930 972
122 298
1055 375
2598 1999
2257 1620
19 1831
1866 1686
948 1030
2515 2334
2308 2683
1028 2806
2598 1818
1937 1302
1061 763
711 2254
379 2199
293 558
1686 541
2061 2537
2598 2273
698 2598
10 873
2497 1237
2476 866
2787 1928
1686 40
1735 1517
1686 2508
497 2081
415 1553
1995 2442
811 1491
2598 2133
1259 1508
2598 28
2811 1686
2878 1686
2373 509
2598 97
1534 604
2721 727
1644 1686
2919 2598
1760 1787
2598 221
2986 425
1686 1484
1332 1477
267 2598
2778 1546
2698 1084
2515 1051
1104 300
1595 2649
587 2474
2961 2740
2598 2233
2272 2783
2301 2598
1686 2302
1123 2818
2598 2357
1686 2965
1061 1980
1978 2169
364 2369
2598 2743
2603 656
2598 1557
15 611
2598 917
1272 2901
708 891
2598 2523
1686 2401
2598 809
1764 1550
1686 1985
2598 2300
1686 2975
1736 210
975 811
1686 171
2598 2930
965 1699
683 1686
2737 393
1145 1074
1686 1769
2280 291
2597 1589
1554 363
2151 1043
279 1742
2631 2757
1319 2669
2550 1791
2575 312
2117 2673
937 998
2520 1706
88 2725
891 2283
794 668
2215 2156
2212 2598
831 1686
1279 1456
917 335
2025 1464
2264 2598
683 1686
1024 2598
1876 2833
199 1686
1686 158
2598 2812
2598 1483
64 372
2808 2598
1686 1688
1075 2154
2598 1918
2034 316
278 1686
2724 1497
307 1592
219 2598
1183 421
13 114
157 1686
2598 620
2071 2165
2708 515
163 2212
1617 2598
2577 2598
1367 1816
985 1671
1877 1879
2598 856
2412 1990
1101 2280
112 767
38 2207
2023 1828
968 2979
2438 2979
1766 1686
70 1686
1464 1572
2539 1177
2598 2709
2598 1870
1203 1492
463 59
1686 735
2598 1003
525 1751
879 2189
875 2815
573 999
2598 88
2957 1725
1686 1543
2194 581
325 249
1686 949
1280 1686
1664 2616
2539 1305
1199 516
71 1686
1235 242
2421 2598
200 2436
1793 2958
445 403
1602 1420
2581 2598
1931 1790
2022 2598
2926 1747
2598 1882
143 1095
1658 2514
606 2366
1405 2072
2278 1988
1379 1757
1442 362
2298 1513
1429 235
1208 982
2951 1587
2598 2293
1230 1245
2244 411
80 1488
1220 400
993 390
2978 2598
1686 2880
2012 170
720 1686
292 2830
2671 2598
2809 1740
403 1460
2598 1578
315 2489
2943 1686
2598 458
1274 2598
138 2598
492 1561
924 118
1519 2365
1231 1125
815 2942
1686 1016
1539 1849
70 2507
2748 2598
192 2598
1452 1686
583 1686
2973 1724
2598 1851
1449 2332
1076 394
1753 919
1686 1307
1639 2803
2676 2872
507 1686
556 1466
1675 318
1686 2734
1059 1906
2939 1837
2747 2122
1273 340
1686 1240
2152 816
1082 39
111 1530
1686 1106
2927 1507
2951 1213
2439 2831
1809 1005
1609 1276
1592 2183
2040 1920
1972 1686
1972 1686
275 1266
1262 2154
2164 1239
1875 1617
2823 2412
1926 381
695 451
580 1391
704 2598
1215 861
467 952
2598 1559
1974 2786
1686 2477
1234 2598
2540 879
2449 1686
540 2598
511 1518
1572 57
1432 134
1620 2134
1022 2376
1678 759
2510 1880
2598 1563
1686 792
2388 2581
2598 1970
944 1814
2069 2598
1708 1752
1162 1471
308 2458
886 1686
2598 346
1230 51
2876 1055
2598 438
541 1686
2598 1854
250 1686
1065 1827
156 1686
77 1743
2598 2318
910 2598
1686 136
446 2598
1597 2090
2194 2310
2403 2063
2337 2598
2537 2598
2638 20
1686 1377
1424 178
1669 841
2598 1633
1069 1082
2320 1025
2598 244
1483 1867
634 1686
1686 1424
1686 1775
2642 295
794 1102
597 1693
1686 2024
252 1190
1885 2598
2596 1593
2162 215
544 1755
55 2282
2108 2405
1478 2872
1686 743
785 220
2794 2070
2579 1676
1767 2268
1686 2183
2109 344
2242 1024
1445 2371
1610 1686
2598 728
729 869
1375 2799
2741 1686
88 2598
2473 1392
2808 521
2701 1686
1171 1010
2908 1795
2467 2433
1899 1686
2752 134
1532 1546
2572 2015
1582 2531
2882 2973
2786 2585
1064 1084
2598 1289
1686 716
2598 2088
518 258
538 2641
2811 924
2361 2598
1293 1201
1207 2386
1813 257
1224 1686
869 2016
2043 1398
1679 630
2735 243
2093 2323
718 1686
1622 1778
2114 1692
128 2054
385 1168
1282 1672
1673 1686
237 472
2807 2598
1719 1588
1459 157
2512 698
934 1868
2317 1534
1743 1128
2022 1781
1686 1130
2085 1686
1686 2142
339 593
1910 3
1686 183
981 2920
1924 2598
531 1686
1421 1959
626 2598
2220 1556
1686 2574
1071 1352
2580 2598
1352 2598
2100 1201
808 2598
1686 2863
1114 345
478 2608
2598 728
1686 554
1374 957
11 1834
260 208
1686 94
914 2585
714 1686
2612 64
1254 1686
2598 130
2598 657
2456 1971
2767 334
2598 2418
684 2542
2598 913
604 2847
726 1686
2579 1378
1796 172
2848 1686
1722 2598
628 1645
908 2912
1221 2598
2359 1871
1923 235
2241 2598
2941 912
2336 1846
1668 1686
870 100
554 2041
2399 1890
179 2237
1439 1686
112 1632
2421 2344
2286 1762
664 1875
1686 1096
947 609
609 616
1686 1946
1506 382
1530 568
2465 2598
2444 1774
1167 1767
50 1732
1753 2886
2428 2598
2474 2579
1673 1686
690 2259
744 1686
2342 429
242 981
2060 1797
1909 882
1182 654
1436 2954
1376 669
1686 571
764 2668
2598 2780
612 1846
1686 588
1380 526
885 1932
2175 44
2848 2531
1686 699
1136 2598
1686 2952
366 1185
2838 2798
1686 286
2133 2728
589 1351
2257 1686
2007 1798
1410 1391
2610 1802
508 2003
753 2598
1107 2491
1312 1686
2598 1285
8 2598
1686 1888
2598 2809
1132 1638
2598 1374
673 2869
854 861
2831 1734
2653 608
791 1073
1876 2598
1155 1511
1840 2598
53 2598
2083 110
2728 1556
1686 1758
756 703
1347 1399
1179 1576
474 393
803 2850
2697 2008
1098 1686
2317 2918
2821 2598
1320 1686
2864 1686
2598 687
2846 1907
869 2051
678 2321
2704 1277
1667 2598
2251 2598
2317 1119
2322 1088
2690 2598
2086 817
485 1913
68 1385
1568 1686
2598 2986
789 362
1080 2100
2913 2862
1686 254
810 35
2115 1363
550 402
830 1471
2598 2593
440 2909
1252 1634
164 2598
1568 1686
2598 2537
392 253
2598 2350
813 258
1413 1686
750 1458
190 2521
1521 2598
182 2077
494 2904
580 1686
1017 2598
547 2711
2850 1686
1686 2006
1543 706
1024 2598
906 1640
2891 618
2598 802
1992 1071
1405 2255
1810 2796
377 2534
2083 139
2036 1686
1956 566
2528 2636
1686 1338
1037 715
2598 551
1444 2007
2576 1037
1686 1603
1686 1967
2492 2949
1473 1257
2598 2437
635 2598
1583 2598
290 2217
1711 1736
1396 439
996 2328
1510 2036
2563 2240
2300 1210
2411 607
893 2598
173 290
1543 1981
904 2598
2598 2416
1263 1051
1089 1686
323 615
407 673
2598 2782
216 566
960 2551
2598 1501
434 2931
2706 2594
1618 847
958 1228
2921 1124
2182 1129
1451 753
2336 744
2948 1686
2598 2311
434 2702
2598 1876
431 1414
1686 1703
190 882
2877 370
1446 1595
2248 937
2598 407
2365 2255
1686 2158
2598 2155
2705 607
177 1245
2598 423
2525 2598
1070 2205
1044 1429
1497 1957
892 1686
2058 2598
2934 1686
1686 136
2221 774
2259 2494
1705 1788
2822 1782
1637 1104
1535 2819
1091 945
1409 719
1746 1686
1754 2936
48 2598
723 574
1034 2049
2598 1082
1832 2396
1857 953
1099 1394
2861 2823
597 1541
107 2232
1925 2906
929 522
2522 2598
812 559
2944 1686
2598 1611
1686 322
2598 127
2560 2124
1896 2283
2620 1107
81 1479
2598 2843
656 1440
2011 1686
2598 2933
483 1686
1686 1438
2045 1686
2433 180
599 2598
137 427
875 1828
1557 2598
2499 935
334 2420
2700 2801
1686 1564
1112 368
2598 2731
1686 2015
1707 2706
1627 2048
887 1686
2598 930
464 2397
17 2598
2292 2598
1686 1661
1299 335
812 16
2211 558
1955 580
1686 2237
382 1686
1568 1686
1892 2131
20 884
2292 2433
689 1898
317 2387
2707 1007
1572 439
178 2591
2598 2893
2120 434
1958 2598
2349 2338
688 238
2974 542
2598 2068
2696 411
548 1870
1168 2136
1686 927
285 124
2818 344
1773 2554
1686 2817
1114 1686
180 2905
2467 2598
643 1686
798 906
1686 2417
1881 500
43 1420
585 2885
569 2796
1686 1106
1510 2994
2260 1686
2598 1433
2598 142
2435 2175
1686 1159
1686 1711
763 1091
227 1686
1491 2222
1178 1913
400 2598
1686 2395
1659 2598
1686 598
1949 1686
1969 468
1112 1253
1695 904
573 67
2598 842
386 2568
2598 2192
743 492
699 1686
2127 1686
1169 1072
1701 2796
1171 1686
926 711
1740 511
112 1144
2219 2598
2451 2528
302 326
2598 2659
970 487
1149 2637
658 165
2260 1686
188 1522
220 1755
2615 116
2762 2946
737 1027
2247 2965
2447 264
2738 1686
2741 1686
1960 2598
897 19
343 2844
1468 2773
1686 118
2365 1458
1567 2818
2059 2103
2088 2598
2598 480
519 2385
564 26
1686 1697
868 1058
1226 2137
2210 132
262 2982
1775 1686
1650 518
1420 85
2515 1520
2598 1172
1730 2652
1697 475
295 635
1938 1686
2747 2598
933 370
496 1686
138 2598
1574 2806
1686 2726
2598 1727
1686 2360
2189 2129
845 885
1686 156
272 1255
1726 2598
1686 1387
1686 969
1358 584
2298 379
2032 1686
2702 2558
2078 2598
2339 567
785 376
1471 1624
2395 1686
1060 2598
2188 1511
2150 1686
437 1072
2997 1765
2887 2569
840 1397
2598 1808
1008 2443
2718 807
1686 2062
873 419
1802 2479
1686 2795
1007 1835
2252 1107
2747 2598
2598 2743
1257 490
2843 2598
1686 1929
1428 2265
321 1410
2992 2214
2353 42
1323 944
2836 1686
2759 2945
560 659
532 2569
230 2207
2836 1295
782 1482
1279 1594
1198 2598
993 2706
2023 1686
2685 1686
358 1810
2490 1686
1686 2971
954 2196
1419 1856
2598 1680
2790 265
2803 2598
533 807
2031 2598
336 1686
2824 1899
2384 2676
2598 647
2575 1320
1234 10
2714 774
306 65
1628 2561
212 15
2773 1955
2598 239
2598 1462
1235 2920
468 2296
1750 2759
1370 781
654 1634
2208 2598
2598 2525
1686 1430
1963 108
1067 2598
1193 194
2442 933
2598 1314
710 2598
1961 2175
2326 2153
246 2367
2927 624
2707 379
2740 989
174 461
2079 2234
2898 833
37 2980
1686 1016
2392 1013
2598 2912
344 2378
1686 343
2598 2192
2583 1787
124 1702
1500 2781
181 313
2865 465
2327 2715
1785 2598
2598 1299
383 1323
1686 507
285 2469
1037 828
2598 267
1856 1197
621 1459
711 2508
1272 1892
1069 104
1686 2880
1565 630
1455 2879
1521 2598
2338 2086
67 1104
2598 625
2598 1335
303 693
1051 1686
1965 2598
1467 1686
1522 2598
2377 840
954 978
2598 2143
2080 2620
2504 2721
626 2598
1446 1005
2585 480
1879 441
2007 1223
1690 1329
1287 2955
1686 2996
1592 742
127 305
1688 1686
1686 2836
126 1686
1987 2379
1903 1401
776 2215
321 2563
1426 1025
624 1686
496 1686
2294 2111
1862 617
1686 2601
791 769
1686 2627
2461 1686
1467 1010
2404 2930
2177 2480
2598 1228
1898 2024
1467 1734
1313 2231
411 1313
1799 1686
2482 1686
2444 1686
1039 1686
2342 181
1870 2604
999 2598
1686 2854
2322 1838
929 633
2598 1082
528 2589
1260 1686
881 215
2693 1963
1604 1686
2598 2645
218 2969
1206 277
1987 2598
2598 809
1408 2071
2176 2139
2300 2509
2598 1148
1711 1686
2318 437
2638 1741
2598 1886
2174 2643
2598 2554
2363 2598
1129 1698
1350 1686
1214 2322
2687 149
205 1686
1686 1326
2038 635
2598 2552
621 1213
494 2074
281 1664
1233 2463
2333 2625
1686 1461
915 1852
2067 2904
2458 115
532 1322
2784 2671
2570 2598
914 1421
2359 2765
1915 67
2598 168
1357 1686
2855 2716
621 2503
2863 140
1049 2867
1883 2734
2994 1686
1915 740
1212 1686
2720 1275
1586 2598
364 296
1154 535
2288 170
2598 1267
2949 1362
1269 1593
1345 2544
1275 1703
1686 2343
2280 2374
1278 2942
468 965
578 2598
2598 306
1667 1390
1579 1739
144 1074
2717 2415
2598 2213
1503 2029
615 360
1686 2850
2598 2031
1686 486
514 1866
1992 2598
767 2598
311 2401
1686 2975
1451 166
2713 41
1975 1690
2598 2988
2693 847
12 314
1789 2903
501 2598
2623 1916
2598 103
2598 2068
1255 668
701 1925
1524 2018
2337 2598
1904 106
1847 2830
1911 1273
1547 1686
1257 626
2449 994
2058 2598
710 1881
2835 2423
1686 1079
2243 2299
636 2859
2168 1686
1148 2519
1686 2327
2255 750
1686 987
2598 738
177 958
776 1855
303 715
1842 204
61 20
2306 1477
1319 794
1347 2962
1686 245
2598 1428
1686 2687
490 2598
1323 274
2598 1042
167 1686
940 1069
90 738
1145 253
1615 430
2064 1321
371 2411
535 1065
2771 2112
983 2394
846 1686
1138 2315
188 279
2517 397
1689 2988
613 1686
895 1127
2488 1032
1003 2598
2598 1113
2184 1317
2839 246
263 1686
1472 1215
670 1442
1129 2602
2855 837
446 2598
300 2369
472 1100
2598 2293
1783 1952
2145 866
1686 250
815 653
2598 1264
1470 1686
2177 2866
621 2820
1419 442
918 333
2598 1006
1466 495
2919 2598
1686 1899
2598 639
1686 736
741 1663
554 1686
555 2598
2598 2163
985 551
2269 761
2147 94
1059 2613
1686 663
1107 2495
1304 2241
307 1686
530 1460
1686 2601
1641 1717
276 2889
1134 2902
2598 268
1048 1296
2801 861
2053 428
1009 2598
897 443
2598 917
1757 1686
32 1686
2991 1686
2134 861
425 455
939 1686
1686 1369
1686 1120
2128 1686
2598 1
1905 1220
826 1288
1610 1686
1496 1276
1582 1517
1686 74
2598 306
1491 2924
2633 660
261 2598
2520 2146
2284 1239
2598 2761
2914 1494
515 701
1967 468
1686 531
1237 2722
2598 458
2598 314
164 2598
652 536
556 2864
245 1686
247 468
2232 183
2935 2067
2616 2801
2965 1686
1119 2598
1670 771
1241 2899
2197 1529
415 2280
2598 1795
1852 2073
2138 925
1408 21
2604 536
2154 2915
993 1412
986 150
2790 1752
2199 552
1584 649
2687 1686
1686 781
1730 2736
1153 2965
2598 1136
1685 1686
664 2695
2598 63
2598 1947
2972 2598
1686 503
2508 1686
374 983
2598 1808
600 500
1686 526
316 793
1686 1405
1018 647
2598 1265
1741 2819
857 1237
1948 2065
1686 1949
1533 1686
2598 2694
273 1113
1626 1444
1686 2693
2173 1686
521 1662
1671 2598
1224 2415
1754 353
2397 2624
1691 2447
1463 1290
2411 355
2598 231
721 2548
1470 2204
528 422
14 248
1675 141
1189 957
1195 448
2598 1559
2902 651
2994 1686
905 1686
2827 2038
213 1821
2598 557
740 2592
2598 372
1686 2105
1029 296
1686 2975
2358 2940
128 2249
2893 2598
2415 2790
2598 877
2608 2083
606 2530
2375 692
1935 656
2598 2012
2598 979
1584 102
2751 2190
954 2810
2719 643
2598 323
137 2598
1493 1649
2118 2598
72 2598
2245 549
2598 1859
1461 2949
812 1089
1686 1413
1686 2849
2122 2652
543 1002
999 2598
1686 1308
754 882
115 2598
1686 1031
1686 2685
2557 1686
19 2620
2598 533
65 953
353 527
817 21
1331 1686
2598 1150
707 1456
2598 633
2603 2877
2115 265
184 1647
72 2598
487 2959
2598 893
2153 290
685 1398
437 813
2174 977
374 1022
1686 818
1752 1814
1677 1686
1686 210
1087 58
2781 23
219 2598
786 338
2632 1812
2099 1686
1683 1235
1309 2404
805 2593
565 1540
2929 1686
415 2328
2382 1686
1686 818
1960 1649
1335 2598
622 2052
41 838
909 1088
2077 1559
2354 1266
1538 2308
2598 462
2461 1269
2923 2362
301 1952
1406 1912
189 1284
389 1268
1295 2339
1686 2331
2040 2583
2290 284
916 768
2598 2456
499 2008
1403 1507
2071 396
2598 1805
2622 1686
2598 2163
2598 2671
1962 2840
746 1935
128 1686
2589 1442
2598 2155
2014 2471
380 1788
1502 2598
1351 2103
2598 2133
472 2701
1364 1686
2090 1728
2775 1071
1686 1985
1686 1292
2604 388
1401 609
1686 1180
1686 1939
18 1686
1686 2546
733 1518
80 1687
758 1686
319 1699
2296 1686
1811 967
2894 226
98 626
2736 2598
2037 2598
1686 2237
1856 272
2372 499
1643 1933
145 1387
42 1459
2249 448
595 2079
2729 316
961 617
303 1600
2598 2635
1746 1182
1686 1827
497 2598
2089 1081
1573 1686
544 785
876 813
1093 1022
2911 2981
540 1117
739 435
5 2598
2598 650
2533 1804
2422 820
2003 2014
2186 1841
2598 2264
2598 2935
2598 2451
2598 2418
491 1986
2598 1973
734 2692
538 951
29 2314
372 2598
1013 1829
2799 2493
1686 118
1890 1274
1345 129
2454 2573
349 2187
479 2598
2598 2496
74 1686
1686 2842
10 2059
1829 1944
2713 1456
1376 2598
706 260
211 1743
400 457
2236 2249
1384 2130
1686 2627
2564 1874
1686 537
1686 2
1103 1686
1655 315
2216 2844
1706 1049
2106 1686
2508 149
1825 2703
1686 716
1153 2483
1301 490
2321 1653
1686 875
2256 1616
1686 2006
980 2677
1793 2495
1988 2598
963 2682
1645 1505
2158 907
2362 2799
62 731
2543 1298
1686 2347
1186 2598
128 1686
1686 1158
1686 32
309 229
85 2944
1686 2573
1686 2073
607 2528
598 1686
2825 54
402 2598
1388 2907
1686 1775
2598 1395
2171 1139
2211 2779
2775 2054
760 2139
2492 1686
151 1686
1686 523
1160 2598
1910 2097
2598 1034
1686 2101
914 405
1686 1424
2056 2398
2319 1686
2902 638
2823 2802
952 1893
1727 2598
162 2930
1044 24
2449 1686
1854 870
562 2289
7 2660
1405 2096
2869 2598
2148 1771
1686 2062
378 2598
157 1584
984 1753
2624 1759
2729 62
2556 2952
2598 2549
2232 2423
273 2155
1686 1628
57 133
96 2647
2872 362
2209 1686
2598 855
1686 2708
2032 1686
906 2598
1686 2121
1686 1108
1928 1686
1672 2141
849 1686
2586 288
1632 1184
2709 1300
1686 571
1959 2226
351 1567
2496 2598
2423 1394
1171 885
534 555
1594 2598
2598 2288
2598 1811
799 1429
1156 1497
867 1914
239 1402
1416 2788
2044 771
2519 2775
793 2598
2576 2863
1238 1804
2598 704
1265 1085
1686 368
581 2152
1047 429
961 938
1760 2784
2419 333
801 1686
2655 2262
834 1686
1110 80
1651 278
1686 2952
1768 2035
1686 2811
1527 2437
2680 1921
1016 73
1937 2654
2982 2551
2598 1032
2042 2598
1211 877
1686 2948
1976 1245
1941 492
2598 2053
1364 484
2833 937
2135 2598
2598 1274
793 2598
2199 2666
1008 2360
2598 120
1614 2598
1686 2506
182 101
2273 2266
1701 358
2598 5
446 922
2314 241
1356 797
2598 2549
2598 1513
1686 70
2598 728
2729 2598
1520 1686
1686 613
2297 1092
608 1076
1686 1224
2766 2598
2218 806
1531 2947
1686 2149
2945 149
1773 633
420 2598
2598 377
2472 691
1686 342
2504 2598
1172 2598
2635 2430
1017 589
1686 2341
1033 2441
1993 2606
1686 2991
2614 1234
2688 439
861 2593
1686 2123
2245 963
2591 1494
1686 325
2161 2817
2227 1686
2833 815
36 1220
294 2127
1853 83
618 1722
522 2980
1686 486
1735 494
2367 135
2598 2933
1585 678
1545 1283
2443 1686
1167 2160
2204 394
1002 2610
2352 1686
62 793
1686 2500
2233 1781
641 895
1862 938
2598 2782
1801 2512
2598 267
456 2598
2599 2598
2380 2598
2598 1474
1334 1686
2980 1415
1686 2257
60 2598
1145 2019
880 2110
1686 135
2110 1965
2937 2685
1686 512
187 186
1686 1466
2962 2830
384 2100
2645 2303
318 1262
2598 48
2607 2297
7 359
2598 2893
709 90
1474 2199
422 1619
2218 1922
189 2653
1595 1686
2245 600
2130 1479
1681 2949
2156 2107
1393 512
2386 911
91 1686
2373 2598
761 2842
2710 2598
1686 2557
1895 2598
2530 1043
2232 2305
1792 2521
848 1038
485 2598
1686 1098
1686 2366
2598 438
1686 2434
2630 1913
267 2407
88 226
2560 374
1977 1185
2009 514
2020 1686
1438 1686
2598 1851
1686 4
1686 1467
250 2783
2479 2598
2598 821
397 2804
2112 1393
540 579
2230 401
533 2598
1906 2941
416 1579
1150 2306
406 1686
204 1308
1686 158
2076 107
1686 207
1146 2598
604 1119
1983 1703
1476 1351
1330 75
2815 2870
1435 1237
456 2598
2126 1342
2563 2566
2012 1599
177 515
2639 200
1884 1439
2541 2900
665 1686
444 1949
670 2598
1444 1551
2562 543
1484 24
1093 546
793 2889
1020 1706
1157 397
208 1543
2910 631
2885 96
858 201
171 1686
2598 670
1498 1885
624 2275
94 783
2598 1892
2345 963
2105 1686
1686 795
2598 1805
2354 199
2686 1926
1686 128
2961 37
1686 1489
1686 2377
2460 1510
2781 493
2077 1447
1811 2598
486 2277
2822 2598
1931 868
2598 754
1686 278
1686 184
1686 2453
798 2564
1708 1700
1854 2598
2800 2598
2598 1469
2515 2610
135 1686
595 513
2751 1686
787 1344
527 1686
2559 2557
1686 1543
2489 629
2676 528
939 2877
499 889
2693 1686
934 1277
1928 1686
2038 28
2314 2598
1602 2914
33 2598
1863 1686
2609 1780
154 1688
402 295
971 1686
2260 2719
2050 763
1184 2814
593 2244
1656 2083
2352 1686
269 2275
2566 1606
2598 2282
1964 1411
1680 2598
1862 322
625 2598
883 2987
1802 1455
223 1686
1132 738
1452 1686
2871 941
1588 993
799 2598
1820 607
709 106
2150 1206
68 2598
685 1733
2461 2040
795 2984
1846 1686
1082 675
642 1249
1731 1256
1154 1827
233 143
2598 240
2793 1548
59 1686
2776 42
2598 1052
2348 2598
2598 1638
194 1317
2278 447
1686 1499
2504 287
1686 448
1918 2598
2213 2598
1430 1059
2053 2598
2687 711
1027 1686
108 847
1839 1165
587 942
2598 146
1686 118
2230 928
641 275
1686 1763
435 1181
1745 25
658 2395
557 2902
928 350
2164 2231
125 2598
2540 2087
2598 1428
1686 247
2335 2172
2466 927
56 2390
496 883
391 2753
1686 1772
2639 1232
239 2598
2598 1314
342 1686
751 2408
1917 1566
2598 60
432 1133
2598 1807
2756 1575
123 833
1310 1463
2598 900
2480 2199
1514 2211
2090 1825
2598 1454
1686 1769
1549 1686
845 1734
669 1124
2628 2439
2598 347
2598 1864
2917 1686
1686 992
2898 231
2532 352
931 2739
2361 1193
2647 786
1686 237
2415 1814
1760 2598
2810 1686
1874 1906
256 860
1686 272
542 1129
919 1180
2503 1375
2127 609
2457 536
2646 2672
2011 749
666 2821
856 1409
461 1686
172 2275
2543 229
1450 2610
213 483
2627 2616
2598 502
2665 2686
2789 1823
1148 2598
2598 2273
1189 117
2598 1708
2061 2037
1364 179
260 1408
2323 273
291 922
450 2598
2273 1540
827 2598
880 1890
2347 1686
2000 1047
2835 1247
143 568
961 1812
1686 2987
2598 1400
1686 2263
758 1686
2506 803
2598 1435
2239 2881
2598 2478
307 3
814 1266
2911 2129
1069 131
2022 2598
2290 410
614 177
302 1594
1601 890
1236 2947
887 1121
1351 419
1686 2617
1025 2977
126 1686
2001 2598
41 1279
1382 2598
2419 2598
1686 2506
2431 945
634 1686
2067 1725
1686 1542
1686 2567
2598 2416
635 2598
1348 615
1686 991
353 2793
1605 495
619 2734
148 2639
2682 273
988 1855
201 177
973 1686
2408 1686
2250 2598
590 1686
1298 2512
2240 1606
829 2598
1090 2959
2129 2922
792 1686
328 1670
171 1445
2598 904
1784 1068
2393 2345
2000 1021
207 2228
276 2432
846 1686
2214 2342
2916 1778
2092 915
285 2390
2228 739
1946 1686
2598 127
1686 1346
2911 2087
1836 1861
1800 2598
1092 2094
232 1476
109 2657
1035 413
2847 1004
383 420
1479 703
923 2598
1577 2768
828 1486
13 964
1648 1686
1498 2876
150 1686
1718 974
1645 991
1444 919
1786 1599
115 2598
988 1686
2780 2598
251 1686
1202 2662
2891 707
196 1883
629 1686
565 2598
1773 1544
396 319
1686 2814
2804 2258
1922 289
72 1250
1686 1292
1186 2598
1231 423
1686 390
1579 828
534 2626
255 2527
2813 34
1294 658
654 2346
1021 1508
1686 735
1676 2598
501 2003
1119 2598
551 2598
1430 2501
2023 344
2993 81
1547 1686
931 206
1956 572
269 1297
1147 376
167 1907
931 1014
1591 2456
1311 2208
770 2598
2 586
1937 2929
2117 1951
660 2979
2598 508
88 2598
1353 1669
2598 127
1820 2451
2075 124
2598 2465
1822 1652
1042 2598
602 1026
1786 1731
2883 2799
2173 2572
1917 493
1217 1616
1686 1143
274 2267
56 124
1242 1613
2598 2539
56 565
1636 1931
2598 8
2335 1418
1120 1686
978 1686
1686 18
19 2491
1109 96
2598 976
1686 1975
1160 2898
504 1686
538 2203
1120 895
2437 1242
872 2598
1686 665
1686 1570
1807 1111
2940 1303
169 2958
1702 2726
2185 1716
559 1475
1985 1686
1686 1375
2602 1686
2518 934
1263 1463
2598 2118
1394 107
2156 2438
436 2598
2089 375
2025 1686
1686 744
632 1686
1686 2907
1603 1686
2627 1686
2386 2882
1327 1816
1859 2188
2598 1800
2440 2426
1843 2975
1270 567
216 1138
2712 1925
2473 30
942 2389
1525 366
636 1500
1102 2598
2208 2598
844 1686
2598 310
2890 1658
931 1481
2341 1686
1686 2011
367 1686
2884 2598
1975 1686
1655 2106
1581 2563
2598 2777
1162 2960
1578 2516
2598 1722
2927 70
1779 1762
1686 699
2588 1092
1602 517
2611 1022
1651 133
1212 1686
1223 1417
2774 2598
2598 2930
2457 915
2657 2889
2598 650
2854 1686
485 2598
2973 514
950 1799
1686 1792
2730 2078
2189 2598
2924 2598
783 787
2143 1889
2618 684
771 2284
1674 2837
1161 2269
228 2598
1979 2598
1341 1179
1569 2941
2607 1685
395 1176
2990 2678
2374 1553
1686 1900
2598 2059
2380 333
1980 2996
1726 898
2838 234
6 1104
2613 1686
751 371
2598 852
2598 2380
998 329
2348 2598
2691 1686
431 2598
935 1686
230 2528
2476 1097
2366 1686
15 2102
2886 901
1657 1700
842 1304
1163 1686
371 425
1161 1758
198 2776
1347 1847
1686 2182
2639 2958
2746 1797
2598 2086
289 2670
2209 984
851 2394
69 2552
1478 1686
2598 754
1686 1410
1686 150
1686 559
497 788
2598 1919
110 2224
401 2598
469 723
2770 2253
2540 2598
2598 2777
1331 1686
357 948
2598 1751
1061 294
1845 83
1282 350
1686 4
1686 171
943 964
1835 2788
663 1686
586 935
752 2307
2462 2598
1574 1713
1127 814
666 1078
2559 2698
1686 1401
2598 2779
1636 1841
855 2598
2598 169
2809 2598
782 2213
1346 1548
1567 2496
1304 516
2224 659
1280 1380
2055 426
1686 2181
2598 2050
2823 2688
602 1686
1101 1686
2598 1965
166 2595
709 2049
452 1739
1536 2692
2862 1565
460 2839
1124 2598
644 2598
1686 2973
2071 208
2835 479
1362 2056
1386 2598
1105 573
48 2598
1950 1430
2727 411
1039 1686
924 1103
2638 109
2062 1686
1923 2170
2920 1686
2555 2440
2261 610
2115 1686
1686 343
2981 2295
1937 2308
2811 1686
2664 1317
122 1125
44 2194
2308 1686
1701 1343
1811 2598
752 1151
2598 1669
2598 2160
2250 2598
460 1227
2598 1348
626 1301
1766 1686
322 681
883 1514
1878 1261
2020 1538
116 268
168 2598
2805 138
578 2044
544 2718
1223 1884
2598 1895
2769 1003
973 1601
803 1582
59 612
1628 145
2011 1712
1151 2041
1192 928
957 2178
1147 705
1407 2598
2598 231
2446 1946
2198 1875
86 1975
2937 2313
143 111
2652 49
857 2730
1616 2422
1184 2487
730 747
2695 834
2827 667
1430 1686
1976 983
1686 183
8 1529
1948 2598
1780 916
2598 1795
2598 1340
2018 1239
1941 2010
1973 2598
1686 947
2422 2359
2336 1844
342 2707
2179 1686
1686 2229
392 936
1700 2790
320 1968
1834 1196
840 2864
1372 506
977 1666
2598 2684
1475 1582
1813 343
2987 1686
1005 691
2023 1686
1014 1686
2598 1181
2294 2651
2643 679
1423 1427
2598 1798
1007 1416
225 681
418 2929
2109 1510
916 2598
1843 2666
2615 2230
1580 1816
2227 1686
9 2598
1686 210
1198 693
1223 1551
1686 1410
932 309
992 1963
2148 1043
2343 1686
2276 2686
1686 2025
2598 884
1653 2691
142 2598
320 1000
1439 1686
2375 1686
217 1728
473 1686
1686 1604
1972 2937
1937 182
2669 1102
205 1686
2139 1127
1686 2209
2762 704
2917 1857
2598 402
50 1789
2625 245
2428 2598
1358 1809
917 2598
2202 731
848 1604
1686 2490
2030 2171
1587 2437
1146 669
1747 2236
2830 1399
1686 2569
2130 31
2622 1646
21 2165
2033 2536
2598 2274
1795 1778
2742 1081
1137 111
1326 2963
2595 1039
405 1673
1813 2600
744 2855
1310 1078
194 1927
2598 1374
2665 2017
1488 2425
2995 734
2906 1686
1998 619
358 93
1918 1431
2598 2002
2868 1585
1686 1135
2390 1295
1856 964
844 1170
1732 2598
1686 2973
1982 763
1195 566
1306 869
2906 1686
1686 1030
1621 1802
629 1686
2954 319
2356 2598
2426 2015
2884 2165
787 2329
2511 797
1636 222
1686 1533
1449 2820
2598 1876
314 2598
2845 2598
1878 2679
1686 2854
404 1411
2598 540
1686 1130
1390 1099
2598 1970
2281 1185
1686 797
2598 2808
2598 2821
1142 2495
995 2791
2598 423
2249 2640
400 2598
1130 1686
2598 2675
2378 824
1640 2197
1686 1939
36 1816
2718 705
1389 1000
2802 2598
2794 2112
2951 2598
1369 1206
416 1486
2172 2598
1686 1668
44 1489
2615 1077
2598 2200
1686 523
2331 57
695 327
2598 1982
1663 2472
2598 1751
1400 1901
1812 2598
1397 2131
1211 2655
1562 139
409 968
2598 1882
928 116
338 2658
2297 2963
105 2367
1057 2093
1959 2424
1920 1269
1205 2325
223 2000
2486 1686
836 1686
2692 1128
2892 2917
1971 2467
187 2598
1413 1686
2244 1289
1686 905
1642 1686
2598 2472
2403 2719
1929 2385
2440 1535
2598 1994
2659 2598
130 550
359 2567
1154 2876
1686 87
1686 114
2396 1686
185 1686
2598 441
663 1686
501 2598
1534 2865
2334 2879
1378 2255
2053 2533
943 1419
1333 354
778 214
1680 899
2523 1421
2738 1686
1686 2302
1851 383
2856 2598
502 2458
1686 845
2598 2972
383 1708
250 2439
2598 1502
1686 2461
289 1606
2304 649
2492 1686
1686 2996
213 248
2232 1015
1686 971
2974 2586
1686 1278
224 2598
422 2598
1686 349
520 2238
1263 158
2953 156
1686 2996
1603 1686
1601 2166
1686 2101
1686 2814
1366 775
2767 1659
1686 850
2598 671
2059 2211
1344 1593
2561 1387
2789 409
2686 1971
2598 517
1023 2225
2098 552
2715 2720
2664 1686
1656 2745
774 723
2176 2598
1497 1767
1969 434
1176 243
2312 630
1464 2331
939 746
921 1686
1686 1763
1993 2346
685 2857
1686 1147
1441 648
2598 932
647 2598
2598 651
289 1266
593 2598
559 1654
311 1191
1609 1686
1248 1373
417 1849
1314 2598
1686 2333
1064 2598
2598 1196
1981 2349
284 764
2598 2809
2141 1686
2598 2951
767 691
2259 935
2673 679
2495 577
1316 2598
2312 147
1682 2654
2034 2967
120 1853
1686 2191
2681 2598
2598 1080
2598 713
361 348
1365 456
2696 2231
2879 1463
2598 748
2598 477
41 707
970 1348
2263 883
220 1383
1686 1484
1733 2702
2598 2680
2777 69
892 1847
1986 1825
1423 1380
2563 290
1742 2574
355 1686
977 2146
1415 1839
2163 2598
1540 2339
1686 576
408 1686
2838 2222
1041 1686
1675 1222
2132 195
2598 2012
1544 2598
2598 2428
361 246
935 1686
1686 1377
2096 1609
77 1686
2581 2598
1214 1686
2370 1686
2598 2808
1075 2452
2598 2522
692 771
842 1748
2598 2930
2856 1083
2598 485
644 1607
2276 257
2466 2907
684 1166
297 1550
240 1480
1492 638
2389 1571
1699 1969
1068 261
742 39
488 1718
1686 2414
161 520
2598 2012
2114 2073
1356 31
1224 1246
1686 2375
994 2811
1366 2224
2070 1686
1386 337
2207 1775
1686 2948
1891 2897
1959 2204
2324 1829
1557 2010
1940 425
2905 2216
1686 1334
2013 745
1966 2093
2616 2134
923 2598
1922 2598
125 2598
1686 59
1686 2036
199 1686
1344 197
2598 1621
437 1164
1686 2289
548 915
1589 2598
681 2387
1287 1049
1908 2379
1302 1686
612 1033
1421 330
1686 580
2206 1651
435 1806
1205 2251
1397 556
1363 1258
1686 1308
1440 1592
1881 2001
2598 2172
1686 1030
1006 2598
418 905
522 1170
2573 2513
54 433
2990 2383
2752 2598
1611 2598
1963 2290
2675 2598
152 2602
2758 2787
2598 2348
2598 1252
1554 1112
255 2598
2570 2598
2485 1361
2920 1686
1819 1950
808 1539
430 1686
1455 2515
2940 2933
1984 1900
1195 2699
693 827
2389 1911
169 2598
2824 1327
527 1686
338 2646
2276 2600
2527 1561
2154 1686
618 2875
1063 1398
794 2746
216 572
2472 2598
963 1966
1241 183
2868 2274
1416 529
264 1188
2598 1611
2234 2124
1989 1686
459 1686
992 1686
482 1686
1686 1481
1906 1529
114 1686
1686 2602
1686 263
1197 1255
984 1180
2967 1720
1686 2917
1265 2195
534 2397
2598 1659
28 550
1655 1312
2087 47
680 1301
2558 2043
1830 1612
2119 1232
658 136
1686 1817
610 452
2208 2598
1686 1648
1617 672
867 1023
47 766
354 705
2196 1686
2084 365
1590 907
147 2598
1686 563
1332 2922
1636 2055
1686 2269
218 880
464 406
2598 799
1904 737
651 1853
2664 1686
71 2234
1307 1686
2622 1686
646 2556
2549 2598
2057 1728
1686 991
1238 1420
1686 2254
2430 2005
431 2598
2888 1441
50 2950
2532 1427
45 1886
476 431
2344 910
1742 251
2058 2598
2598 603
2600 2905
1634 1993
2542 2598
1226 594
1009 301
1570 73
233 1137
2461 1344
2598 631
1458 398
1170 1404
2598 2803
1151 2246
389 2581
1686 1644
2125 1418
249 2631
1686 1307
2560 642
1289 2598
273 1836
1541 462
87 2517
1727 2598
1916 884
1686 236
1007 2298
969 2892
387 296
1686 1053
1686 1533
2796 1997
2395 2985
2598 2357
1686 2888
1461 1686
2609 2785
356 2051
677 2858
195 1159
2181 1686
520 676
2319 1686
1686 2173
1758 876
2400 2896
1725 1373
2181 1040
673 1190
1966 1183
223 1686
652 1764
1290 2205
198 1587
2994 1936
848 2878
1200 1085
1425 2598
1112 887
1693 846
170 414
1667 2598
998 1876
1067 2338
1138 2908
770 2598
2598 193
1683 1686
339 411
2109 1686
2456 2598
2598 2740
1686 307
47 1321
256 905
717 2699
834 1686
183 1686
2528 1500
2050 945
1039 1686
924 1251
631 2598
686 1140
2363 2598
1452 1056
2323 2262
2598 299
974 1314
1178 2439
1641 2598
2163 2534
2598 2451
2598 698
2556 1243
90 2452
2784 2429
1 2598
1615 2864
2884 2598
1283 1756
704 2598
2362 1193
1883 1998
1337 1686
2675 1587
1849 2742
2863 1686
1235 585
1686 2020
2147 926
1737 2598
2878 1686
1686 1036
1684 804
622 1219
2235 2296
2598 877
235 1602
889 2167
2333 1686
1043 1979
1135 1686
173 2598
949 1686
962 244
1845 1770
532 421
2666 2098
1512 2039
2602 175
2598 159
45 2297
2598 500
931 1849
2598 471
2692 1386
361 2360
710 2598
1408 2828
1686 2453
1686 1320
380 83
351 2598
1686 2973
2875 1205
2080 2598
293 232
2471 1033
1932 1734
2327 1686
808 2598
2598 2205
1792 1686
2363 2598
732 966
1205 1988
2594 313
1947 868
2598 1713
1686 2025
921 1686
1238 1044
2150 1686
2598 2859
78 2505
332 1523
1117 1561
2795 1686
1040 2584
1341 1531
2598 130
1406 1929
1897 2598
2598 2419
1227 385
2598 1970
1770 2713
1340 1740
2598 266
2598 2356
241 2043
2598 2580
1128 1409
1974 1243
2567 1686
1984 654
129 1070
1867 722
1544 2598
2598 1501
142 2598
2776 1613
1686 1452
1686 2285
2120 2598
1824 2249
1153 1772
1686 1569
889 2697
48 1780
1686 790
2598 1785
625 826
2598 398
32 2689
1992 1515
2364 2340
854 1620
1005 176
1686 2017
2986 271
2598 2946
2598 2080
1009 2598
363 449
2380 1591
2099 1686
886 1686
2908 566
1917 23
2870 824
316 1720
1158 1686
1189 2169
1291 2975
2844 180
2790 2700
75 503
1053 1925
1686 1681
474 2526
2598 1
430 1686
1439 1551
777 2598
401 2598
1686 846
467 2501
336 73
823 2598
2314 2598
2760 341
2598 2766
1013 2598
766 2414
1956 2699
2598 1713
231 982
1722 2925
2691 1686
1990 2808
2790 1363
2750 2598
1686 1036
601 1686
648 1686
2598 2373
572 2908
2623 2598
95 1686
2877 1935
2971 380
1186 1565
2598 937
2550 1686
2598 2740
1099 2598
470 2598
949 2286
61 2598
1902 2151
795 1686
1597 2193
2513 574
1494 792
727 2598
1920 1686
2427 2820
948 1389
1457 693
1686 210
116 1882
1686 1668
2598 682
1686 1375
354 1686
2039 2035
1686 1339
2598 2095
2598 2722
2900 882
121 1487
207 2372
2598 1999
2598 2774
1364 1686
1341 606
1865 2099
101 422
652 900
2782 2244
832 2895
727 287
2598 502
2598 2064
1603 1706
2598 1854
1686 1096
1877 2598
1686 94
2470 1686
1686 1349
1776 2584
598 1161
2744 2350
1506 1463
1501 2598
877 2598
1428 1287
1669 2516
640 98
1992 2598
546 2376
2912 2598
523 2505
2357 1480
487 2598
1192 2201
1691 2691
304 1662
2598 33
2270 845
1586 1242
1686 2453
983 2376
1686 836
17 2598
2245 2598
1239 2696
2268 2969
2555 575
1770 2598
288 1501
2712 1293
2598 547
1737 2668
2633 1515
1662 1359
3 2183
2598 1536
1686 2447
2598 2978
1024 2598
1788 1686
956 857
2529 1775
403 1996
2925 447
2632 570
1416 497
1960 2598
1506 129
406 1686
1453 1631
1388 404
1367 1220
1185 2463
2653 1863
605 1311
1998 1926
1234 2211
27 1295
1080 2459
2442 1651
1662 1990
1799 2932
1686 996
2427 864
1809 1895
57 1826
115 1995
602 1686
910 2598
1659 2485
1655 1763
2598 420
2458 133
645 1686
295 297
2738 2235
405 330
2512 2977
1686 790
874 1724
1146 2598
1910 454
1828 2870
2516 2986
1751 703
263 2648
2598 137
1627 1783
2598 1993
2598 1669
1390 2305
1285 2598
2875 2161
2598 1395
224 2598
2598 1435
2598 682
2895 772
1491 2373
1210 1812
1326 1686
1686 2943
2084 2045
640 2598
1770 2598
601 1686
2240 580
1446 590
1492 1163
1686 1953
2770 2534
1686 1357
2373 339
2858 2650
2723 1686
796 1686
2085 1310
2824 214
1149 2607
2598 756
1803 2640
2902 839
1646 857
2796 93
750 2096
104 2598
2795 622
2346 1558
883 558
1018 2724
2598 2924
2644 2072
2124 510
133 903
2024 2797
1738 2766
2612 841
1153 2618
1837 594
2867 1991
722 595
251 1686
1686 2082
2950 2405
2598 626
1749 838
342 1686
1046 1012
2598 799
1335 2218
121 2633
1006 1945
2742 2302
2024 1686
913 121
1686 322
2598 1164
186 2144
1550 2827
1686 1749
1686 583
2410 1327
676 1338
2598 2841
2938 1604
1805 747
1442 436
2598 2657
2849 1686
613 1686
1086 1686
1686 1176
2219 396
2435 2544
348 1696
2726 1686
1686 390
5 2728
413 1605
2705 230
1494 2229
732 840
2740 2598
2598 2782
296 1330
764 2598
2634 1556
2157 1686
1888 1794
2922 1193
740 1686
2598 1994
2801 281
482 2041
866 2827
1523 2112
2084 486
2598 2479
1686 955
1958 2535
176 767
2307 2041
1365 277
432 184
2177 2666
1686 1434
1630 1285
455 271
1960 1325
2477 2607
1939 2186
375 1498
1640 467
1569 2660
1123 702
855 2767
2758 2838
1900 1686
1967 1686
1942 1019
1311 776
1019 950
1007 2488
1924 2598
2297 2909
930 2598
506 2136
456 1663
92 1686
605 2598
907 680
1686 804
1686 2184
2216 1174
2598 633
2485 2012
792 43
41 2925
1686 2664
1996 2407
2598 979
2166 1600
2279 880
86 1086
2851 1681
2495 74
1686 313
1598 1686
845 1686
1686 1079
1686 1683
705 2652
1686 2182
990 964
594 449
2598 2588
702 1761
111 1318
2141 1686
779 1686
1509 1686
144 2598
1686 2101
1686 2486
2598 623
1216 315
2852 2733
424 1686
600 1808
2598 655
1771 1103
755 729
2209 894
1399 2293
783 980
1686 677
2897 2896
2899 2816
146 2598
593 2598
775 1542
345 1698
2895 904
657 2598
1781 2970
1348 2598
2768 1321
2713 477
1924 1830
441 2528
514 2045
1553 2709
1548 2875
2598 2869
2241 1004
483 1393
526 2326
2100 701
1369 1686
732 2057
1768 1512
2071 2385
1779 2926
1739 270
1169 1949
1413 1370
1404 2980
390 1686
476 2698
1050 2840
1556 1494
32 1686
2802 2598
2355 960
2521 796
2598 1485
2267 1686
1249 2611
2761 1777
85 1044
2598 2828
2148 2805
2496 2598
1855 1860
1060 1968
2301 2598
555 2598
1686 2658
75 1240
1686 939
2598 2690
2839 105
274 2791
443 1686
1997 160
721 2087
1662 1112
247 2385
1555 1546
639 879
2167 1665
2545 801
969 1141
882 1418
500 2598
1686 236
1686 1280
2598 2540
1686 2510
399 1422
1686 2798
1526 1686
983 471
1686 2401
202 2786
433 2149
1938 1686
2538 2598
987 1686
2478 579
2598 1064
2142 1686
2867 1020
2414 1686
1080 2598
756 2598
1296 2426
537 1835
154 1248
2959 2436
2628 1686
1533 2995
315 1025
2598 384
2761 2598
1940 2598
186 574
1272 1397
2112 84
1105 2592
1650 298
1895 825
1706 227
1618 1891
1686 38
2389 168
1627 2598
933 308
778 2770
875 1686
639 2598
1686 1772
1372 2582
1686 1350
2315 597
1325 1970
2375 1686
1512 2106
2598 1586
2598 2136
2116 1050
2846 2714
1291 2307
2157 1686
2377 1615
2499 2
993 1610
1477 879
2502 2006
2381 2529
1686 2206
1686 2613
451 1110
1686 2434
1686 1103
1036 1693
2598 1536
2612 1235
1883 1339
1686 1027
1797 1319
370 1686
2598 63
2160 1018
1173 2904
164 1640
1766 1686
58 1686
369 2598
2414 178
2829 145
1983 2370
1686 743
2339 204
2860 614
2137 2574
1454 1930
2484 212
1686 1101
548 1897
1686 2574
995 2250
696 850
1590 1328
780 179
1784 292
587 1454
708 774
2114 1764
2598 2431
2983 2598
1254 896
1520 1686
2598 1735
1686 1841
1614 814
1761 2402
1852 113
1069 661
1686 2846
1893 2927
2516 455
119 528
2598 605
1686 1180
1142 1686
2503 1449
1686 1664
120 2598
1117 2750
2050 2598
126 264
2598 2047
84 2026
1697 2980
1640 2564
1571 2857
301 616
2579 340
1079 2262
2215 2316
529 2502
2918 2598
934 747
2220 748
1786 35
2598 1436
507 1686
587 1571
1829 1589
117 1674
2436 1232
1323 898
1686 2969
1278 1686
2827 2114
165 1379
2039 1736
2720 1686
199 1686
1095 2621
2050 1869
1099 2598
2598 2394
34 1351
2598 2261
324 33
2598 999
2921 901
981 1098
2814 1686
431 1858
2803 2804
1684 2079
2598 2472
300 2195
2293 2598
2598 517
1208 956
460 561
998 1412
1894 915
1800 352
1686 139
2324 2598
119 1087
872 1472
730 2598
2598 1483
2598 942
1838 161
2269 1686
797 1686
2245 2598
2906 1293
2632 2387
60 285
1243 1373
1475 1432
1663 1144
2656 1144
2598 2167
2323 1211
1686 720
1302 1686
787 1686
1 2203
2601 2372
1228 2459
1686 1320
732 1615
1230 201
955 1980
2968 347
2598 332
685 241
1258 1752
114 1686
2725 1080
1035 1686
1686 2443
996 1686
1382 324
1099 569
2598 2588
378 2820
1477 2981
2062 1835
2056 1191
736 1686
1659 1738
1686 2166
714 2283
2568 1686
653 2327
261 2598
1246 167
2455 1686
1164 2598
1200 573
2219 2598
1359 1729
1029 2598
2240 412
2821 1345
1823 1686
1904 1132
2994 1123
2598 1594
2534 2325
2927 172
2673 1881
2751 1686
978 1686
2139 641
2217 1504
1017 889
1686 1967
2209 2000
1690 1576
196 1901
165 2379
510 642
2523 2598
2598 1979
1032 1416
913 2598
1686 2964
2598 1674
445 2407
791 362
2598 2373
265 2717
1360 1111
811 2787
1559 101
1571 2598
294 1091
1128 2995
1686 1871
1078 1506
1686 225
1292 532
1691 1422
1563 2598
1638 2598
538 830
2142 2797
2598 1940
2598 331
2068 2598
2944 1238
2311 1599
2710 596
2399 243
2601 1865
2722 2598
2394 2598
1352 2598
215 2716
2108 1227
2598 2538
1686 2115
1686 2142
1350 1686
1540 2390
1163 1686
325 1686
2881 2598
2963 1149
745 131
160 1686
2258 1634
1686 246
929 2765
2254 2147
1006 2598
2202 2608
1400 975
2643 1666
2291 1869
2866 2663
1772 1686
1390 261
496 293
2689 483
22 1262
2953 1933
2598 920
2510 1686
408 350
614 2708
1686 1951
384 2725
531 1551
1639 1252
1686 850
1686 2395
2742 2756
2332 378
777 2598
984 1021
2938 2397
2235 2702
2247 1166
393 1790
2609 2364
2653 482
2446 1660
674 2919
1229 722
2004 2598
1086 2084
308 1651
184 1388
2307 2663
1686 887
1066 2598
2651 998
1686 197
1732 2598
568 578
2598 2675
2570 2598
2246 608
288 1165
596 1342
1686 971
1654 2945
1913 2172
700 196
336 1686
1790 2526
1848 1973
382 1686
2807 864
2598 1230
1041 2555
14 166
2598 1877
365 86
2271 682
1300 753
2598 670
1934 871
1686 2400
2598 2261
700 1339
2450 858
2368 1686
1686 2085
1163 380
1361 1731
2284 1864
1467 2439
2680 2598
2598 1433
1123 1041
1977 1686
2068 863
2527 1557
1285 2674
1811 1529
391 1448
513 2598
2598 9
1100 2656
1563 2598
1148 2598
2598 1433
1152 2869
2382 1686
2087 2064
348 1040
2934 1686
1363 1224
2430 1844
1686 1555
1686 1490
1598 2873
495 1337
2801 265
2458 2442
1686 1920
1646 2621
2858 1911
580 1686
2331 1686
52 1198
2817 1686
1887 298
1818 2221
1711 1686
859 372
2170 1494
2878 2719
353 2770
1834 617
1686 949
537 1686
450 2598
1686 283
937 2598
563 2426
1686 2295
2174 2678
1791 2375
2598 159
842 1744
1736 1134
1686 354
1407 2598
2211 1073
1686 2032
2598 904
502 1495
353 2325
1568 1986
2367 1372
2013 2458
360 1232
2170 1577
1907 1323
323 2959
1509 81
1652 2680
2068 521
225 1862
2890 1342
382 1310
530 310
2598 1225
2868 82
1530 2598
2598 2588
892 1686
954 721
1562 1303
2706 2248
1686 1240
758 619
951 95
1156 896
1725 2556
2248 2212
2021 2743
2463 1686
2598 1822
2205 666
21 208
2598 2982
2898 1309
251 1686
822 2178
2383 1686
1658 1686
2835 312
2596 2565
76 2736
1145 2598
1010 250
722 1684
1831 443
2888 1686
890 1110
1374 117
821 1878
1686 1222
1455 2562
2986 2598
623 2957
2238 1425
1425 2598
1945 144
1968 1908
2928 2598
994 1381
1686 1156
313 1686
885 1256
1686 2658
25 410
2292 2598
1670 2046
2598 738
1686 1888
649 1686
2735 2110
2935 2598
778 2547
2736 2598
1686 1156
1021 2921
2401 1686
2444 936
132 277
1686 1692
2789 2775
1686 2723
1147 544
1229 1471
2179 44
346 2598
1686 2758
546 2285
1374 2598
1999 1207
1519 1502
2598 852
1238 1564
2753 369
2673 2174
175 408
2526 868
940 933
1591 2686
1703 2464
2748 2598
977 2598
2724 454
1467 1686
1854 209
97 39
1526 1686
1686 1434
1686 1253
1686 2269
2598 1807
2598 2189
1795 1956
2029 2945
1371 49
1686 236
1884 2685
2024 1686
408 1686
1686 1509
2598 545
2203 727
2598 2120
1362 2364
688 2598
493 425
2300 2598
1686 1972
2598 1382
1686 886
2474 2072
871 1686
2598 2919
2598 2361
1601 1457
757 2926
1686 2157
1500 2705
2404 628
159 1830
1686 991
2425 1687
1126 1359
874 1207
1686 2316
1610 1686
1819 1686
1686 473
1686 2166
507 1705
1617 2598
309 1298
663 1653
1163 1705
40 1686
1686 576
1686 1415
1686 1677
2019 2587
1806 889
2942 2352
660 913
1686 2447
1851 2598
2347 1686
157 1686
1864 2044
2353 1625
2532 1177
1686 875
786 2762
1863 1045
531 1686
2242 1061
712 2116
2542 117
2453 1624
1686 1366
2598 2856
2598 2469
1281 953
2598 2005
1122 1686
1686 1598
2836 1686
1686 1489
2895 2498
2598 1060
2841 2598
1906 967
726 1686
1703 1686
367 1686
2598 2577
2598 979
2756 1539
2985 1294
1686 2184
1686 461
18 2247
1089 1654
386 602
194 1332
2598 651
2598 125
2598 2192
2954 965
729 2856
2305 1394
2001 1666
572 1778
2832 1686
2598 1485
873 2598
1948 2598
1686 576
188 2243
497 2598
2548 2540
1686 1093
2598 1264
1686 2370
936 1481
448 1686
792 1923
1686 1337
2598 1627
755 337
2497 1095
2598 2679
2066 2861
1418 1202
2598 351
1929 1686
2598 731
808 2598
1480 1223
2015 2648
428 1727
2468 2270
1169 2712
2286 2775
2598 2241
327 1110
552 2488
440 1686
211 2571
725 1686
2520 2871
1957 1018
1113 2598
619 257
1555 1686
987 1097
1584 1449
2741 2852
1993 2598
1762 1071
776 2003
2989 1777
2599 2598
2598 2679
1063 1686
716 1406
2425 1858
2598 422
2600 1174
175 2615
621 2332
1686 2168
447 2161
896 2724
308 1995
308 1271
487 2598
2258 1182
46 2598
101 670
241 2702
1954 1484
423 2598
1686 1499
1476 2813
2247 1552
1386 1083
1005 584
631 1778
1944 413
2798 1686
943 1299
2598 2358
680 1679
1686 2316
2597 2324
2418 2598
219 2598
1686 1939
2598 497
1288 1915
2770 972
256 119
50 671
2598 224
1783 2853
1781 1133
2968 772
2448 2131
2598 2311
2280 1039
1346 1686
1686 1253
293 871
2916 2598
2227 1686
2991 1686
2976 1428
2536 130
2317 2847
1843 2307
1686 6
2605 2598
2974 1698
2166 1686
36 2598
2874 2598
1277 1805
2105 2268
2598 1017
228 1867
1499 1868
1269 2583
2173 1686
1100 1184
1578 271
2598 2200
2598 551
2598 221
1686 102
1172 2433
1028 1496
2172 2598
490 2598
401 1077
1504 2356
2598 306
1686 1478
25 284
568 328
1213 378
2853 1903
855 2598
2335 2630
1141 668
78 1686
1820 1500
564 41
1719 1412
431 2598
2272 1686
1686 1685
2598 11
1686 649
2598 1732
1156 1686
1799 1686
2598 228
2731 2598
2598 1234
1686 726
2097 2792
777 2759
1450 1746
2299 1554
2892 953
2598 1299
22 1756
81 1534
2598 2273
2160 2598
368 1686
1709 1185
2480 2598
620 176
1250 2493
2779 2598
1667 2598
1686 151
148 2119
1121 2333
2598 2544
770 2598
2352 2715
1541 1046
2602 1686
2884 396
1671 2598
1374 822
1686 424
1686 2613
2551 1844
1808 963
527 1686
2073 1686
1686 2289
2396 1686
475 1217
902 2598
1961 2391
911 874
2524 2724
1686 2154
1251 2180
2749 2051
604 1479
1154 279
758 1686
2473 54
2557 1686
1344 2583
2521 1714
2920 1686
2598 61
453 2695
2598 784
428 843
262 2030
577 1686
270 416
1606 2218
2295 1317
2900 2598
2138 1561
1282 2271
1100 1365
2970 1647
2364 2398
2223 2598
1382 2598
23 1686
1387 1686
2598 1948
187 2598
599 2598
421 1861
2938 2626
1490 2558
1935 675
829 2238
1355 2018
2598 462
438 2598
2614 2779
1969 2954
2031 2598
1686 184
1883 1452
2598 164
505 109
489 1078
648 1686
2072 1378
1135 1686
262 2599
2565 783
766 978
565 2598
2729 2598
331 79
2460 1607
84 1360
2598 800
1686 503
2598 1196
180 867
92 1686
2097 2590
1953 1686
2143 2598
220 2546
2598 2552
2598 2145
1859 2536
1686 2343
1067 2598
79 1327
1891 1443
2494 1353
458 2598
946 1748
2225 2108
504 1686
1384 1686
1977 2760
1686 409
1731 634
2598 231
2933 560
1118 1686
1197 442
1686 2487
2955 2598
1479 1356
116 1282
2859 2598
1345 2418
529 2081
399 1367
2607 1336
2306 2361
725 1373
1451 1807
1431 1243
241 168
1342 2961
2640 757
1686 1424
240 2598
463 1033
1260 1183
945 1024
182 418
2142 1328
2669 953
2845 2598
810 1686
1525 1709
1303 2083
1273 2644
2080 2958
1188 2824
809 1679
664 2511
1693 1046
48 1875
2628 2783
1097 2073
2129 1150
2598 2694
1291 554
1072 444
1218 641
26 1686
1686 526
2736 2598
2117 2678
2598 633
2121 1868
2430 2030
2278 2875
201 1228
748 1429
34 1806
2029 2752
737 2557
148 2436
2409 2530
2993 1004
1686 1093
1822 2598
1686 1035
1426 1596
1465 1456
1686 2573
2533 1727
1505 162
2826 136
2294 815
2598 748
2864 1686
1660 1686
62 1656
765 1105
571 2967
1686 804
2646 2762
1081 1686
1095 2622
237 1686
449 521
279 2939
2027 2598
1134 2028
2378 762
59 1686
2840 2795
2688 2066
2153 1305
84 694
1143 2190
2313 1551
2598 46
1686 1158
513 2598
2582 2047
1686 2327
1686 646
574 708
2598 388
2598 1060
27 1540
16 2303
2879 221
2598 393
1865 1585
466 1686
2718 1873
2241 1748
2724 1167
141 2238
2406 2010
323 2598
1236 1576
686 2111
2603 1686
1310 2334
480 2598
2598 1126
1686 2045
2598 1859
1440 1686
997 2621
1172 2903
1452 700
1324 443
2081 1482
1056 498
873 2598
2082 658
1874 1811
2972 288
636 2451
2598 60
1686 139
2849 2409
2598 2200
2624 555
1686 577
1686 2944
526 1686
224 1167
2459 1201
1686 1704
58 1686
2577 2598
213 1360
1954 171
946 2446
2688 1689
320 249
2734 1686
996 2825
2834 881
2721 1962
45 1627
2171 2481
3 742
2667 829
2965 1686
1199 1660
2798 1686
1012 597
1831 718
985 1381
2680 2598
2598 131
112 456
2598 713
981 690
319 2598
2261 1739
1580 2598
2253 779
1322 1881
2595 1101
652 2476
1152 2897
725 1686
2826 1757
2193 491
2598 2780
2598 2111
2221 1726
1827 1686
2865 946
1686 2414
1044 2533
2598 1082
1686 23
1731 414
1686 871
328 111
1512 280
678 1905
2626 848
2598 2859
2598 2135
499 2228
2847 2598
1028 286
1686 237
347 2598
2506 2531
2675 1213
1732 1116
1686 1644
283 140
2649 1005
2643 2117
2873 1058
1686 2550
902 2598
1686 1019
1625 1587
1908 2826
319 2598
2598 843
1152 450
1668 2760
747 1631
476 327
1936 921
2598 2205
1355 2727
1605 1829
204 1270
1432 2303
1686 2141
2367 2360
643 1686
1283 1075
1535 1710
592 2482
2251 2598
1417 2313
1505 335
587 340
310 2598
755 1083
664 672
1337 773
461 1686
1390 2796
1916 2819
1480 2313
818 1686
601 49
870 1964
2598 2437
209 100
627 2598
1198 2598
2176 2598
2905 343
1078 1070
440 1686
1686 2070
1686 935
597 1695
185 1686
2374 1451
759 2432
1686 1093
1686 2106
1155 1434
1686 26
2598 1215
2746 2598
1852 536
1017 2598
2755 919
1566 1686
2703 2431
2673 2990
1237 1318
2598 1181
1393 2070
2159 1519
2467 2598
1686 2257
358 1390
1686 160
1330 1647
1241 107
2337 2598
2598 2391
1051 1002
117 2618
874 2882
2016 1334
1686 160
2358 2598
2598 2282
1747 2699
1769 2844
1394 2748
1048 563
890 1686
2907 1686
452 828
430 1686
2431 2598
1937 1447
612 960
25 2668
643 848
2598 687
1686 151
1454 2598
2883 2820
350 2082
1686 1405
512 2186
1412 653
1054 47
2061 172
1031 1686
911 770
1284 1151
1686 1595
42 1686
1496 1686
2535 2348
2598 2761
1955 1606
491 1686
2758 2727
1513 2598
1306 755
2591 2728
249 1389
1666 941
424 1923
2598 1175
1468 1606
1996 2084
1873 533
1800 2598
2598 1094
969 1686
2102 2598
2110 1274
82 2598
2077 611
587 1911
2764 1189
2769 1522
2204 736
2183 2524
1840 476
773 1466
2159 662
2598 138
2455 1686
992 1686
2035 210
2633 2107
280 1216
283 1847
1686 95
1845 326
1910 39
2636 65
2005 2598
2785 1362
368 1686
2598 1992
1568 217
922 2004
809 2598
2598 1669
1934 232
161 1088
2626 2509
563 1686
2320 2598
1686 1896
100 1453
2530 1902
1417 770
1715 2939
378 2598
644 2598
2377 1686
1746 1984
553 1686
1686 1598
1942 629
1686 1440
2420 2989
1376 2598
2800 2598
1962 951
2598 918
2623 2598
335 628
1115 932
2102 1574
925 579
479 2598
1686 2331
974 784
1588 2833
2862 1831
2659 1498
1271 1826
1686 2055
2598 1617
779 353
2598 2651
1677 1686
2391 161
2001 2598
811 2838
2655 282
252 108
2645 2113
2575 2423
1550 1516
2598 53
268 2598
73 1309
2598 730
2477 2637
185 1686
1686 491
1686 1037
1799 1686
293 1514
2826 325
879 721
863 2243
959 1850
1102 1797
1466 1686
405 1158
698 1244
995 187
1195 1286
1276 750
2359 844
2598 2918
2598 1559
1223 1626
2256 2598
639 2129
2582 460
1381 2619
986 2474
388 2598
82 2598
1686 246
1693 1108
2671 1315
909 520
2844 1914
1731 810
928 1672
2351 2186
960 2336
551 1325
2195 387
1716 2836
1686 1524
113 2092
1668 2446
2598 1892
1247 2598
1535 575
2253 1899
1187 2974
338 151
502 2598
1686 804
488 1836
247 1686
732 1272
64 2042
219 2113
1265 2598
317 1149
127 1850
1750 149
2598 942
2877 2442
780 1686
1986 430
1090 615
373 2778
1686 78
1686 865
2387 1092
504 812
1064 2598
1636 1058
2598 2088
1160 2730
610 1198
1165 345
669 1021
277 1527
2276 735
1751 604
2598 319
1686 2158
2934 1686
1219 1686
1029 2598
2763 1686
2899 2575
2662 2125
1225 589
1581 806
1686 1120
519 396
102 1686
1127 2354
2124 1686
1686 1194
812 1432
1256 1686
2749 1257
1774 2739
1947 2598
1031 2816
1188 1686
140 1347
1004 2918
896 2792
1346 2936
1901 381
1686 2360
2598 221
2754 831
332 1635
938 681
1194 1686
1900 1157
2022 2598
1258 1700
2089 535
526 1427
551 2619
2475 2964
2405 2058
368 2137
1406 519
2946 2598
2093 2032
2806 1682
181 2706
1833 1611
2397 2816
2684 2598
1686 1098
2598 2580
892 1686
2598 555
2598 356
229 2283
634 1233
2598 477
2598 384
1633 1802
816 2544
1531 1576
2747 1873
2357 911
141 1262
1645 733
2598 2037
1377 2228
2598 2828
1066 966
1220 1580
2514 1404
2640 1779
1422 2410
2755 1686
2737 2635
2697 1865
203 2462
386 2643
2618 2169
1308 259
1686 207
1527 1613
60 2661
1858 2983
1817 1170
1730 2747
1686 167
1443 252
2598 2926
884 2598
2598 2419
1046 2895
1159 2098
2598 479
1701 160
2598 545
874 1402
200 323
2223 2598
2167 2868
2598 2402
1433 52
2684 2076
2652 76
2598 901
1686 1914
1686 1337
2708 1686
598 1686
1919 2598
2598 1436
97 454
2598 2133
1006 1539
2598 2881
2598 1252
2177 1474
1688 405
1384 81
2336 59
2598 1483
2598 500
314 1403
2093 2964
2598 2635
330 2226
744 1686
2805 9
228 2598
370 1651
2328 2149
344 2460
481 1801
1368 1485
2149 1686
977 2598
1686 1792
972 2547
731 2598
1119 525
1845 120
2846 274
2787 2798
878 1960
469 1686
1686 1681
1421 480
56 27
1301 809
1686 272
2091 2065
1139 1686
2023 824
285 823
1292 1686
1440 746
843 1696
1410 1686
1789 2844
1686 2510
1686 845
1989 1686
1935 745
1686 1688
1275 1090
451 476
1686 733
1686 2755
1774 392
119 418
2634 5
92 592
1686 1014
1200 2598
1686 590
1818 944
2226 1673
2598 487
1686 2449
2598 2026
1686 1660
2598 2111
1324 718
66 1134
1399 270
2598 2539
2248 1588
1761 1710
574 995
1125 876
1812 2598
1483 851
1603 1026
886 2450
79 214
2237 1686
1270 2266
2465 2252
1698 152
2829 1686
2598 605
246 1686
1686 1642
1354 1686
142 20
1201 2725
1819 952
28 2598
610 303
841 2042
2224 1303
2598 2822
1321 2301
2387 2637
1516 2114
1810 261
1686 2546
2598 2924
1465 326
562 448
802 2512
2095 337
1507 952
1686 370
1449 2304
1555 311
2032 2393
967 8
2057 920
1715 1055
349 1686
1397 495
1101 1686
1549 1686
1753 1508
1276 286
1249 1483
1773 522
1637 1085
2598 2292
1686 2
1866 1724
1080 2598
1201 1925
2772 1517
1686 2486
2683 860
1054 1424
7 967
1686 91
135 2839
1686 1035
2690 2700
2185 1295
979 962
1686 1063
2089 2876
2208 2441
203 1822
2562 2479
1686 2650
1508 1124
2598 193
2107 409
2333 2066
52 1457
1686 2124
2617 418
737 2698
1686 2687
2858 340
2812 958
2738 2558
2978 1567
379 1794
2723 1686
997 2497
1319 1141
1870 2598
2837 2618
2588 45
1071 2640
2598 2013
588 1686
2224 1542
1609 1686
2598 1892
1818 2598
1372 1008
2891 2925
2766 2598
862 305
1882 2598
2607 440
2830 1068
2781 2408
1887 2269
2053 524
1726 2598
1888 2098
1686 448
1808 2598
2862 2312
2737 837
2177 552
1175 2598
2598 2086
667 1516
1838 2435
524 1044
2598 916
2904 1517
607 1879
2390 2075
399 2447
2229 1577
2121 1686
1905 457
1303 560
749 836
937 2598
820 659
1969 2235
1711 1512
1600 2425
103 2598
559 1686
11 2624
2598 104
2203 1962
2013 2598
2598 1723
1686 554
700 1928
1686 2123
443 1686
13 1505
547 2029
2538 2674
1354 1686
2306 2922
1423 1370
1487 2286
691 620
697 2400
1686 1401
2342 2594
2081 2213
1686 1357
1499 2518
2445 2598
2194 816
238 603
1960 2598
1686 2183
2822 2598
2394 2598
1696 125
547 2598
2598 1187
2598 821
56 2469
784 2598
2813 1686
1972 2882
719 2692
198 2332
1316 2598
1686 1355
1691 663
1954 1804
1619 1559
2277 1329
2598 2042
1686 1928
1008 2584
1727 1776
922 1611
1710 1123
903 1826
985 1389
1846 1686
204 2406
55 979
2686 619
2940 659
1947 1635
1157 2258
451 1858
1810 1667
202 1918
1997 1015
1686 1547
975 498
2417 1686
2871 146
884 1741
1840 1084
1686 563
51 471
2598 1708
595 893
2598 1137
1686 677
1686 865
2151 2598
1396 2066
1230 2598
463 2014
1012 2237
331 2598
1671 2598
986 340
2566 713
2434 2840
1686 1139
1204 1247
2598 1340
153 1040
1713 1519
417 1014
1612 2057
1454 2579
1647 503
603 2598
1686 1604
604 2993
2598 1973
1436 2598
2598 1187
586 455
1293 1053
2437 2598
2444 2517
720 1686
1196 1210
2606 2479
2598 314
383 1814
1896 1686
399 1327
193 90
801 2997
2489 1677
1957 2279
2380 2598
1338 1686
1059 1135
2349 1153
2598 1124
1665 2274
2839 2128
479 534
1988 2598
465 81
2598 1348
2598 2947
1037 1686
1343 1686
2690 2598
714 1686
623 2598
672 756
851 893
869 696
231 1740
1518 628
1686 646
1975 1686
906 2598
125 1776
2991 1468
484 1036
809 1565
671 1116
2016 1143
616 1869
2204 914
282 1314
2598 730
2598 490
2598 2241
6 1686
2632 2874
2985 2141
1958 2598
446 2598
91 1857
1906 2660
2866 2598
1686 955
2320 2598
1414 327
173 2598
2074 2067
2513 1896
2901 556
1411 1854
386 2723
2183 1686
891 186
2598 1580
2337 943
1686 1253
1807 2598
611 2598
2753 2324
1230 2598
1942 1677
2716 1686
2598 1150
1686 1704
1686 42
1132 2698
564 2891
2598 843
2475 1718
950 629
1075 22
1521 2598
174 1637
1516 1686
2661 124
2599 2598
1686 2943
1562 659
2849 1686
1686 2691
2420 485
2598 2212
640 1257
1817 1686
1641 2010
1637 573
2634 2301
318 1686
2598 2047
2725 2712
824 2655
1686 1015
204 743
822 1437
94 1686
2303 1582
2289 1686
598 258
1686 92
2554 2598
1686 1219
548 17
2598 2402
2937 1439
817 1560
1686 2015
1687 1457
1095 1318
981 865
2365 1930
226 1072
807 2681
2598 1735
971 2672
1537 760
1371 2188
1801 2543
1672 2615
1686 2490
454 2792
864 2883
1686 6
2326 2217
1686 1871
1474 2598
1686 354
2914 2728
979 2968
53 2598
96 2535
107 1997
1532 179
2020 1028
2469 2598
2905 1914
1824 1686
752 608
2263 1686
2606 2610
768 1617
772 2598
2899 1204
2598 1335
257 1591
2667 1088
529 788
1289 1491
1686 254
2761 2335
1409 1536
1229 513
77 2561
268 2598
1686 810
2291 2598
1597 945
785 1873
1349 361
1113 2598
1147 1686
2598 1228
2598 2445
2777 1527
273 1966
1087 362
1275 2352
769 789
1294 1192
371 2781
2576 303
1077 268
1789 1712
1686 1509
2429 2596
1848 2320
2612 2259
1686 110
2900 2598
1425 2598
2598 1976
2598 299
2000 1872
2003 605
33 2598
1218 2991
1438 2161
1686 307
520 1675
2777 2598
2511 31
1418 191
1979 2598
1686 535
2082 2985
2170 1686
348 506
2815 1079
1701 1784
2598 2774
113 1686
673 2897
1070 1463
1016 956
1686 272
2648 505
2674 2288
2598 1386
2817 1686
2720 1686
202 1248
2598 2946
992 1745
2260 1686
2593 2598
1040 2443
1733 1490
1757 1686
1686 1118
2851 2398
2484 2654
1154 2500
1744 341
2598 36
2202 1720
1689 2680
2598 1708
1571 2598
982 2078
2738 1686
2542 2598
465 1686
2886 1444
1136 1250
103 1634
2461 1686
1050 622
2079 1867
657 2424
1686 2628
2874 317
2598 1976
731 2598
197 1686
1686 2191
892 2962
1469 2598
61 2889
2462 2598
1965 2279
806 2240
1686 205
995 1726
1404 596
162 628
1752 1851
1940 2598
2598 540
2598 1252
2431 2242
395 2399
993 1331
2449 1721
1686 1951
2992 1686
1305 2192
1686 718
351 2598
1851 944
334 1738
2290 2668
195 2975
87 1686
156 1643
1334 696
2433 2600
1142 897
2661 446
1821 1385
1683 1686
1500 2411
915 2604
834 1356
333 196
2146 1785
2954 2800
2027 2598
2457 900
1686 254
40 1686
284 1382
1686 1866
652 388
2413 508
267 530
2443 1686
1264 2598
2566 806
2598 2320
2511 795
2296 1686
1686 2971
1158 154
1686 796
2598 2050
713 290
1791 328
1988 2598
53 2021
1563 2614
1870 2598
289 1614
2717 1686
1686 1912
1329 1686
1438 564
1573 1686
2153 1504
2598 1352
1686 1349
1320 2816
1833 1392
2187 2917
762 2870
2744 1918
1204 312
2453 2641
1206 237
1137 2598
1983 1090
248 1451
702 1936
1719 1278
1296 1916
2598 942
2234 722
2926 2598
798 2774
2598 1267
1806 589
189 1045
1517 2645
278 1686
2988 2598
2800 1699
1539 2659
654 2606
2598 627
2715 329
1697 1686
2598 611
442 2525
2750 2527
630 2598
1646 1096
1686 406
591 1902
2928 2122
557 2028
2004 1553
2831 2767
2783 1178
1674 957
2797 1547
2598 2402
1657 281
104 2598
1686 801
1271 133
132 1613
155 1482
2598 800
1376 2598
1887 1125
810 1686
2101 1716
2427 2598
1686 759
1029 1781
2636 2598
440 1686
2176 814
2598 2095
2479 2598
2381 1857
2366 2409
2247 2483
2985 1282
1376 429
595 228
123 1309
1804 524
1686 1308
1168 2118
255 2598
2908 2916
1940 636
291 2825
836 1608
2598 2748
2598 1812
1686 2487
1172 1174
192 1179
266 2598
1754 1205
759 1686
2598 1066
2598 2155
2598 2605
2598 1795
1901 918
2021 2866
1686 1758
314 798
2530 2180
1328 680
1686 1030
567 1842
1686 2629
963 421
124 1716
1679 1590
460 2367
830 513
2939 2500
1297 1176
1824 562
2859 425
2986 2598
2452 106
1686 2444
1712 790
2598 2916
1686 2020
601 1333
2476 2114
9 1043
2473 823
232 419
2598 1947
2598 401
1745 2134
1877 1281
2017 2276
2615 152
553 695
2692 856
2687 2147
1686 2880
1868 2658
1765 2239
1340 2404
1686 409
458 2218
2459 858
711 2945
2695 1648
832 2968
2831 1777
1089 1686
2556 2074
2627 281
1804 24
1999 1402
1094 2598
1057 1686
1686 2964
2598 2682
2873 1931
2352 1686
2063 570
997 1096
1552 1981
2635 262
625 765
114 1645
1686 2829
164 1529
2732 2733
2559 1904
2598 2800
1686 2969
1250 2883
264 214
2732 1382
2054 2640
1607 2818
2598 682
1686 1343
1686 1338
1686 2763
1782 1552
115 1495
1686 1628
2942 2327
338 934
2198 2851
1311 2014
2198 1780
546 177
1482 788
2778 311
157 2776
2772 803
2002 2598
1652 2688
2505 2860
525 31
944 1694
2620 1793
2562 1633
2598 2540
305 1274
2185 2075
1665 1585
1905 835
239 1207
2105 1497
226 2318
182 1619
266 2598
1325 357
2704 870
1199 2993
2650 1686
1487 2519
2075 2101
2577 1517
2598 393
2598 1146
854 805
2748 569
62 1720
1782 2349
1686 2929
2377 1686
1849 1945
2005 2598
1686 831
1073 637
1686 1914
1474 2598
1316 2745
1686 716
888 660
2571 77
863 1837
1678 505
180 2903
2551 1033
2238 1283
2598 821
1142 1686
2598 2189
2598 2037
2598 1633
2662 1686
1476 558
668 1797
2757 320
328 592
1062 1686
1020 2976
531 1626
1873 724
2568 1686
2464 360
1211 1314
378 2598
2099 1686
441 1820
850 1686
2598 2982
1526 1997
1131 1969
426 1939
1686 58
251 2939
2598 843
1686 733
2448 495
1921 2988
2221 1694
95 2641
868 599
2663 2743
2598 2988
1570 1686
2553 1244
1977 1525
2457 1870
1874 906
2598 402
2598 1982
584 1595
2598 713
1686 1222
1714 191
1924 2598
1686 1524
1107 148
43 2944
1686 1496
1522 2598
2425 1601
435 1017
2507 2347
2598 1225
2598 1119
197 1269
2372 2697
1448 1593
1686 2644
2983 693
632 1075
486 403
152 2182
2233 209
1181 2598
1805 2598
2291 301
2522 1707
1126 521
947 1686
1245 2860
2749 98
662 46
2598 2427
2598 2542
135 1686
1680 2598
2598 1454
2882 2009
1686 1339
2233 1411
1437 2598
2598 738
969 2187
2534 2251
2598 2635
381 1883
899 1837
1686 1354
1016 123
887 304
2816 406
1686 1194
1016 1686
1686 1114
199 1218
2346 2570
2002 1700
2388 2445
1357 1162
2705 583
1686 1466
1686 1375
2598 2779
891 2513
553 1110
385 2405
2903 2292
572 1943
382 1686
1686 286
2482 2956
2598 1221
2942 2104
534 1759
2598 2151
2598 620
727 2598
947 1903
1010 1932
2598 1186
1826 1495
2598 603
1595 1686
1577 2591
2261 2598
1761 2496
2096 2365
2441 2731
484 2498
1111 248
2598 578
600 421
2910 462
565 2598
2176 2598
2651 2598
232 10
1946 1686
334 2598
2631 1000
2628 1686
2984 1681
2598 1462
2052 2116
644 2598
2417 1856
2598 2042
882 1714
1863 1686
1212 1943
2670 1468
2598 2053
99 2584
2 1686
2067 623
2131 1013
110 1686
316 2657
2940 2422
2956 328
2550 1686
2782 1313
2424 480
107 569
2768 766
945 1061
2121 2647
666 2418
2097 650
1132 1840
1499 1453
1457 1600
900 866
2462 2823
1686 1329
1686 349
2648 276
2629 1686
1215 2598
946 1004
2598 2605
2300 1834
1780 2398
2786 405
1309 1740
1493 878
1268 697
2598 1965
632 106
1686 412
1686 483
1256 2270
1686 1366
47 178
12 1507
766 721
465 1686
2598 2803
1994 2598
1066 1272
89 511
159 2703
2734 2665
1686 1260
2697 2868
1358 176
114 1518
258 2894
362 2384
540 2139
2598 764
227 1686
1285 1744
2353 1369
1221 201
2598 456
1686 2829
2758 1686
1874 2197
2793 1686
2821 2598
325 1686
1503 134
867 1789
1565 582
1982 1869
24 1564
2523 2744
905 1686
1686 1031
1086 2277
1834 2403
1686 2011
646 1011
2266 27
691 1144
1686 2482
1028 212
780 1686
2598 2845
2598 2581
1823 1686
292 1343
1023 1712
1931 1635
1231 518
2295 1686
2319 2215
1209 1427
2490 154
2917 1686
2598 173
549 1322
2598 2843
2851 1648
1011 2904
1889 222
257 1971
1686 491
952 70
2921 1872
504 1686
690 64
833 982
1392 2328
192 2598
2746 442
2454 1896
1686 482
2896 1618
473 2054
1691 1905
2598 1175
671 2598
1686 2944
2213 2598
1702 1118
648 1686
2598 1586
1766 489
1385 248
1410 2240
2969 1686
2598 823
1769 1686
1544 989
420 898
698 2598
1612 217
1448 369
2685 1686
2294 329
1226 1686
12 1893
532 2345
2598 2002
2309 772
960 262
1377 1934
1686 1841
1114 1686
2065 1432
387 2598
2832 697
1174 2467
1721 325
620 2598
66 839
606 1975
1034 2598
1373 2490
1686 1823
2033 76
1999 2598
1686 2254
1786 2270
1938 1686
2598 611
170 2281
1100 1663
2719 617
2406 1717
2010 255
2598 436
694 2598
60 56
2704 2598
1686 1573
2011 1608
1438 1686
5 2220
102 1459
2598 2311
2612 981
2598 1099
546 2860
2933 820
2598 2709
2598 299
951 2795
2384 436
2626 464
1686 1929
1122 1686
91 2207
2598 192
2598 2469
2036 1686
96 2672
1436 29
1686 2482
858 614
2316 1686
623 2598
657 2344
1202 2272
1749 1686
2267 1686
1817 1686
1105 1832
1305 1209
541 1686
91 1686
2503 649
2883 2304
927 1686
695 185
1521 2597
1973 1596
2381 1879
1338 909
2598 932
78 1686
1686 1384
2805 1251
332 2598
1686 223
2343 2932
983 2611
1489 1686
2620 147
2017 1686
1460 2407
1987 2598
151 2672
2023 1686
1038 464
2780 2745
1686 1685
2288 2598
225 1686
1686 797
2362 1317
1686 2115
661 39
365 1236
1635 1058
1457 715
2598 1513
2144 2598
2829 2169
1974 1248
778 126
2467 2598
1511 2536
1191 55
1258 2415
250 1686
2531 2850
2038 1764
337 734
665 2521
2924 975
1835 2006
727 2598
1226 1686
1204 1759
1022 818
365 530
676 1489
1123 2109
2874 961
2329 2565
2094 2598
2661 823
1002 4
1027 106
501 1311
110 1686
912 359
2603 1686
1686 2617
2412 203
1686 1057
1955 2670
11 2598
973 1686
1718 1211
2370 1686
1845 1594
1686 459
1686 2508
1686 2106
2682 2598
1115 891
1686 2846
28 2598
1638 1084
906 2598
571 1686
1349 1686
105 361
407 252
588 1686
438 2405
1976 2598
1052 2598
1686 1866
1702 2101
1686 1569
1194 2353
68 2598
803 16
602 679
2802 2598
1686 370
1872 894
1593 1787
1774 2587
2354 2773
2030 2737
1686 1430
2069 2598
1686 1108
299 561
2639 2252
962 1191
2598 384
2498 1695
190 788
946 1199
1676 1458
445 427
1526 1686
1527 1586
2983 2598
1409 211
80 1858
1661 1686
1914 1686
1686 2434
911 239
2991 2354
2598 310
1897 2598
1968 1987
1622 1541
2494 841
1686 2119
2598 2445
1636 1938
2750 2598
544 1383
1461 1686
2004 1833
1686 1334
2201 2379
1259 2886
1686 1339
933 2206
2120 29
1686 1788
1809 912
304 245
2673 1666
2568 1686
517 1429
2887 1951
482 1284
2598 68
2641 1471
553 1686
2292 1116
1686 1912
1674 2598
1083 734
1801 950
1426 1216
2206 1686
1818 898
800 1315
1619 1042
1998 2665
444 683
2598 369
315 1596
1615 2901
1682 2102
1486 715
1539 206
1686 834
2078 2598
2953 367
1686 2795
824 875
2356 1305
968 2633
1686 2109
2990 1951
725 1686
1765 2545
1139 2855
1250 1449
1051 1686
347 962
1961 1462
2644 1686
753 2598
1686 2382
2511 453
2096 2159
1366 1686
2042 1353
1686 969
2035 2106
2052 287
987 1686
2568 679
1686 1063
139 1686
1126 2598
2598 2078
1279 477
2598 1400
1439 1686
601 1815
2156 2413
1996 530
1686 602
1686 473
2901 2392
2103 1225
1100 112
1509 2130
2734 1686
2978 1607
1756 141
76 2928
1686 1222
1047 2214
2904 2531
762 351
1686 483
2598 1289
1534 2130
2598 1225
146 2598
1656 2202
1908 2757
1163 1686
2201 2598
893 2598
2206 1686
2836 567
2283 853
2983 2598
2598 2091
141 2667
1686 2773
1759 2598
2261 416
920 1272
2598 920
2894 1623
1981 2483
637 769
1842 1686
1686 2621
426 1841
653 329
1790 2162
2972 2598
722 1162
1001 1796
1216 1677
1686 677
2598 1759
1686 683
2598 2256
2533 2371
2281 1233
2971 1686
342 2098
2403 2509
2857 1911
800 2596
1950 2564
2751 1686
2614 769
2380 1926
1686 2717
1598 215
174 6
2404 2809
2413 776
2711 2671
1329 1686
1141 2417
657 1421
1151 2021
1686 1642
85 235
2817 564
2650 1686
2252 2841
1659 2598
2598 1247
391 2040
2366 1686
1895 967
2598 655
2318 2598
1794 1007
18 1981
823 2598
2818 1761
645 1686
1506 2085
72 2332
1782 2086
2598 856
1907 1814
876 598
839 2598
341 1525
569 2305
1608 1023
2271 1294
2161 2891
1821 84
1345 2152
2598 2145
1015 1686
1490 1686
2368 2262
2694 1055
242 64
1987 2757
357 994
412 1686
2677 1573
959 1796
579 760
298 1161
1686 26
1453 1964
897 466
745 2442
1746 1686
2598 1885
2791 723
1686 2952
697 2897
775 1217
2598 1922
1648 1686
1523 2143
113 1686
1784 1847
830 1
1433 416
275 1614
2348 2885
2599 2551
864 2362
925 2598
2223 2598
2598 103
1686 1219
2979 2107
1860 2438
2598 2047
2217 1581
2324 2598
2677 926
2949 2398
1146 1707
2144 2598
1135 2941
2634 2768
475 2765
1686 2302
1101 14
281 854
1686 2850
1011 1725
2074 1011
2386 2937
2168 919
1825 2193
512 2794
374 1249
1387 2169
2949 2340
736 1045
890 1686
2289 717
1535 2402
2598 398
1771 2811
1182 1558
1749 1465
1686 158
900 2598
2938 406
739 589
1523 222
1686 927
687 1687
66 2605
388 2598
2525 794
373 1555
2094 2632
683 1169
2251 2598
557 1853
2202 2729
2170 1686
1315 2565
61 2598
966 920
2062 1794
1686 1660
535 1686
2598 557
391 413
2598 2955
2113 1582
2339 2266
1777 855
33 2732
2033 1333
791 613
1715 1065
539 1686
2598 1052
2630 2541
1686 225
387 2598
1952 1903
1798 2886
2935 494
244 55
2667 2391
2598 2064
2524 1254
2928 2598
1686 1842
2520 386
756 2598
517 2598
1686 2119
79 2547
347 2309
429 1872
1745 2257
1741 2440
252 33
108 2852
2598 1196
2835 2684
466 1686
263 1686
1686 1176
1264 1368
1322 2990
1174 2456
2857 2043
2598 2167
2016 2751
1797 2031
2086 2598
1108 1686
1686 523
1179 2947
990 2337
2406 2527
2500 1686
2274 2598
2141 350
1558 1984
1607 351
1280 1686
710 2598
636 493
1106 2689
2351 1889
709 1132
813 1231
1686 2229
150 2255
1686 787
1686 1405
779 1686
1686 1214
270 2598
1573 783
980 1315
489 699
2598 36
1644 292
1509 2865
1686 2383
1686 2758
1496 1686
1327 264
1686 2196
1445 2443
92 2164
2613 1950
226 384
2422 775
2227 2438
784 282
1765 2535
2598 1340
247 1686
1896 1686
1938 2834
2802 1689
134 2091
1244 1801
2598 2318
2270 810
16 2113
1686 1343
1690 591
2598 1583
1924 2703
248 2689
111 1435
1686 2573
1949 1293
2676 256
2435 2194
1724 1972
2598 2841
2069 2598
2105 1686
2598 2553
1045 1470
1089 1686
439 2025
394 2653
569 1667
2869 2388
2233 2598
1302 1686
2519 470
930 2598
1400 2598
1549 2018
1543 1686
2967 759
2288 2598
1586 69
2981 2922
367 1537
2029 1750
1686 2848
2662 1686
1240 1686
16 1475
1686 1103
2684 2598
1169 1053
2416 2598
35 634
1686 1609
2598 2135
2242 1597
1032 2598
1395 2598
820 1217
2598 1676
2128 1686
348 1008
1978 957
2807 2598
2598 2526
480 2598
2623 1535
1624 538
955 2193
1947 1889
1763 1686
219 2303
393 2598
1686 167
2222 2787
1566 1686
1602 2133
2246 53
2552 2598
369 2598
1686 2333
622 712
75 364
2387 2963
1399 1264
2598 2004
2520 2265
346 2598
443 1686
2049 193
427 1999
1742 1837
1686 1566
1191 1546
1686 2287
2032 1183
630 2598
2545 585
2871 1020
373 832
2495 2639
2598 1407
2480 2598
2136 2598
481 698
539 1686
662 750
8 825
991 1856
2073 1686
2932 229
2560 523
888 2598
2018 411
1537 641
1828 2036
206 417
1917 455
2598 2978
4 1686
100 1411
2598 1285
976 1000
1705 83
838 1456
2157 2890
769 2872
1287 1991
1893 2501
1015 1241
1686 408
849 1686
1068 358
1281 306
2598 1009
1482 2521
2598 2465
2598 932
1318 1646
2548 47
410 2733
2273 1717
1723 1670
814 2670
269 1686
2893 2976
459 1686
1613 2353
1873 2681
2481 2834
2401 2056
781 2867
2116 1897
1686 1122
2726 1686
238 566
640 2051
610 1433
208 716
1481 1686
1686 2569
2242 1924
1183 1057
1686 1470
1944 2753
851 642
525 1479
2660 2613
11 2598
2885 2881
1567 2460
2880 1284
2913 169
1367 457
2095 2598
2606 2570
2506 1686
1757 1686
2165 519
1686 2296
1980 1597
2598 1859
2312 582
1686 322
19 2913
90 1638
2466 1964
2596 1760
930 2330
1503 149
1899 778
2220 2133
2216 2903
1686 2158
2598 2219
1686 1212
2598 1164
2972 2961
2598 800
1389 1721
2598 753
1603 2867
646 1686
2313 911
2604 17
2184 1686
1921 1826
289 1335
2598 144
1190 847
2541 1418
2598 1032
469 2714
2470 417
1686 583
1909 2598
1537 1120
1686 318
333 381
2160 2279
1884 2313
1686 2082
2749 2797
1686 535
2306 2189
1921 1396
2778 55
1686 1434
299 2582
2849 1771
206 1945
1898 1473
2598 17
2475 2368
2984 1648
2246 189
1964 1277
1686 790
1091 609
1326 681
1678 263
367 1686
187 708
2853 609
916 2598
656 661
1686 77
121 2979
357 1649
2598 2143
1178 2335
1686 2813
1443 2852
2119 2464
509 1400
2567 584
375 1575
655 79
2729 2598
2743 2598
181 223
702 1629
751 23
1982 2598
2291 2598
2165 2219
1402 445
2601 1686
2514 1817
878 138
2598 261
419 1181
955 294
816 545
1472 1657
2512 2553
1742 2500
390 1719
6 75
2233 2598
2406 492
2598 1013
2788 2298
22 2915
805 764
2145 2598
1756 627
2127 1686
2013 2598
1141 1197
2782 2284
1686 1142
724 376
830 2960
1145 2598
1355 2696
1766 581
710 2174
670 528
380 1203
1686 629
2598 5
1986 1728
1686 343
1686 469
918 2598
1516 1686
2423 2076
1448 2583
191 2662
185 2559
1686 1387
2372 1585
1686 718
1432 1654
1909 2598
1882 1192
1622 1943
2598 767
1686 2170
2961 2710
1686 269
2421 2598
2384 1563
650 2598
620 1809
1685 2963
2450 2906
122 1261
739 34
1616 2358
976 2598
819 1311
624 2507
1686 2621
2181 1686
1855 819
878 2148
2598 2526
2918 1748
2497 233
2867 227
1507 2507
2598 9
496 1686
2598 1987
2548 2768
2598 2856
1745 2290
2504 2116
787 1686
2812 2598
1696 266
1704 1686
1528 364
419 739
517 524
1686 1516
1549 2164
1086 1686
2598 187
1174 257
104 745
234 2244
2451 2598
689 2051
2132 1291
2598 1428
2148 2180
759 1686
2299 2843
2717 1686
2598 842
1686 2813
780 1686
987 1852
1748 516
519 1131
2305 93
76 1371
1620 2629
1528 503
91 2529
128 1803
1629 1710
2598 420
2323 488
1692 1686
1577 1556
2567 1686
1686 2287
1686 466
2341 622
1748 341
1920 413
2598 255
2598 2094
21 1406
2807 2598
1780 2340
2987 1686
519 1699
2408 2411
1549 2696
1968 165
1442 2676
1798 1417
2355 1846
2572 2638
2571 1128
1686 2888
1213 198
2598 2645
1915 236
2430 837
144 2598
1687 827
2730 2722
2138 2750
132 1369
1697 1686
1144 2649
1490 1686
2598 1530
38 1686
1686 2341
334 2598
2598 2722
241 2120
221 1290
1754 1548
258 683
784 2598
1928 1056
1686 227
2148 2409
686 329
2029 1948
916 1875
2198 2984
645 492
2598 2819
2179 581
1202 796
2598 2746
900 2598
151 2647
1513 1416
1618 1686
259 645
837 474
2598 694
2080 2598
2152 2310
1407 1787
613 637
1686 2400
1395 1523
533 2598
1462 2598
2598 688
1626 1753
2039 2028
1686 1415
1839 1342
2591 1321
454 224
1686 1542
1686 1147
676 1222
1848 2605
1342 2514
2947 2598
265 1664
472 741
2038 297
1948 2759
1860 1686
1686 197
1686 2720
736 2653
2571 719
1545 193
910 2598
2033 49
1754 2534
2444 1686
1686 2119
1686 2477
586 1566
1909 2598
359 1569
324 2290
146 2146
662 212
1228 2598
2522 2598
2888 1155
77 1686
1864 2598
1686 1384
2598 387
1895 2598
2553 2598
428 153
2436 2252
2492 1686
703 1583
642 2234
2961 1165
2598 925
2026 2771
714 2543
276 20
2063 2260
2536 1371
2328 291
1015 1686
237 132
2598 407
594 2574
2234 804
1686 836
1686 1377
1686 1143
2763 1686
1426 1942
1933 2138
2598 1034
757 2580
226 2712
899 1715
936 2470
1097 1692
2002 1472
2598 2710
2598 2245
2598 2102
24 171
2489 1426
1686 486
2433 2216
1213 1625
373 780
1686 624
347 2598
2598 901
501 2598
2222 509
1954 153
2303 2091
576 1388
1686 286
2514 1415
2117 2568
1473 98
295 2827
2739 1945
1151 1291
1633 2598
2428 176
1686 512
1226 1686
1414 451
1331 1719
371 1820
926 2759
71 1684
655 1816
2598 2523
2598 2681
2064 2598
2576 1486
1064 1414
1963 2733
223 2214
2598 1798
2201 2598
881 1790
169 2598
2598 2866
2147 980
1140 1275
2140 2970
1721 1030
1686 1027
2958 1107
831 1686
1207 2357
1437 2598
1897 2598
2611 2560
1476 871
51 374
2909 2510
42 1686
1173 2772
2314 2857
82 889
2061 959
753 1553
692 2231
970 1090
2713 1175
1682 1447
581 1214
1010 2989
718 907
2168 1686
2598 2480
2955 2598
2679 2598
1133 209
1306 1334
2399 1850
671 2598
1686 2658
1096 956
865 1235
686 1348
2731 2598
1607 2378
2684 1394
2048 1009
2598 2657
709 2915
854 1472
942 2579
2466 100
2321 457
616 1903
1912 2385
1686 1014
986 2650
1354 1218
1619 860
2804 2587
1623 423
2842 1686
583 2781
975 196
1745 2629
2658 2518
1686 2741
2598 97
667 2854
2598 764
777 2598
280 1596
826 67
2992 1686
155 2062
703 453
582 1679
582 907
2903 1732
2082 1686
1686 1658
2666 2663
2598 331
1686 1564
918 2598
2598 2918
1102 2598
2014 2215
838 326
2600 1971
2674 1709
1686 2447
2598 2358
2598 827
346 64
2243 1742
86 1576
2598 1674
2611 851
949 2789
1207 2009
2094 2598
9 1902
1737 284
2598 2926
2396 1686
2008 1953
2845 1431
2015 1686
2118 2598
1686 2483
908 2039
2040 1944
2513 853
1236 310
1536 2598
1686 1841
2598 976
988 1686
2308 1686
773 1944
1167 2792
1120 1643
2091 2598
1499 1686
1686 559
2822 684
2683 1447
925 2598
1686 2470
2481 1686
851 2079
2721 1050
35 414
2350 202
545 2598
1609 2255
635 2598
1686 1478
1664 1686
2750 2598
1686 2793
492 156
2059 2598
1553 291
2646 2647
1686 1401
1818 2598
1686 1041
270 2598
2217 1391
400 2598
377 2598
2598 2504
2490 1974
2187 2060
357 924
2742 375
1647 2763
2410 331
1468 412
2179 2310
578 1670
1294 2379
194 2923
1214 1686
2175 816
156 1686
2598 2651
831 1157
878 1979
2462 1990
2152 489
1828 2460
1785 2598
2802 1652
1534 525
2598 1641
2228 1953
1717 1270
1386 2598
657 2598
240 2598
608 2041
853 309
954 1477
2099 835
352 2356
590 1686
836 1227
1724 445
807 2581
527 2253
2931 2235
2131 1605
1317 2922
2598 168
2668 2134
2420 855
1686 2070
1686 1057
1686 2773
1055 1003
2272 1686
637 2987
2452 1545
1686 988
503 1686
1686 890
1157 1558
2598 1316
1686 1143
1362 311
1686 1470
910 2424
2481 1686
118 948
1312 1686
1331 2594
2383 2117
2092 2341
2102 2598
1215 2598
1063 1273
2825 1392
1294 350
1686 2693
130 2598
1650 1125
2308 1686
1068 1485
985 976
2090 491
2598 2314
2901 966
884 2598
938 2632
2529 607
2125 2630
2537 2598
2335 2900
2413 913
972 377
1718 2815
1335 814
2323 2475
1176 1686
1686 2477
1917 2966
2598 913
2200 1541
2598 1580
1556 1923
2880 2041
665 1686
2544 2598
2405 2118
317 1886
2598 1299
449 2299
1171 1686
1990 1729
1378 1930
1540 2469
1743 1628
2642 550
2093 1836
1686 2994
2159 1276
2416 2199
1435 2598
1686 973
1222 909
1686 2179
1115 229
123 511
1248 2744
203 728
2501 1819
524 799
2598 398
1686 1846
656 307
1865 2321
2598 593
1325 1493
2598 2356
1397 2392
377 2598
802 2598
2598 2357
120 2598
509 498
2598 2710
1597 2703
1686 643
2929 1686
334 2598
1737 2598
1631 1277
2740 596
2598 2589
2558 685
2598 372
1515 888
1827 1686
2598 46
2598 2554
2700 2002
2964 2262
840 2901
1884 2386
921 1686
2338 1552
1686 733
1686 1746
2186 2112
1614 2598
2881 2598
1729 203
774 995
1162 804
1380 2153
571 478
1686 283
