2997 9982 1
1113 323
2805 2320
202 2407
285 789
1113 2425
1078 689
8 323
1203 323
1296 1945
943 323
1244 929
1318 2626
1394 972
2261 698
2920 323
1308 379
1113 1910
1113 389
2688 2226
1078 2469
1903 2186
1049 1048
1113 158
809 323
385 872
2462 1394
1929 2024
1409 584
2539 1278
2169 526
1113 1170
27 2376
1978 1340
1439 266
925 1316
2599 323
1113 854
754 603
1696 1239
2947 421
1239 419
1113 2435
513 991
1437 734
2846 2889
1113 2851
1953 323
218 135
1148 1278
1805 1074
861 422
1570 760
1505 323
520 505
2235 2458
1302 908
1728 323
182 565
1113 1730
2529 2567
1113 2631
2810 323
1113 2132
524 1965
510 1315
1113 2005
1389 1517
940 273
1423 2871
2774 323
1113 609
367 2694
2628 2039
1113 2049
1113 147
885 919
2153 323
1113 2744
2617 323
1113 1164
2684 2520
169 323
1538 2543
656 2970
1113 2462
2255 2735
1113 1136
2820 2238
1195 1516
2075 647
1730 179
1113 110
1113 2097
2240 236
2615 2888
1113 158
1897 2033
2708 323
939 2990
106 1060
1565 1046
2406 2360
1700 967
2970 773
1113 1958
1 1462
2143 2169
712 1124
2983 1769
2058 323
1113 2763
890 323
521 125
831 21
1113 2105
1113 2180
1744 323
1322 1900
445 886
966 1174
1113 679
1107 2094
1922 1597
502 323
2051 2032
526 323
223 1425
1113 1829
1608 2328
1385 1292
1113 1165
1560 1093
2115 2063
1113 1914
1113 199
1463 2946
2439 323
1261 567
91 1723
265 2556
1773 2278
1378 323
1113 713
554 1828
363 193
1113 1970
1534 2544
1963 2898
420 1739
1093 134
2109 1812
2545 256
1113 801
2185 323
1124 1580
2557 2092
730 2050
1113 598
1113 1752
1759 1273
2766 323
2029 1095
660 209
949 2771
2276 790
1676 1094
2522 323
1113 808
1121 683
1234 1810
1451 323
1113 376
2543 1340
95 2044
549 271
1583 323
2790 2439
661 721
47 323
810 168
1407 2603
1828 323
2739 2127
1676 2821
1113 1705
930 2452
2136 1375
625 1735
2943 276
829 323
1113 480
1113 964
270 2493
819 323
1113 344
2560 323
994 406
722 323
1113 2850
933 323
1113 1037
1732 98
1388 901
2853 473
1642 146
1426 2716
52 1869
1681 1911
1258 76
1113 283
1992 323
237 323
676 93
16 1230
783 439
2078 1666
787 37
1675 2030
325 2232
1902 36
2782 323
1870 2820
773 433
1636 2942
2579 1739
1986 323
1029 590
2569 323
1881 70
2480 1541
1113 2479
1612 2551
234 323
1178 2609
1113 940
1771 323
2791 323
2979 796
2430 1759
2935 323
1113 107
2297 2580
356 1016
2690 323
1143 323
220 1227
1113 2118
326 323
1113 806
847 323
1113 653
2724 753
1480 2881
2319 2073
1552 1191
1113 1565
1113 609
2123 2263
1113 2194
711 323
319 323
1113 1338
1448 227
1113 352
1621 1831
591 1650
1113 830
2172 1467
2926 323
213 79
2367 725
424 2732
1113 1356
1555 323
1113 1866
1651 139
963 1222
909 299
1435 920
291 2922
2336 796
789 1846
1834 1628
2818 768
2127 441
1113 1799
433 2810
1288 323
2121 1828
2379 249
63 1988
1414 92
1376 323
1627 511
24 1788
319 323
1113 55
763 1533
2805 492
2 1599
1486 2677
287 497
630 1408
1122 2420
882 507
450 323
2645 2186
1113 2937
2161 993
189 2311
634 1836
2299 48
1113 994
1809 1698
2585 2421
2846 821
1473 323
765 1250
1113 219
2233 323
2089 323
2589 2473
1113 1310
2300 323
33 2220
37 2991
1084 513
709 1273
1113 2549
534 580
2313 989
1451 323
1228 1355
1977 323
1113 1426
1113 27
256 2083
462 2703
2761 251
7 115
2353 2856
1597 3
1687 501
2597 657
2971 2767
813 1984
1989 1520
2732 2868
811 2732
279 2649
82 2370
2787 323
1428 216
2585 2414
2519 323
1785 1015
18 1125
402 323
21 323
98 1078
1113 2983
2607 960
2167 2111
2842 2888
816 323
1413 525
1407 1974
1113 1524
2315 1891
1329 87
2861 2506
1113 569
1778 1231
1113 2351
1640 323
1113 1594
1113 1665
678 323
1192 1905
815 1142
2195 382
1122 1240
413 2174
2751 323
2064 1283
1113 388
2251 1654
1807 1966
298 715
1586 323
1911 2242
1713 2444
902 1473
1131 979
409 945
1675 387
882 1891
312 280
2965 2871
361 452
1928 214
2193 357
544 323
2759 2898
2693 2739
2849 993
750 323
1113 2712
1180 2028
1113 2227
1113 2384
2722 165
1113 2227
2032 2669
1193 1003
1113 598
2106 2955
1110 2278
837 1438
240 1012
1632 1605
1817 323
1596 1270
1249 975
955 214
2227 852
2882 2265
758 1909
1113 1150
1844 2823
777 2084
744 323
624 997
2551 2700
2826 1794
2902 2490
822 323
2361 997
1113 2654
1113 2404
2258 1652
2261 2190
472 664
1113 274
1113 199
1393 1038
1654 815
1628 1199
1051 2160
2933 2569
1113 2916
1162 323
2950 1699
191 323
2845 268
483 626
2177 2295
1747 2207
2792 323
1528 2687
31 676
1645 323
1113 1056
851 323
1595 1534
2929 26
2005 1013
724 77
651 988
1826 2929
59 292
1862 1457
2464 1728
1601 2184
288 2536
2099 2133
1113 1358
2996 2669
2909 2657
243 1540
997 1825
2219 150
571 2396
1433 323
1548 1663
2978 323
1225 323
2687 1794
315 417
2370 817
372 750
2689 1125
1113 964
2809 212
35 2942
1113 1678
917 965
1518 323
736 323
774 323
845 2439
1850 2942
669 323
2354 2054
1196 1629
1113 2438
2030 2839
2254 2305
311 1965
1442 323
1150 18
1113 1483
464 1929
1113 1164
2002 1816
426 1626
1806 323
673 471
812 1562
380 1903
1447 323
498 513
2762 457
102 323
2404 2181
1113 43
1113 107
2996 878
2892 2120
2710 2472
422 2823
2472 1239
1635 2442
2087 700
1229 493
1113 2924
2076 146
1113 1719
1505 323
2797 323
1113 1220
1113 175
834 1650
590 2370
1141 521
1260 2269
2832 1636
2137 427
1885 323
1208 2240
1498 1645
1113 1525
1113 765
991 2755
1113 1081
1295 1644
1113 1621
132 137
627 900
2825 1325
181 1024
689 906
1507 1138
274 1219
1477 1906
2036 993
78 261
1113 611
937 323
1223 145
2128 986
768 323
1113 1938
1079 323
2901 2926
1777 575
1192 2464
325 2601
717 323
1398 1110
1278 323
602 2810
2473 47
605 677
2729 2289
670 64
309 1299
2035 2828
1456 25
2397 323
1470 594
2388 522
297 2463
1167 323
1477 1492
2501 2667
111 843
1042 323
1113 2446
943 323
1927 2519
981 342
846 348
177 323
2019 2859
1587 1174
1513 204
836 1713
2637 323
593 2015
1827 1922
336 323
537 1838
1113 2470
238 2125
1906 487
1886 323
2151 846
1295 1421
1113 1579
1113 2446
1113 976
648 1692
850 2622
793 2746
2475 2956
1721 1065
2959 323
890 323
1511 2222
912 323
246 273
1318 2140
1113 1544
2383 323
2584 1624
1113 2641
2528 323
1034 1979
687 323
1160 323
1113 380
1633 555
2882 2085
1523 2293
2741 1615
2945 1058
2113 323
2183 2561
480 985
2670 156
1847 1215
1113 1834
1993 323
584 323
1199 2440
33 455
1110 163
1113 1251
2502 1152
1113 1818
1803 2915
1113 1045
2576 323
1398 1773
2714 1952
1113 720
1113 157
1880 2467
1113 1098
2504 2347
368 323
2050 2740
1113 1719
1113 2130
589 323
106 2902
1271 1068
977 1695
1113 398
1113 2945
1821 1933
1439 36
1405 2245
2807 323
127 1236
1790 875
1274 323
517 1025
654 1637
1206 323
1113 2343
2547 1289
821 1042
1342 12
123 323
373 582
1113 2385
1113 1268
2910 323
1287 2562
1113 16
1890 1391
2875 323
1889 691
855 2736
767 323
1113 1399
1517 1983
872 323
2515 2639
2409 323
1070 1327
533 1692
1339 1994
1731 1934
1113 95
1113 2260
1059 2246
2749 1064
1012 2229
1113 1594
204 775
1440 1514
1113 940
314 1293
1757 349
2530 2801
2296 323
1113 2122
320 2528
120 224
1113 630
1113 1371
1341 455
1347 2782
1627 2831
225 1682
1113 1525
2231 2213
262 1443
110 1697
2867 1535
1362 1751
2102 2652
1788 323
1664 2894
2181 2660
2675 651
1113 144
1709 2787
1113 2720
588 323
1112 1125
1113 672
2994 2523
2388 452
2887 1291
939 272
570 1694
1951 323
772 1225
1057 1421
202 372
2967 1841
839 2611
1113 1657
2502 280
2164 1190
2054 899
2161 2969
187 1470
2257 252
1926 323
1908 1830
1113 633
1113 2916
1541 862
1834 2455
1941 2424
875 1855
1950 323
140 906
95 1366
1574 1994
1665 2341
759 2481
333 323
1674 2774
1444 1119
2677 323
981 2286
2963 1907
2303 2984
1861 2474
1181 323
1978 780
2202 323
1732 475
1113 2495
1317 1510
2720 1619
2945 2218
1782 481
1163 1737
1728 323
1466 2131
172 2828
1026 2819
2339 2237
1113 2737
2267 840
1553 323
2746 761
1623 2864
2192 323
1113 1524
2405 2077
2305 583
1113 154
1113 2547
1113 2116
1005 357
1443 323
1113 2633
2532 323
1389 2647
2964 2728
2911 323
2133 559
443 323
1392 793
1113 1598
2010 542
419 323
1113 2252
92 1290
1113 2836
1113 2385
1155 2687
338 2710
1471 557
1248 285
1113 1778
1113 1834
1282 299
529 1332
2682 127
431 323
2365 323
320 971
1638 323
1113 40
1366 2263
204 2617
2498 2864
1053 510
1511 2708
1033 1181
2587 323
743 1666
265 2748
134 2296
1113 1267
308 1543
1113 1799
2533 540
1271 2632
1482 176
1952 323
1783 1486
286 323
1045 2168
209 2334
521 1896
1840 323
2016 802
1113 388
978 2232
1113 2049
1481 195
1207 436
758 1335
860 1906
778 2320
2292 1249
1553 323
1028 2123
1113 105
2601 2841
514 558
2727 2723
679 2624
1699 1786
1113 630
880 2250
89 1859
1113 707
597 1294
2995 2623
2183 507
1884 1269
1280 1060
2285 1652
594 1328
543 464
1113 1889
288 907
1113 2487
1113 1856
495 570
1113 2633
611 2477
1271 840
2824 323
2894 2449
1711 2768
1958 2297
2926 323
733 1342
2714 2298
753 1527
1824 942
590 2758
2844 1664
1669 445
965 2912
263 51
2492 1634
2886 337
1113 1454
136 901
2267 1068
2613 323
2254 334
63 270
639 323
1756 2568
1389 1318
1106 453
1113 2971
1701 323
1113 157
1890 651
254 2431
990 323
2815 323
1481 2887
2757 1710
453 1514
1132 741
2066 125
995 2271
1434 121
1139 1903
1113 338
668 2447
88 2151
1113 921
2714 1381
2145 2102
2820 1051
571 1846
451 323
1718 23
547 2961
2850 1105
595 221
1870 2610
1201 323
1479 310
613 1360
2285 1417
2826 2889
86 816
601 323
2753 323
462 1385
2860 2517
2768 1609
2458 323
2876 1966
1113 2945
1113 2252
2246 323
1466 1173
2355 1112
1703 1159
482 328
600 323
2376 1173
1328 323
2338 1245
1113 581
1709 2342
922 268
643 1499
987 1517
2507 2962
1113 208
2754 2805
330 1832
1214 99
1501 2787
1166 1398
1113 2433
544 323
2847 1758
1113 2500
931 2639
1113 1469
1113 1435
1618 499
2823 323
2593 323
1397 323
1061 1303
1113 2727
601 323
1519 2067
389 2600
2074 312
2401 1926
127 229
802 8
1113 107
1882 2255
2339 2642
1113 94
57 1210
1113 218
1667 323
2089 323
546 638
2754 778
1113 2430
2910 323
1265 1191
1219 1292
628 2063
101 245
1692 2666
897 323
2068 2751
2617 323
2638 2766
610 1363
1113 1970
2337 323
1113 2252
1113 983
443 323
1258 2977
1113 2008
728 980
1188 1205
1694 323
1502 1132
1018 239
441 1451
2712 2128
1844 1108
30 2588
2579 2819
127 1706
2621 263
111 2256
2479 579
1018 2258
2222 323
2461 323
1267 1551
2323 1600
697 499
1113 1149
1364 1542
2373 431
1948 420
1113 801
1523 1374
1597 2554
427 323
378 495
2432 506
884 323
1267 738
1375 918
1108 323
289 1519
2818 435
1113 1531
1113 799
1231 1052
387 2717
892 917
209 2832
366 142
1578 895
2743 1160
2673 323
1167 323
1819 2345
2792 323
1379 1500
1117 1060
2431 323
1009 2312
1113 2967
2591 2011
1113 2088
904 984
583 323
1335 323
387 2429
609 1348
2381 2494
1113 1938
43 955
1113 549
683 2520
380 1450
727 1387
1047 2571
1537 2168
175 2341
1479 2966
2548 1779
2935 323
1113 2264
1955 2728
2636 2228
920 2702
2421 1720
1113 1103
2568 610
2200 323
1419 2842
1113 2760
2886 2042
2941 2380
2902 152
276 1634
1340 2666
869 1896
2262 323
2088 1780
2958 2876
1425 2285
1896 1765
1113 1870
2583 323
954 1954
1113 1754
1557 973
1771 323
2017 1832
1739 323
1344 323
1113 624
164 1888
301 2579
479 1724
1645 323
2322 2182
2858 323
561 486
437 323
843 476
238 1323
1811 441
249 323
2184 636
546 2597
1546 2408
1577 323
868 1102
1017 1601
1532 2009
1113 876
1704 718
586 323
859 1240
75 263
2387 2371
1113 1246
1602 2881
2623 813
1113 739
419 323
2351 1503
2948 323
1059 1645
2079 2526
1940 2052
448 2274
585 323
891 2467
159 695
1814 2541
836 1995
1226 1344
735 1682
1119 2583
1224 323
921 704
2195 2585
2443 323
1113 940
503 573
1936 1786
991 2372
1315 323
2344 104
1463 1292
401 1408
2650 1904
838 2690
1113 2737
532 974
2515 1860
2911 323
2660 2225
2932 2665
1113 2971
1917 2764
1332 1179
710 1294
1391 988
1172 451
751 538
478 323
675 1203
1397 323
2907 119
538 1083
1308 2076
1156 323
1113 712
1113 1395
2652 323
1162 323
1113 2531
1558 1783
1113 2548
23 1115
1113 1861
1122 2300
1252 323
561 1105
1545 999
2250 1333
2266 824
1011 2539
288 2759
1113 941
24 1313
2849 2919
1630 2540
1566 323
2670 2807
812 2629
83 323
2401 2914
1251 2251
1884 1747
1022 1274
54 473
41 1143
873 323
1113 2980
2962 2400
1123 2786
1113 2064
1113 1987
1746 1927
415 1659
1970 1515
1113 1149
1113 1866
1803 63
2874 966
1097 323
2389 211
1566 323
2272 323
2800 228
1176 1482
1625 479
1124 432
882 1434
667 1306
400 1431
1477 1369
2251 2104
1113 1319
2557 778
1193 495
1796 255
1113 1889
1835 2649
590 2169
1949 674
2617 323
1360 323
1053 206
1757 2620
2108 323
2060 1738
1622 2276
1642 1040
1083 323
858 1901
938 2477
1860 1116
275 323
1411 2492
688 323
1403 547
2348 323
2898 323
1113 1028
597 2090
1180 1726
1678 1670
2138 737
1948 2742
895 326
1113 2916
1246 1141
291 2883
735 1129
1113 514
540 323
628 1523
522 791
353 2373
2193 2243
1667 323
1398 2947
2658 874
210 23
1113 1856
746 2781
1793 836
2572 723
280 1923
1113 2795
1433 323
2241 2373
736 323
1752 1615
1113 366
1113 2547
2087 1370
2536 1953
2878 323
795 323
115 375
1748 2454
408 1065
2359 1993
1212 859
973 323
2128 2391
1860 510
1113 1944
1277 1087
1113 707
2513 323
1602 2790
2910 323
1113 1314
1177 2766
1965 323
1696 2037
1470 1820
1113 1768
2882 2012
1758 2781
350 323
1113 1774
664 323
1551 1005
1683 1488
1551 1091
2767 2769
1202 323
2807 323
1113 2038
386 1900
2848 842
519 323
2663 1137
2431 323
2314 2146
206 2681
2110 323
1113 1787
1797 1044
2865 998
1055 1582
2220 1671
1077 323
1883 600
575 323
708 519
1327 2213
269 21
1113 6
1540 323
1606 323
2004 1757
267 2443
1113 656
200 2825
2944 1093
1045 2650
1848 1763
2616 2989
753 978
2900 284
2458 323
1672 1032
1603 411
2686 1407
428 919
1407 102
488 1431
1669 2960
1113 1402
1991 909
986 1534
75 337
2196 2411
1920 2797
2162 1673
751 1591
165 2849
1113 2106
1113 147
1421 331
2776 323
771 2310
2623 1887
1113 2928
1111 2995
2896 323
1390 323
188 11
1313 323
1355 1375
1293 1277
1113 2618
1113 837
1592 318
1310 716
1807 1069
2988 2070
640 2535
2074 2502
1913 75
1113 2336
2029 1637
1113 2741
1819 550
1113 1662
1113 720
1768 13
2180 532
2810 323
2155 632
1549 2191
2631 445
1113 2405
1935 2578
545 1961
2856 686
1970 981
1166 725
1113 2479
2548 197
896 323
2326 1843
318 323
309 800
1943 772
2202 323
1066 2759
2104 815
1113 1359
1113 1633
1556 397
941 2075
1113 459
2881 2236
700 323
2812 2704
599 545
2081 1731
2569 323
2412 626
1560 2050
1113 1657
1558 2294
2476 323
1016 334
826 1546
1113 2765
2162 1063
1616 1536
2627 1588
742 2673
2796 1899
1832 1097
2538 1733
1113 1165
1113 1538
2941 2497
1113 459
1601 2546
2948 323
2471 2325
1606 323
1212 1122
1911 1771
526 323
1405 2275
271 25
472 1324
2268 1854
1253 1715
2965 2931
1781 698
784 58
369 2261
1852 2066
1325 323
344 532
2606 835
452 1912
981 2826
2533 877
1113 1405
1255 2488
1113 144
1458 1203
2143 913
1113 1493
581 354
1113 1705
1113 1259
2037 1977
1655 860
1600 323
393 2747
2019 1664
2003 2921
184 1746
124 796
329 1438
2085 2830
253 2577
226 103
315 523
2315 1578
1152 4
1815 1554
728 1577
1727 936
1113 2377
1113 223
2194 1869
576 413
2327 323
1115 323
1113 2928
2681 323
1874 323
2199 1663
165 479
579 289
2325 323
1242 2572
2101 2609
2307 2608
211 2773
1174 323
2031 1980
19 323
1113 2895
690 2629
1113 1338
1672 682
770 1979
1619 1280
1113 759
639 323
1093 2740
1113 517
1140 2920
338 257
1113 460
2319 332
1856 2573
2446 599
220 2290
1229 2220
538 722
459 1831
2957 323
1113 1352
837 543
1113 2693
2231 986
421 884
1555 323
1996 2669
2979 1304
1113 260
1113 2988
1787 2093
1874 323
1654 675
254 541
1368 496
1583 323
1113 2101
1113 887
2298 323
2274 2269
1644 2223
1478 2469
252 2755
2935 323
1704 1616
1835 131
108 1115
1917 744
843 12
677 2089
2069 323
2864 2334
1113 546
388 2455
1113 1719
2484 323
2503 1576
2035 1811
2128 1192
2672 2484
1972 1487
2436 681
1350 883
1113 531
1200 1986
345 323
1522 1155
1596 1667
2545 2068
923 323
1475 475
1008 1264
2239 2150
1113 1630
2160 76
684 2713
1113 199
2049 1380
2757 2691
1277 1547
1276 2853
240 2984
2976 1552
843 1893
1113 2967
1999 961
1113 1964
2481 1698
1652 58
1301 1318
1113 298
1113 2980
85 2908
2791 323
914 323
318 323
1319 1204
1113 983
1113 1677
2176 2525
1574 2216
1113 1584
2371 412
2393 1079
1309 1010
1113 2197
1113 754
2962 2512
1438 2874
486 1490
2841 323
2913 2544
134 1702
878 323
2080 1000
1113 925
1113 1687
1113 1419
2046 323
1113 2106
1113 308
414 471
857 472
1402 1915
2252 2123
1877 2076
1113 788
488 756
1113 304
1113 712
1254 2777
2668 711
2915 1988
383 812
1216 2461
1113 2495
1748 2455
483 961
1113 569
2038 1697
404 2373
1172 1019
913 975
1432 323
1478 1234
930 2451
675 833
2018 1459
1621 2224
28 2011
694 1247
2986 648
2248 323
322 428
2146 1572
1113 136
1994 910
984 1270
1113 2034
1846 323
2646 323
48 1413
621 2215
1981 2963
1868 90
859 912
1953 323
2465 323
1113 1296
1113 1178
655 807
1698 1932
245 967
2889 2156
923 323
2212 323
1518 323
1688 192
1211 54
1745 2679
1113 1633
512 2725
2715 2129
1962 2333
1113 1649
2657 2790
2828 703
141 1581
137 323
2497 323
2419 323
980 323
2300 323
1113 2884
489 2832
426 1225
2747 323
2541 2428
1113 1259
1113 1493
1104 774
2740 1184
1201 323
1739 323
269 2409
94 1612
1113 1
1113 147
1580 654
194 323
2514 2718
2214 1825
2501 2077
1113 136
1113 2507
662 998
2510 145
391 2365
272 2065
1686 779
984 1667
105 2962
645 1923
34 323
1450 2143
2668 2878
2644 323
2354 189
2179 1729
2680 970
2733 1767
1113 1358
2113 323
1693 2480
152 323
1486 1791
2611 1066
1113 30
1113 1233
1713 1789
1113 1476
1113 1914
1912 1549
1113 2422
2078 2879
1113 854
1113 2880
1111 2094
2503 2073
1305 748
1113 339
1113 166
2445 1377
2748 1847
1357 494
1113 381
2004 1428
1113 1858
481 470
2103 779
1113 1461
1774 1398
1113 1676
2415 1055
688 323
1004 865
1146 2007
793 696
1113 611
1560 747
156 323
1184 323
2914 323
907 1550
762 2534
1242 1601
2336 2368
1590 323
441 589
493 1671
124 691
788 445
978 1643
2268 587
1113 2763
2632 2700
1821 404
2170 1174
734 323
2141 323
1391 1929
2963 2564
2866 2799
389 574
621 2360
1032 2002
2701 537
2293 323
1179 323
1727 527
2505 323
680 766
147 2395
2390 77
1113 2388
2020 2849
622 2533
1113 2574
2283 2003
1380 508
1903 590
1571 2267
275 323
1813 2818
2373 2659
1872 429
104 446
1113 1383
2368 1135
2423 403
1883 956
2238 2215
525 323
782 1500
2867 2059
1028 2682
1113 1082
2822 267
890 323
1878 261
1351 323
682 1215
1262 323
214 2087
1741 35
1113 1732
2742 688
2857 323
1359 826
2836 257
2766 323
2049 2166
1809 659
454 1431
927 1156
77 323
2200 323
1113 783
1257 1281
2072 1055
1745 47
2770 273
1824 2376
785 2035
2875 323
1496 1305
439 2856
1044 772
353 1862
294 1879
273 848
1113 2374
247 1442
1113 217
952 2902
1660 1257
1113 562
1598 1394
1594 860
1379 2653
1113 1711
2871 2146
432 2055
1113 2870
1072 371
1113 1057
1113 2462
142 661
806 2201
1892 323
237 323
2551 1715
1825 1034
2201 97
937 323
1292 902
1113 1973
2950 1099
1113 808
687 323
1230 1847
1096 323
867 323
2170 1262
1170 44
1323 2330
2196 1221
1324 323
1113 1787
1113 1760
1113 338
997 1845
2059 2022
1725 2429
1113 1717
1762 387
1965 323
2272 323
1113 1774
1113 2987
2954 1337
1113 1359
989 323
387 2746
1600 323
1571 1462
2995 2557
1113 1182
1331 572
2423 2113
1200 2248
596 323
2145 2936
1113 306
312 2726
988 1262
1338 1879
611 1054
1291 2674
1297 140
2439 323
2752 2167
1113 401
1148 232
709 1859
2084 874
2006 1084
2046 323
696 499
2782 323
422 2968
973 323
1113 921
2427 1569
1451 323
1764 1205
2864 2145
1418 323
317 2451
1637 323
282 2056
2514 1785
1685 323
1113 2468
515 2409
2452 1157
1785 1736
1113 517
2260 2250
2326 605
365 2912
1822 323
2214 2448
1702 323
2375 2209
2744 2699
1113 480
1347 2134
2311 267
1775 2530
876 1061
221 323
2924 2761
2294 1486
1692 582
800 973
299 323
411 728
758 275
730 1666
1700 2418
1956 1437
2347 2381
1113 1465
1568 90
1113 785
1113 1732
2620 1749
332 323
1061 238
2851 1679
1458 1370
1113 298
1333 1484
2413 2515
2156 323
650 1349
1113 1973
1113 2367
1113 1399
2083 323
2908 1772
1989 2219
1854 1274
2347 875
1109 2551
2576 323
1186 323
116 2695
586 323
604 2321
1959 323
453 641
1852 1487
1113 101
1113 250
489 1990
1113 1782
1113 2057
1393 319
1113 1182
1113 898
1485 869
1113 2197
1565 2675
1378 323
1754 2352
1896 1916
1113 1678
1113 581
2521 323
2065 323
1026 584
2735 1225
1113 1002
1517 2140
794 1924
2328 667
576 1007
308 638
1113 1144
713 1656
2224 1880
2276 1965
719 1898
2985 19
1567 588
719 1379
185 996
683 1232
2321 935
979 323
2634 323
2637 323
2244 323
1113 1708
732 829
1113 100
2458 323
2508 1860
2459 2456
233 2619
1495 770
2811 323
2989 2505
1584 2123
2784 1497
1377 1393
578 1955
1491 2432
1160 323
1113 2006
2513 323
1113 1057
1113 2950
1075 323
753 325
239 2456
2425 1712
1604 323
2602 1777
2880 488
81 323
2881 935
673 182
2651 323
1113 364
1265 803
1465 90
455 1873
1655 1808
2047 395
2264 1134
1020 1317
135 2589
1043 625
1275 2480
1294 1381
2775 705
2057 89
2323 2306
1532 555
1630 145
1113 1081
2429 1851
852 2389
2380 323
833 323
499 323
1286 2963
1910 1808
1113 1180
2985 890
2040 231
972 595
297 2219
1826 547
2454 1199
2719 2636
1113 2724
1480 2743
1666 171
59 2613
572 2948
947 1119
1182 1334
887 1421
2536 1550
238 1585
79 463
241 678
2574 2070
560 2519
1113 2538
504 2784
2968 323
1113 2025
2150 2825
1198 1158
664 323
1113 1241
1586 323
2418 212
1113 2882
1561 323
1113 823
2028 2148
1113 830
1113 504
276 2911
2297 670
2729 2552
1113 1164
1113 2974
867 323
2421 1587
2578 323
913 1349
1113 1163
2427 2051
1116 1315
1845 1034
290 139
2717 478
6 2840
1113 634
2320 323
2840 1878
93 502
418 1444
1342 1746
1113 1778
917 365
766 2185
199 1463
1166 2798
1812 333
1030 2445
2061 1869
1353 2710
608 1118
190 2359
1981 188
1113 1211
1854 2317
2330 323
581 2909
1083 323
1113 2685
394 200
558 1948
672 2691
337 1686
798 1275
1937 1826
2315 507
2191 323
1114 2634
429 601
868 341
849 323
207 323
364 2862
1085 2183
2091 2816
339 1035
1113 663
1090 535
1113 2142
2417 1059
934 323
609 1049
1289 528
1065 323
1155 1696
565 577
707 1617
1113 225
1406 2777
2212 323
1709 1583
2585 1971
307 2241
2506 323
2426 2555
1113 2967
1159 2644
44 2874
1113 1039
2876 2174
310 1351
1453 775
1113 2264
248 323
118 1380
2218 1723
2814 2753
1205 1592
1113 22
657 2940
2824 323
2386 323
595 2683
2316 323
124 1304
1113 1792
2017 2499
880 2333
2582 1369
1113 2124
702 1989
1669 1088
1113 2426
2571 323
2022 1909
1876 2831
2736 1306
1720 2493
2830 410
1113 1962
137 323
2544 323
2007 323
2220 670
98 647
1151 1172
2779 2699
970 912
1113 2287
563 2137
788 493
1113 1884
2453 1536
584 323
2196 1574
1021 810
2095 751
928 2403
1766 2758
2055 2797
2012 2830
856 229
532 1767
2500 2177
1113 1800
896 323
1884 1138
1580 2055
879 1891
1691 2352
2008 75
900 2602
442 1852
1003 116
764 2822
2481 605
142 141
1638 323
749 2020
1113 771
2247 2719
832 1027
771 1697
1234 760
1113 1688
2277 2459
1113 1045
1083 323
2159 2949
1113 2720
726 435
1594 1808
1682 309
1927 2416
1113 2974
2494 323
1113 53
149 969
2372 323
1529 1022
1473 323
1117 2834
1778 498
1371 1450
822 323
2838 323
2206 726
2627 2806
1464 2969
2006 2965
1113 1623
2008 1997
2860 1135
2954 2772
601 323
679 414
2859 2158
2794 323
2691 529
1161 1210
459 1888
2397 323
2802 126
784 478
2087 2272
1118 323
1693 1599
2806 2206
1113 2404
2187 323
205 323
1113 1676
2434 548
1691 2368
506 1298
2394 1265
1113 2770
2336 2204
128 323
2630 323
66 347
905 2418
302 292
1467 1663
1254 866
359 2802
390 323
1610 323
1113 2426
1871 1188
1113 549
1113 562
1326 1683
2833 323
2951 2640
2667 190
1113 2247
861 881
143 916
789 485
1641 874
1514 755
421 1363
2871 2628
1365 2992
569 233
1350 752
560 1418
1113 735
1089 1382
907 69
1982 2550
2655 1072
2519 323
1113 265
763 903
693 323
1113 2549
1113 794
2754 2092
835 544
2034 1348
1409 1092
551 692
669 323
1113 460
1626 323
616 323
2411 2216
993 244
2719 2892
1113 122
1855 323
2625 1284
2284 323
1503 196
1969 1502
2994 1963
2779 1503
1113 1866
1113 561
645 2721
1113 1085
1071 2910
2681 323
1068 2281
614 1231
1913 2886
1134 1321
1113 1194
2354 2661
943 323
660 2864
2918 1470
1113 29
1113 2040
1113 218
1362 180
1801 323
2449 2441
21 323
1113 2217
1007 385
1533 323
1113 223
1849 2767
1914 635
1274 323
390 323
741 323
1019 323
1876 565
1268 1242
1199 1415
1394 1301
742 2246
524 790
2293 323
934 323
281 323
1749 323
961 206
1113 1775
917 528
17 2284
1113 757
1113 401
1113 1568
568 1506
1113 130
1113 1357
2622 1510
823 1438
1113 2425
461 1117
390 323
2655 2032
1441 1513
24 1572
1149 2958
656 1981
1489 370
1113 2917
107 2624
2733 103
2299 529
2061 858
1113 1985
1145 2094
42 446
1137 161
2924 2918
389 1558
1113 95
796 1261
2058 323
1113 754
2034 1049
2024 323
2934 936
2749 153
2209 323
172 1811
1113 1246
2141 323
1113 1568
1591 2721
1592 1118
2280 2007
2317 323
1113 781
80 323
1038 323
402 323
1841 2051
2411 1994
2637 323
1404 2661
2321 1288
1283 1175
2245 604
1946 1819
2879 2125
1231 38
677 1096
2594 1096
2591 391
1851 323
2000 1762
1113 1163
2800 2625
1082 245
1418 323
83 323
326 323
816 323
1887 1494
1221 2843
1742 323
580 2372
1396 2265
2748 682
449 2752
2543 1692
1113 888
844 323
2010 2892
1113 2339
826 1635
632 687
1738 1086
135 468
1113 2399
1491 1802
2425 2611
1113 2847
1739 323
395 473
2268 686
1942 2528
1533 323
2926 323
2302 1422
577 323
782 2397
2751 323
1833 323
1113 853
14 2543
2231 1595
2088 2530
1113 2344
1265 545
232 323
1813 1690
768 323
1165 1254
2808 1929
302 2613
360 1756
97 1721
356 2254
44 2421
1353 1155
1222 2505
1514 1033
889 1485
1591 1083
1657 2378
2843 1561
1113 1621
1104 937
2440 350
2050 171
1519 1285
2353 2268
2856 1854
213 1628
2928 2139
520 2824
1113 2592
1395 1029
625 1798
1743 673
1113 1522
1113 2788
549 681
55 1997
2885 1146
1264 1448
2586 472
2029 152
2706 2872
2707 1122
1113 1614
2074 2946
1113 806
216 639
125 1840
1113 1931
1259 2918
146 323
1098 969
1113 771
799 2909
2408 1822
2928 392
471 565
2369 1222
642 1210
1113 1004
2772 323
976 313
2540 946
2665 1685
1533 323
2111 323
691 1261
1113 1395
6 603
2228 402
157 1327
1714 560
956 323
1113 1525
748 323
2824 323
1142 323
1113 1354
583 323
2223 1776
2559 2907
1076 277
2599 323
492 323
1113 1178
463 1367
683 46
344 226
1202 323
2357 302
351 2080
75 129
1240 323
2765 1188
2817 446
1075 323
473 2301
2436 271
1573 323
1689 323
632 1019
1113 300
1081 1928
854 836
2834 2653
1113 633
13 1221
1652 324
1113 316
292 323
1386 325
1658 323
355 82
869 524
1113 1251
1844 1892
1428 1266
329 543
200 1902
2103 1590
1933 1862
748 323
1210 1376
470 932
1113 1056
2303 1922
2468 42
1867 2400
797 198
1113 629
902 68
1113 568
1748 1915
2474 383
804 968
568 1781
2262 323
1750 323
1795 1015
2393 1156
2180 2733
1113 360
342 2889
1113 1352
478 323
1358 1441
2979 2204
1328 323
1113 549
847 323
259 323
367 866
1113 1037
1113 1
397 185
2148 1789
340 932
1113 591
1079 323
2789 1386
1113 2983
1113 2487
2866 467
1846 323
2517 1585
512 1428
1897 1899
822 323
2414 2401
37 890
1651 451
2732 2671
1373 738
2482 88
2841 323
1644 331
786 1192
733 2256
195 1467
2984 1597
351 39
399 2952
640 2873
47 323
1540 323
614 942
1337 323
918 566
1114 2690
1604 323
317 2711
2471 2153
2862 2016
1981 676
558 2561
1113 1036
2898 323
1747 655
2203 1222
936 869
2122 2315
2552 2855
2497 323
2279 378
375 323
213 2307
2277 239
2565 323
130 743
1440 1416
1802 506
1113 2482
327 2362
651 1639
805 323
2433 2093
1113 1233
1854 1213
1113 2435
1113 2175
1782 2136
540 323
2545 2226
354 1602
578 2516
2752 995
1770 2104
306 359
1113 2722
302 2443
1113 474
2959 323
2639 631
801 1955
1241 112
667 2811
74 2424
1109 1253
2573 842
1460 2200
1113 329
1299 1127
2816 2968
1113 1145
1113 1028
22 2867
1013 1943
1113 656
1388 363
633 1423
937 323
1113 2566
73 323
1113 663
2809 1545
2747 323
1113 1008
2727 1648
462 1463
1113 1170
1131 2100
2669 323
2491 323
2531 2085
177 323
146 323
2484 323
295 181
1343 1424
1657 786
2593 323
2467 2899
1205 1015
585 323
466 795
1113 1373
1113 578
615 323
2132 1575
1298 323
1403 2694
1487 1674
2269 323
112 1212
921 2820
1113 1967
1113 2895
1113 2343
1113 2384
619 323
1255 2408
2483 323
1003 554
1909 323
766 2380
1113 1538
2703 1647
1113 735
2126 586
1238 181
1113 2631
2918 251
703 1895
1113 2930
1113 1871
1753 323
1113 2260
1795 608
2475 1151
1520 2896
1229 406
2664 323
1113 921
1113 1848
2013 323
119 536
1068 2313
736 323
1113 2976
727 2242
2313 2534
2665 873
490 1876
2470 142
1113 1921
1118 323
1944 1400
1297 2469
2139 120
1113 2221
1538 648
293 1288
1831 605
2753 323
1442 323
1113 757
1113 1538
1113 95
1995 2933
1379 1436
123 323
2757 1076
2569 323
109 323
807 437
2125 2192
1010 2390
2361 477
1113 2460
1950 323
932 2306
2247 2010
1092 323
1247 2814
187 1535
1901 1226
2393 99
1113 2097
1113 983
1113 1858
199 2074
192 284
1113 250
1261 472
1802 2684
483 1023
1337 323
1096 323
2410 982
292 323
417 1410
1446 323
1113 2845
717 323
2005 1882
1508 616
2048 323
1832 596
1152 722
1113 462
1603 2876
792 600
1668 323
1113 2433
1361 1092
328 323
1894 607
370 947
1387 323
284 206
900 2803
52 2739
1113 2355
1113 2531
2405 901
2785 2612
1113 442
939 1393
191 323
197 2198
1294 2857
194 323
1113 2676
2242 323
1689 323
382 63
579 1205
803 742
301 420
229 890
794 2010
1632 1761
1546 291
1453 485
1602 2743
959 2248
1113 578
1113 308
1964 1821
96 2594
374 2546
2692 411
1113 2937
1336 269
1113 1559
2919 244
1092 323
536 323
1113 672
1113 2779
2221 718
26 736
918 2458
149 1084
1113 160
851 323
709 710
2764 323
960 2578
956 323
929 1895
906 323
1154 423
1956 524
73 323
1306 323
1113 1310
887 553
1113 1356
756 1907
425 833
2709 753
1113 2354
2717 761
1673 1297
1972 2066
1765 323
2216 1951
693 323
598 449
872 323
1430 61
1113 1985
1113 1235
2629 323
990 323
1113 1660
2280 237
1449 2489
491 323
2771 1345
191 323
811 2251
1927 2926
1905 2544
2907 2102
2546 2187
2351 2331
1656 448
1113 45
1113 1241
949 1455
1936 2598
1531 1611
929 2222
1350 2951
1968 2021
2256 12
1113 1655
1113 2930
1113 283
1810 323
892 1183
994 455
2774 323
1823 1715
423 323
1529 1854
1605 1077
1113 2548
101 1700
2198 737
1861 2267
1437 2437
258 825
831 177
2303 2410
1113 1815
2495 498
2678 1652
2100 323
278 323
231 103
1946 210
163 1606
1441 285
313 239
2704 2794
2771 1420
1113 581
1113 2061
1113 1147
1023 729
2060 289
2174 872
183 1718
333 323
1588 818
1566 323
733 843
2334 35
2333 1333
1113 85
1526 1555
2014 323
2653 323
1113 2101
2441 323
1767 927
1091 1131
2155 2002
1433 323
2581 96
2697 616
411 385
1113 2194
781 1289
1113 45
1113 1539
557 2617
1593 323
2487 1972
2513 323
2123 856
1780 2698
1510 323
1865 2110
2892 2228
2491 323
1113 994
559 323
153 952
496 1236
1113 627
1113 2866
2966 390
2772 323
1731 2365
1729 1032
425 450
591 1275
2146 2039
2760 2412
999 323
2787 323
1113 2727
1907 914
823 44
2833 323
525 323
673 1021
1113 2847
2190 433
1113 640
1643 847
1302 138
1058 215
2257 17
1898 2653
2472 2234
1146 1606
2020 2161
1857 2657
2107 782
2154 323
1562 323
2229 705
1209 2785
2221 1619
291 1885
175 1193
567 2447
2502 645
1359 2663
1974 323
1766 482
180 868
1113 2130
2710 617
1113 1383
1577 323
1830 809
1838 323
2093 824
230 703
271 2525
1408 2207
1758 1448
1113 516
1113 122
1113 2288
2092 278
907 1202
2184 390
1113 2356
1113 316
1113 546
1907 1740
2226 2824
618 1052
245 987
2721 323
56 2071
1341 1430
469 323
612 981
2838 323
2677 323
1314 1242
1206 323
1171 383
1113 2422
1113 2152
11 914
1113 839
489 1741
1113 2627
585 323
1060 1095
2001 2096
2635 2513
1113 84
750 323
1143 323
1113 1187
1113 2724
2160 1586
1507 89
573 323
1751 57
1455 1345
1113 1475
1113 1111
11 1740
2375 407
188 2564
290 2014
471 2831
1949 2210
1278 323
944 295
1696 2358
1113 976
1113 2997
1346 2952
1113 500
321 1879
366 1631
386 1802
171 255
2770 1090
370 2734
1763 468
479 2919
1076 2929
536 323
523 1224
2526 2043
1113 1727
1599 2861
1328 323
1191 1059
1060 152
2160 2069
865 215
1113 1144
531 477
1113 2144
176 2167
1113 2116
2430 2893
2237 2109
2600 331
2463 150
2366 484
1211 395
253 1214
1921 2675
1481 1195
1113 240
953 764
2581 2877
2135 800
886 1346
242 191
1297 1234
146 323
2669 323
1620 2029
647 2933
792 2838
761 323
1113 398
1113 1180
543 2808
1113 1621
1661 1047
2089 323
1751 1161
850 1317
2660 1407
1181 323
1933 587
1113 2460
1113 2367
1255 2872
437 323
2992 497
573 323
2914 323
1938 1751
1072 1685
2460 1563
2370 975
1113 1237
497 323
358 2607
2863 323
361 88
2766 323
2981 2698
2817 893
2378 832
2781 1122
1641 210
750 323
934 323
2921 1840
2741 2237
2158 2393
2403 1681
1113 2570
1716 1167
740 1897
2987 271
408 169
2671 658
1726 855
2790 2236
2497 323
2027 82
1113 2930
1113 2605
81 323
776 2552
862 323
1113 2844
1113 52
2772 323
679 2052
10 1520
38 1523
367 751
1113 1868
1384 2704
632 2171
1763 2589
2218 1336
1687 1821
18 2591
2159 2628
1349 323
1595 2913
1113 1168
1459 243
160 2799
2531 180
2570 1006
2085 868
2343 2204
1278 323
2942 323
2307 463
1980 1517
1113 2851
98 1995
1791 323
1113 837
580 943
1539 71
2516 1005
183 210
1239 236
624 2214
1113 1940
2100 323
2468 1769
1113 384
1183 1659
682 1279
1939 323
1097 323
2899 323
1983 323
154 579
2743 2236
1113 1677
2327 323
92 2635
2630 323
2922 323
1125 2011
1644 173
1113 2152
260 1543
43 1764
179 353
1153 2992
2032 371
1113 1194
46 323
36 323
250 1265
2186 2169
975 323
1431 2033
1113 20
112 2781
2150 2742
420 2346
251 1820
1659 2614
2115 1721
130 730
480 394
1334 2616
1113 514
1113 1937
577 323
2121 1553
1285 323
1425 2678
186 1591
1886 323
1113 2570
2444 1801
1065 323
875 2764
1873 909
490 471
1113 609
2840 1873
1266 1547
542 1642
2437 323
1777 1638
2327 323
417 437
2811 323
8 323
1113 887
1520 1473
296 879
1113 1556
347 323
546 1751
1252 323
1594 477
54 1480
1113 2979
1715 350
1113 2061
856 1236
1108 323
1113 2180
2512 174
2883 323
1113 797
1500 323
790 323
1113 2005
2628 2284
700 323
883 1312
1243 1447
326 323
431 323
1113 1469
888 2981
798 356
665 1574
1273 466
1098 498
885 1508
136 363
1113 2000
1172 2171
1323 2192
2253 121
2841 323
1332 736
615 323
1944 1769
541 323
714 2154
1113 1489
2661 899
2587 323
2798 1110
792 2416
661 2379
2108 323
1817 323
1633 2009
2702 2711
1220 2001
1032 632
427 323
2985 2991
1615 457
2288 197
2301 935
1113 627
193 2199
2258 2456
2820 621
569 2621
2963 11
1922 982
123 323
923 323
918 2662
996 1833
2085 2230
1370 323
1113 1136
988 706
976 1425
1113 1220
1973 483
62 2309
1113 1475
2325 323
1781 1609
2360 1629
588 323
2648 1857
1395 355
681 1908
2960 2580
1787 2266
495 554
2118 1269
726 615
1113 1276
1228 481
2630 323
1384 782
1915 1823
2456 2483
1058 841
1113 2374
1564 719
2311 59
2158 2577
1303 1796
1113 1314
2982 2115
1637 323
553 2223
198 1301
761 323
1335 323
37 934
1216 1451
2265 1766
2822 287
1908 571
1801 323
747 2423
1113 922
501 1529
1288 323
2942 323
938 501
1041 2521
1511 1895
2966 636
1128 1661
1113 265
243 2764
2888 2240
2452 1992
2356 1076
1113 892
2605 438
727 1186
2614 2659
1435 2667
1149 576
1113 2404
2134 323
1512 323
1113 1687
2899 323
1113 6
1620 654
1957 1576
482 990
2352 238
1113 118
1471 224
126 148
1907 469
1113 1176
167 151
521 311
1381 323
376 764
1113 1537
2649 323
1113 2322
2603 323
1256 1473
2692 1195
824 763
500 1616
1402 2454
713 1960
1340 1942
2607 1074
2021 323
2455 2608
1310 2001
2534 323
2654 2450
1040 323
2086 1100
2603 323
2767 2927
2385 2817
1113 376
228 1881
1113 1357
1113 624
2197 322
2034 2004
1934 323
971 323
1598 2658
1620 2902
1984 323
1113 2498
1197 805
794 2848
1113 2618
1086 1285
1113 1669
19 323
1853 2491
916 323
2439 323
2636 1941
1774 1322
983 2201
985 1020
2119 415
2634 323
1113 1388
231 2158
328 323
1982 1326
848 1453
1517 1167
1574 1581
844 323
1740 323
777 1946
1038 323
2018 1001
1358 716
756 2638
816 323
1591 722
2026 323
828 529
2015 73
1568 2282
2435 2165
1554 827
1949 143
2465 323
2420 323
2673 323
1100 1546
2452 2202
1572 323
1707 1062
1113 2264
1113 556
1909 323
1031 1554
1056 2201
640 2862
914 323
2996 2111
1419 2555
2406 2082
1569 2167
540 323
860 1495
2269 323
1113 1085
1113 798
898 1440
1113 2789
635 2203
623 323
162 2540
284 1968
1121 1080
851 323
1552 545
1432 323
950 496
774 323
837 1890
790 323
401 1350
2743 1427
1612 1253
1718 907
2726 2134
2262 323
2364 368
1091 2243
1266 639
1318 221
2116 396
311 2316
36 323
1113 265
827 1927
100 1603
1986 323
1695 2375
2495 1231
2565 323
2894 1653
2082 1658
1113 2157
1113 749
1579 828
2905 1453
1046 1391
1376 323
1046 651
780 1942
464 2170
2532 323
2829 23
497 323
515 21
2891 1120
1465 981
1141 869
582 2651
58 323
1530 323
2147 323
1427 323
2402 1074
1487 279
2794 323
1631 2432
2877 241
1431 2638
1697 1695
469 323
1772 108
2740 2296
1113 2648
2483 323
1487 2921
1113 294
2736 1801
1975 139
2938 2383
897 323
1113 369
1942 971
1113 327
2968 323
1113 344
1113 1792
343 2338
666 2214
116 1694
21 323
2705 2805
543 1391
2139 2253
2803 1853
2915 2225
2469 760
1308 1642
2624 1627
2520 323
2799 2891
2322 2745
1096 323
68 323
1732 1679
156 323
1113 1352
2349 1646
81 323
2214 1845
493 680
1494 323
810 577
1169 962
1753 323
1113 246
1296 322
1500 323
1397 323
283 1289
945 2306
2179 1672
2161 1258
2477 1529
2072 182
1386 2785
1113 2344
1718 108
1113 2648
1333 970
801 2516
2981 495
346 150
1113 1002
2376 2115
1113 2975
2173 1063
2360 2046
1794 1566
1554 968
1113 149
2202 323
1113 166
731 2165
776 552
1113 643
2604 623
2099 2704
2120 2244
1113 811
273 1471
2678 784
1113 217
2238 2160
2901 2838
1113 213
505 323
2937 1183
2601 1335
1695 908
2236 323
276 2787
2653 323
475 1078
9 967
1690 768
530 696
1055 810
603 32
2907 1198
1811 1511
589 323
307 518
660 2559
2233 323
2658 972
2733 974
1085 2315
2659 323
1113 614
1936 2589
2626 323
2607 1935
775 323
1525 1521
2243 81
360 894
1113 2720
1872 2451
994 2840
163 1604
1006 1746
1113 360
1113 2656
1419 1382
2394 396
1052 1523
1755 2071
1113 2592
2784 861
2654 454
2063 2293
1862 2792
1614 2508
1113 2763
560 2926
1113 2179
1113 953
2648 2909
2896 323
1490 2665
216 1749
1113 1623
1629 323
1113 2485
1215 1014
1113 777
2416 323
1113 733
2207 807
817 323
2827 1826
1788 323
2587 323
1244 1511
2890 323
1113 925
1352 233
142 2432
180 2830
2201 2131
1165 2095
2852 1867
179 2241
1390 323
1327 832
1084 2257
1452 2110
893 74
629 1482
2013 323
874 595
824 2463
157 2378
1113 2249
87 2660
2718 1736
2177 428
1254 751
745 323
915 1443
2913 1728
1113 1329
1113 2287
599 803
1964 501
1554 1714
1113 2727
2977 323
1984 323
2331 196
1113 2335
1845 1618
205 323
2301 1160
1113 1144
1113 2882
2852 2962
2 2340
1113 1405
2257 991
2273 685
1319 905
1168 1936
1113 2019
1113 1998
1708 39
85 926
2973 1832
789 2396
2541 1892
752 1312
2041 382
1716 1378
842 1941
1437 790
1767 2471
1113 2501
1113 274
1113 2795
1113 52
2149 1162
15 400
268 1208
2039 323
664 323
2777 538
2000 1392
1113 2019
871 2087
1985 1327
277 1332
2486 323
1636 2324
2273 1779
2819 323
1336 929
693 323
820 2298
2677 323
1113 1176
2480 60
467 2771
2917 2730
1113 994
2337 323
870 2832
334 375
1113 389
2493 323
196 1935
1404 2054
593 2381
1550 323
2377 843
691 2328
1113 1130
1113 2279
2311 302
2104 425
2253 1409
1113 2040
1483 2908
1133 637
1113 1532
2193 1131
1113 100
1367 1634
1410 323
2936 2664
1113 1276
244 323
2025 1841
68 323
1374 323
1382 2188
2522 323
1014 323
516 2139
1174 323
1393 2065
2707 227
2346 323
721 2972
1685 323
848 204
2484 323
1101 323
2418 1835
97 408
759 2044
927 649
2091 881
1521 2904
1955 2145
586 323
1634 323
1113 2939
2781 859
1142 323
1846 323
716 2096
895 1739
502 323
549 2176
1613 2146
649 323
2131 2938
1165 367
971 323
1399 1088
1113 666
516 392
1965 323
1712 288
819 323
272 319
171 1184
1113 2194
2042 2103
728 2674
1858 1088
1113 175
2646 323
1269 2207
2331 1632
2837 1610
909 2521
407 323
1113 1353
636 323
334 583
858 662
764 2357
1113 2756
477 1495
125 1765
1113 442
1932 2089
2778 1814
1127 323
1064 432
1957 2007
1113 1314
951 323
2271 323
292 323
201 323
1113 1752
2252 2903
2549 165
396 803
1105 1010
2900 1053
1422 2178
1544 2415
654 2490
2612 1689
946 572
1113 2986
653 2028
1113 27
1113 1353
2746 1959
2296 323
492 323
1653 2441
1113 660
1098 1084
2583 323
2920 323
2902 1637
2725 1468
398 1560
2506 323
2763 1936
2522 323
1626 323
1955 1005
2526 2149
1786 310
892 1330
1534 2957
1113 2870
1536 2133
1193 2923
1113 1919
2005 1171
1113 101
1105 2655
10 902
567 2811
1452 2465
2891 726
2657 1312
2969 1530
1300 323
1113 327
779 323
1624 129
1280 2834
1734 2189
1402 1109
2067 323
468 1745
2032 878
1725 2717
744 323
1386 2059
1264 309
2114 323
227 877
2189 1939
2655 1996
2823 323
248 323
1286 2304
2186 2758
1611 1218
2886 2338
403 323
2470 1631
1113 2917
2977 323
931 1860
1113 2749
2904 2463
1113 50
1085 882
1400 2159
2704 559
1381 323
1663 323
1400 2931
1113 1711
1412 1464
1113 2354
1113 2590
1585 1750
1113 1998
65 1024
451 323
663 233
1113 1067
2176 1908
2302 2821
1330 518
1963 1953
555 963
2554 207
1584 2682
301 2742
1113 941
796 2586
511 540
1113 2303
721 249
2002 687
2013 323
2897 1983
702 10
1113 898
2769 762
2367 2798
1100 1255
349 2327
2572 763
1113 733
1073 2519
518 2670
2344 2817
2834 1075
2542 1286
2883 323
1113 1774
1235 1733
198 1703
1356 2136
1113 2709
2903 2263
2192 323
1113 735
2922 323
170 323
2341 2923
1113 2851
463 2364
1915 2318
172 230
2663 1635
1537 2650
207 323
785 2182
798 1650
672 2299
237 323
394 1948
1411 1501
1013 2255
2613 323
1113 1472
1175 650
891 724
903 323
1324 323
945 2662
1026 326
1113 2436
1443 323
1679 1078
412 1252
1291 443
2594 232
670 766
1284 1853
1113 2249
2093 2572
2895 2582
2922 323
973 323
1113 1544
473 2881
1113 1295
1094 2812
1534 2233
82 1249
1064 952
2916 1456
1120 1833
706 323
2324 323
1113 213
1942 1817
1835 999
747 134
1113 1229
2879 1796
1500 323
1776 2110
1681 727
1113 1824
1113 1827
182 810
2786 1195
1832 1610
1113 1799
825 34
604 293
2255 426
2565 323
2534 323
928 635
1793 98
1050 301
211 1300
1113 1507
1113 2006
1413 1701
1113 2917
2943 2492
1113 1754
2725 216
1113 2983
1491 1121
610 1232
1983 323
2062 1902
2064 1875
1113 43
813 278
2144 2256
2746 851
1113 1123
1113 2466
236 323
2967 1474
2615 1208
1456 1527
1738 2382
2573 2636
1113 2531
1323 1750
31 2190
2537 1928
1113 384
1008 1758
2030 784
1469 2261
1762 1725
1120 1950
562 1729
379 2522
1113 1107
1293 1266
43 2514
2626 323
144 2716
1113 876
19 323
2242 323
2943 1367
1090 1471
1113 5
945 2833
2366 2794
2297 680
458 323
1125 391
1377 995
1136 2035
1457 323
2415 832
190 2711
1221 2216
1893 41
2580 1346
1113 1818
1436 323
1113 85
1113 2880
152 323
381 2112
2451 1157
1113 853
921 2610
1798 589
1113 2041
138 957
2925 323
716 285
800 1127
1590 323
1247 1605
2647 1983
2469 906
2094 2557
377 2715
1952 323
1684 323
444 1831
134 2113
1624 263
2063 2532
1035 2150
2620 2772
1113 1454
1374 323
1113 2605
2098 2706
1113 2547
2055 2490
696 851
2120 1040
1357 858
1113 2641
1373 2237
2056 323
2250 1169
1992 323
523 1381
1021 1894
1113 2413
2062 2825
1113 2882
935 323
2645 1766
2556 682
2589 1745
2986 1978
1113 2939
1113 2850
2845 2615
963 2989
1113 2019
1113 1089
729 816
650 897
900 1881
2812 465
910 323
1113 1571
359 479
529 1287
1113 16
224 805
1966 849
1818 2981
1113 701
434 466
1097 323
2487 1238
1113 2273
2712 2231
704 2161
1871 2762
2188 1709
1440 2312
1047 933
1113 2163
2493 323
304 1018
1113 304
1892 323
13 2411
444 2326
1645 323
2640 437
2838 323
1215 191
690 2534
612 2518
691 857
2065 323
799 1350
1793 2075
1940 490
1971 270
1113 1136
598 2112
1420 956
1947 1234
1921 228
2913 2957
705 1702
1113 2866
1521 824
168 323
1113 1565
1113 806
1906 1114
396 2973
1113 2163
141 721
533 1133
1113 246
2601 1689
432 1920
711 323
2213 1027
1934 323
2445 939
1113 117
2690 323
1113 2053
2086 2663
1647 1347
528 262
2305 102
2868 658
2437 323
2722 359
1862 431
1285 323
145 1331
347 323
1755 1042
1113 2537
2207 417
1113 1126
2208 323
2526 2554
1138 597
1113 1665
980 323
476 41
1126 931
1656 2550
1062 736
718 106
1113 2195
842 1642
1493 992
1771 323
2362 2822
847 323
2438 852
902 2782
311 1916
446 74
359 2338
2073 323
1113 329
1921 900
131 323
2683 323
686 2317
1027 168
2385 104
1113 442
1066 2536
1295 2600
363 2887
1120 2262
1113 218
2134 323
1405 1588
2972 323
2094 1646
455 1991
1113 1399
1113 1082
564 1196
2493 323
1916 323
1116 2437
1457 323
1113 2495
2205 2324
605 1932
1317 1186
2317 323
2955 1389
312 645
358 1805
1820 275
220 2885
2249 54
1715 911
2308 2583
2039 323
1773 421
2476 323
2695 323
491 323
630 814
2929 2961
484 323
1677 1425
2571 323
1113 629
2842 1411
2625 1714
1027 2233
1133 1047
1092 323
1113 260
1123 2291
737 2071
1889 1304
2890 323
2894 2577
1759 434
2374 1780
1113 2847
449 1377
1510 323
1159 221
2726 68
662 1226
1544 673
2078 1303
247 2494
2056 323
574 2294
2535 2016
2872 1822
1113 1081
1064 1580
1729 2155
2410 2091
2802 1245
2281 1668
2478 2209
2528 323
2328 567
1248 848
2424 323
1352 220
654 2337
2309 323
1450 590
2072 1021
1838 323
2053 245
2204 563
1207 939
39 1783
435 323
2654 740
1243 1518
593 247
834 356
1113 2537
2461 323
1113 1296
2604 2222
998 2637
1113 1235
1113 823
834 87
2527 2689
2755 323
2027 1175
2150 1439
2865 372
2381 744
2553 864
1789 1306
304 2596
120 1197
2552 1020
1087 323
2869 2002
2263 37
2775 2043
1189 2402
636 323
1445 2863
755 2058
2724 1209
503 2815
2540 2402
2289 1681
1113 264
898 1401
1113 1800
2981 2801
1059 2465
2550 1260
1507 1269
395 604
1878 1282
1113 531
1415 588
1368 330
1999 626
2595 1428
909 2565
2651 323
1113 1655
1579 2299
492 323
1113 1792
189 2357
2227 865
2679 323
2247 2573
2679 323
2525 2635
1113 514
222 323
1694 323
1113 2724
2131 408
1199 1104
2813 1963
1371 355
454 1897
193 2189
93 2646
2517 2137
2514 1795
1563 1151
215 831
1448 2533
166 2457
1840 323
1113 888
1113 1633
1113 303
1976 323
1968 2681
1133 582
1113 2180
2780 323
1113 1461
1264 622
364 2
1220 2176
228 2803
748 323
1113 2980
1113 739
1348 1757
1113 2430
2593 323
1368 2973
1276 54
587 2792
1454 386
2060 457
262 544
283 2166
1742 323
2407 619
1337 323
2270 2155
2027 2292
1708 1558
2700 864
2021 323
2993 2176
1113 246
1279 1014
1798 2461
1113 225
2686 1988
2485 1922
1113 1861
658 1142
1809 96
53 709
2562 323
1113 2426
2166 508
1113 2641
652 323
2233 323
1646 813
1113 2729
864 323
1113 2053
1113 303
881 2823
786 986
1869 625
818 1690
817 323
1041 2565
1113 2175
1270 323
63 2401
294 305
1770 1654
1934 323
258 572
1925 323
2613 323
852 841
2940 829
34 323
821 2890
2009 2616
1113 1489
889 936
155 127
1103 1890
283 917
1113 1704
2226 1494
2914 323
8 323
1113 1537
1150 1112
2156 323
2396 323
871 1458
961 86
1670 1496
2499 2673
1488 323
1883 1143
1187 394
1804 2660
1113 2870
929 623
1159 2626
424 1670
1113 2529
2501 2738
1417 2483
14 533
2844 226
983 1466
223 1611
942 628
1019 323
2795 2012
2296 323
562 1672
1567 350
500 2453
1720 2026
1741 1198
1177 469
1423 1613
495 116
2237 1502
2634 323
1983 323
2482 416
1735 2637
1113 880
2889 2890
174 2114
1113 672
2991 323
1658 323
2553 128
2275 2206
1784 2686
2764 323
2791 323
2041 44
1021 1582
1823 2440
1744 323
1113 1004
2274 2153
2632 2281
2629 323
1113 344
2323 8
71 2854
1113 2162
2216 844
771 1320
1113 124
1345 956
1113 1691
158 394
926 1772
69 323
1113 2057
2172 1548
1113 2529
2662 323
1898 1436
802 345
2024 323
1699 1479
353 1022
1068 2553
814 2951
94 1915
2102 2664
1113 551
354 2657
2045 323
1240 323
2448 1034
1564 1536
1113 1688
1113 1849
2986 2543
1113 660
1113 640
2953 1925
1113 666
2178 755
2178 2366
548 2954
1800 1588
2705 650
148 323
1135 2164
2110 323
62 1065
992 2994
2122 1050
1833 323
173 2668
2588 2099
2955 1980
1138 315
1113 164
1867 2371
2697 717
2831 607
2737 1756
1438 2808
1177 896
89 710
2718 2087
350 323
1363 323
257 1208
2071 323
159 1541
2636 74
2711 2202
2708 323
2605 1960
242 1816
1285 323
2009 963
1216 2637
1677 1918
2265 1307
1156 323
2578 323
2780 323
1030 1482
2404 1784
1320 258
2925 323
524 2316
2618 1403
1113 2122
87 2254
46 323
1355 340
2644 323
967 1545
1101 323
1113 666
2166 528
2861 345
2199 1939
2236 323
401 814
1113 1311
1043 2828
1015 1118
2036 1724
559 323
268 2888
2431 323
704 2238
2057 709
1349 323
2019 2277
1113 2937
2415 1021
1119 123
2422 1882
1113 1571
57 1509
2095 2777
1629 323
2402 1200
979 323
1113 444
1113 1263
1113 219
2896 323
1173 408
103 1214
1113 701
1113 462
2459 1653
473 2321
2864 2907
1113 2795
2386 323
968 1073
138 2948
2295 919
1113 2152
2097 1560
2334 1198
1113 1584
1427 323
1113 351
2114 323
208 114
1149 1603
2496 1812
904 2382
178 2020
1399 2960
1879 2406
1179 323
1836 1943
1113 2163
636 323
2917 2944
582 2925
2011 2365
842 2120
1113 2800
2635 2200
2624 2135
2038 646
2835 1498
2073 323
1113 1493
2925 323
1135 1585
1609 602
2321 2780
1113 1660
741 323
2153 323
1313 323
1113 1276
2324 323
856 37
2622 1325
1164 1809
411 1516
2261 773
1113 2779
1113 1868
2689 2591
1113 1237
1113 2088
2459 2449
1454 1491
565 607
1873 1282
1999 284
217 1803
2465 323
2923 554
1523 2532
982 2816
665 1339
1113 1793
989 323
1144 2218
2850 1309
2912 156
2786 195
2109 1596
139 323
2301 2780
1885 323
322 1954
1872 1346
2433 2266
82 913
941 1726
2304 1907
1705 1219
1062 2431
1536 1898
2916 1414
2435 2995
867 323
2825 36
445 2580
2330 323
156 323
2783 428
2871 2949
1095 323
556 1171
1113 2157
335 646
22 1386
1731 2679
1113 1
732 1376
466 1952
2337 323
1063 1478
623 323
1453 1846
487 745
1113 14
1412 2161
669 323
2350 323
58 323
1014 323
1113 2221
2600 2294
2096 1830
2448 697
2178 465
866 254
1223 1320
2519 323
438 202
479 1245
884 323
280 2134
1651 2171
780 1424
1113 1163
2579 2346
2940 2428
2685 2504
1467 443
2405 2738
30 1564
1113 759
1113 1057
1702 323
1113 149
1113 149
954 947
2923 2953
740 2796
1816 323
1520 2782
2720 1564
368 323
2049 828
2583 323
2830 1102
2875 323
1582 168
1203 323
2936 536
1113 2884
1113 178
72 323
1113 1426
240 2079
1961 2673
2133 1436
215 515
1113 2712
51 237
1569 2032
2983 2965
1113 2105
1728 323
2435 2349
170 323
2446 1265
1485 2731
2929 1062
121 1092
703 589
1113 160
2527 2793
31 773
2395 1877
222 323
2392 1640
2511 2532
1192 2913
1113 2729
1113 1938
1986 323
3 1863
96 1148
1742 323
769 926
1674 822
476 1345
459 2326
1113 944
255 323
1468 2327
1882 2329
1275 1016
2451 601
414 1876
1010 2665
50 1641
2720 1616
545 742
1113 1614
1113 1123
2836 2710
1524 1803
1058 1723
2595 1837
2077 190
1354 192
299 323
1113 504
1113 2852
1541 205
1994 844
2561 420
2068 2083
2407 2269
613 1788
1446 323
61 1282
257 2472
2847 746
2166 2606
1537 2165
2728 2936
1113 1818
381 2427
2660 115
2187 323
1113 633
1113 2433
2340 2323
1557 1593
1711 2128
1422 1384
297 346
2244 323
1672 2869
1113 2355
2598 2473
84 950
1113 629
1113 2008
1113 2566
2163 153
1113 158
1542 109
652 323
1516 443
158 558
2537 2251
2951 807
1113 2845
74 1360
1113 2939
185 1420
325 2612
1113 1868
1821 353
2416 323
212 131
2616 1526
2680 1484
600 323
2614 2807
256 1494
1113 1743
1422 2812
1160 323
1113 110
2083 323
572 2248
269 623
1113 2696
2183 1578
2151 1549
1706 2147
1954 1508
2732 1217
712 1064
1740 323
538 2489
2518 342
1113 1426
1113 2273
2624 622
1464 2160
2428 323
2524 1863
1218 1680
132 2753
686 170
877 323
559 323
1113 474
705 1505
2181 7
1113 837
2854 697
879 1434
2826 2558
2124 183
1603 1007
1233 1543
196 960
322 885
1113 1704
1113 2696
2050 2423
1054 1933
1113 1775
20 2516
2980 740
1238 1487
1547 323
1113 1223
165 2036
2988 2475
1009 1416
1816 323
1900 683
1113 2487
977 1153
452 791
1113 1730
1649 2177
2346 323
1113 2770
1113 2197
2210 1855
1113 1660
2632 2553
533 373
2512 1526
1113 2749
1524 1784
2679 323
153 1620
1113 2023
2521 323
1764 1795
2264 2341
460 2352
2703 2946
1113 624
2991 323
1113 591
893 613
1750 323
2200 323
1877 379
1113 1539
2474 2769
2039 323
1113 2034
2014 323
1113 1176
2412 1023
820 2613
1113 264
1426 2266
1719 2182
1113 369
1516 2674
1113 2852
1039 2353
468 1731
1387 323
1028 155
767 323
487 586
2488 1822
898 453
1791 323
514 1050
1113 1849
1113 2132
1113 1028
133 1175
1346 234
2392 775
815 833
2558 2890
1608 855
913 526
1113 1329
1363 323
1250 1574
1191 742
2602 1639
235 2808
1113 1910
1020 2622
2364 2476
2140 323
2152 1017
2591 1243
1648 1949
2142 1481
1443 323
1113 777
1113 1778
1625 2849
1316 2480
1242 374
324 323
508 835
1113 1147
137 323
1161 732
905 1930
79 2943
1822 323
2563 2868
1113 53
1113 1598
2070 78
362 2453
2906 120
1113 1267
2113 323
377 1492
706 323
2633 992
1113 1070
2348 323
2621 2290
2524 1806
206 2021
12 1883
1113 1211
2448 1618
979 323
1006 827
552 2062
279 822
1113 2987
815 1203
309 2533
2832 1850
872 323
3 207
1180 2075
2250 2680
1543 1814
1640 323
1701 323
1113 2928
1088 886
333 323
599 2017
1887 2824
963 1911
866 1449
1599 695
218 1112
2357 267
2739 2117
577 323
864 323
1563 2956
2345 2863
720 2261
1113 1967
1057 1644
1115 323
1158 323
2702 2452
303 2074
1113 1522
1113 2132
2223 1452
1286 756
1493 1712
2759 69
1631 661
566 323
583 323
2429 1959
1237 1499
1113 516
1113 306
1948 1439
70 2959
1516 980
1113 1662
205 323
511 83
1113 2924
2044 96
1113 556
1113 2468
86 2773
699 566
121 805
1113 1589
807 1410
2489 323
2216 1561
1113 1717
1113 731
652 323
399 2185
379 1810
1113 2997
1273 820
398 730
196 1761
2755 323
2609 141
1612 2632
746 2707
959 34
1992 323
262 2208
2808 966
2643 323
2675 2803
92 1460
2627 2275
2674 323
1319 295
775 323
2959 323
1043 2127
1244 2604
2588 2107
1662 2239
1621 1888
2124 1946
258 959
1530 323
2385 2719
1113 223
859 2420
36 323
1113 316
1113 2124
1113 2374
2045 323
121 2630
1113 2574
1113 1039
2763 1699
1245 1742
1113 2157
833 323
1113 2211
527 1956
2769 2313
1113 2527
2941 2185
2445 436
562 2748
910 323
2534 323
2694 2961
1113 1395
260 2597
1208 2234
525 323
1113 283
668 1190
1296 2783
2443 323
2799 185
1717 1368
2529 2820
1113 15
465 2794
1951 323
1595 1154
1414 978
418 1837
1113 2288
2414 270
1214 1488
1698 241
901 193
1436 323
1016 60
580 1374
2956 1975
1321 838
1113 2116
2537 1770
1865 2878
181 1835
2727 2018
1113 2162
1125 1731
641 465
298 950
2070 2956
2612 1512
2806 2891
2947 163
1113 94
1113 2377
1113 2836
1913 1997
1113 105
1113 1031
1113 964
1113 2527
2238 2969
1164 2044
1945 947
2260 112
1113 1748
1325 323
755 484
1113 2470
1369 838
2863 323
1305 450
678 323
1589 1230
574 167
1765 323
1157 323
588 323
1113 1166
2874 1587
1385 1647
2232 847
541 323
1735 2461
1113 830
80 323
658 748
274 1385
1113 294
1113 154
1212 962
1246 2283
2715 2121
980 323
1121 506
1300 323
1582 2643
1851 323
370 1444
622 800
1380 48
1382 2943
1719 2218
1442 323
1801 323
2796 161
828 508
2131 272
2704 2397
1113 2934
263 2319
2224 891
53 1759
195 1516
1113 944
2430 709
1113 2179
41 2838
164 2224
1113 2142
2229 2043
561 1841
668 664
453 2178
2270 1032
178 1625
2069 323
1979 323
1345 1950
2189 1993
1113 1139
1113 592
617 2234
481 409
2386 323
2504 1790
2338 126
1113 797
1969 1091
1113 1623
1113 2570
1489 954
1589 2748
1723 269
956 323
1113 1964
451 323
1113 480
712 2793
1143 323
2797 323
685 440
2410 861
178 165
1334 2512
1757 216
626 1968
2344 42
1113 1834
1126 2900
1997 337
2391 714
1113 2388
603 78
868 732
1970 1155
2610 2238
1113 1267
2108 323
1515 2687
2159 17
1113 1531
2416 323
1113 2979
466 2298
1113 14
1434 1361
1565 1890
1733 2718
749 1412
1113 52
201 323
1778 942
1113 1722
2573 2892
987 1716
1480 2301
1344 323
1515 2286
928 2289
1113 2537
1289 965
845 867
1113 922
1113 2436
2022 2841
2756 461
2016 932
2523 2571
731 2650
2384 418
1113 516
2066 1674
145 946
1925 323
2194 1043
1799 1852
1113 1295
2409 323
1649 2723
1779 2198
182 1894
1711 786
2810 323
2988 1563
985 2062
1684 323
805 323
2447 323
139 323
1113 783
1585 427
781 2166
2256 1455
2413 2508
360 1322
2310 1695
1213 323
1571 1271
1941 2244
2383 323
2888 1709
1356 1836
1332 525
2105 905
1737 2994
765 13
1113 1228
846 1658
1113 713
38 580
2778 1497
1113 2335
2650 2688
77 323
1113 361
2566 2733
2865 1226
175 1134
1576 323
2639 1116
1837 1266
1586 323
567 1324
840 762
1850 951
1996 1685
450 323
346 1533
2402 959
1969 2496
1688 483
2705 778
1113 928
2129 2690
1113 2934
2365 323
1860 1437
1259 2761
1113 2789
2499 596
610 884
1384 2366
1925 323
368 323
1618 1979
1863 323
1863 323
1730 1821
2937 1330
1080 1232
1005 2243
1807 594
2306 323
681 2525
1113 2119
2390 873
1200 2599
1113 1357
2568 421
1796 403
1671 64
1175 1249
443 323
2425 926
1839 1351
681 92
1650 447
1972 2003
2764 323
2556 1847
1421 2223
579 1795
1547 323
838 1886
504 2410
278 323
1526 1252
970 644
2171 323
2106 198
1324 323
1600 323
2266 297
1535 758
1113 568
2878 323
2980 2663
2067 323
2716 297
985 200
1527 2612
568 2768
1647 902
1842 2804
1113 781
1964 179
1141 2003
1362 509
1056 2445
2091 2524
2623 520
1113 2574
1113 1130
2581 1011
665 141
1113 1362
1462 1253
2919 1742
509 1161
1113 2361
2504 1001
1113 27
1109 1823
327 977
1113 2057
658 450
757 1012
1113 2105
1704 1619
2355 135
1460 248
2076 1040
1113 2729
2953 1828
2475 32
455 1878
814 655
1908 2635
558 301
1113 352
1113 1037
2773 323
91 1336
2399 1625
1744 323
2053 2031
126 779
1113 1711
252 2284
2246 323
1202 323
2700 128
1701 323
1572 323
1408 655
1652 819
2377 184
2351 694
825 491
2310 1302
2258 1417
869 311
1113 1677
2883 323
2015 1694
2287 2031
2642 2109
2595 1293
507 895
1113 2485
2366 2397
2532 323
1067 2508
1113 2144
1113 1688
135 2081
450 323
1113 2405
458 323
2954 1561
1475 1673
2306 323
40 920
50 2084
2693 1043
1107 1283
1218 2839
1113 1559
456 2814
1037 2080
45 2181
1108 323
2723 1001
1113 634
1424 170
2035 2127
964 2793
2777 1152
1154 2233
1628 2608
1086 201
485 323
1113 1630
209 1741
1113 1665
1113 2548
1113 2217
1113 953
1785 608
1779 1864
324 323
2730 1093
2949 2039
2217 2982
1113 1937
1113 2757
187 2059
1413 1179
2854 1618
461 106
1113 2656
2898 323
644 323
432 1243
1298 323
1113 612
1848 1699
1799 1204
1339 1581
197 2138
48 835
1113 2279
1984 323
1987 2581
2228 1360
2135 1557
1113 321
374 2184
760 323
2213 1154
785 172
456 1761
1293 1468
2696 1100
336 323
584 323
1129 1448
523 2857
2399 359
2765 579
2535 340
2154 323
539 323
2592 192
1559 2027
1424 971
1113 474
1474 2051
2797 323
409 699
888 1780
1304 857
1036 314
2800 804
1171 2329
1708 574
1113 2061
69 323
1000 291
803 2499
1663 323
1198 2386
915 544
2868 1305
2560 323
159 2861
1113 1962
1245 148
485 323
2390 2935
1649 1648
1786 1839
1113 22
1113 1150
550 2683
1829 314
117 2291
1490 1072
2335 532
2457 106
1225 323
1227 1146
1113 938
958 251
2598 310
2843 1951
1113 1396
860 1364
2590 2595
1113 892
1113 2836
1954 2697
1960 202
1399 924
1113 130
2433 1521
1682 2135
2760 483
528 915
1113 1727
4 323
2723 1459
1113 853
2152 1242
808 2004
227 2420
2245 1813
239 1417
1113 1973
1113 1649
1104 368
2001 1908
472 2447
2338 2103
261 2013
218 1763
1113 591
2384 370
1290 248
2037 1566
1113 2038
2420 323
2872 1885
1638 323
1113 653
1113 561
17 2755
1113 2303
2976 553
1776 2878
1113 1106
2269 323
1510 323
1518 323
1113 1098
2682 856
2785 2601
1113 15
1230 1496
2863 323
1866 552
1113 1263
2494 323
2360 1586
1503 1632
1403 866
1218 784
2688 1887
1257 2091
760 323
1895 323
804 1881
17 1397
1730 415
2880 454
2641 1412
1113 1004
1410 323
1082 1700
2295 143
1836 1044
247 73
1113 2124
634 1797
1113 360
2208 323
99 323
1717 155
1562 323
245 2809
2455 1199
835 1701
2256 476
2806 818
1113 84
2577 99
1912 2068
1535 1820
1037 1100
1113 2356
1549 348
876 743
1113 2335
2480 2861
1931 1608
2622 2484
2318 1415
1113 1958
1113 55
1113 1760
2308 767
1113 2575
1790 1917
403 323
1030 1207
864 323
1577 323
1113 1139
2992 407
1664 2158
1113 217
2272 323
219 743
2681 323
2449 2483
1113 880
1113 1556
1113 2118
1113 2217
1113 569
2750 187
692 530
1113 1356
1232 323
1113 1223
888 378
1113 797
1828 323
2658 1703
210 2345
2758 817
947 1508
999 323
879 2253
1035 2062
1428 1468
2794 323
550 2644
1847 948
2603 323
1113 500
1892 323
1492 2129
2283 2066
2723 1949
1113 124
320 170
1113 5
2115 62
2264 2582
2642 904
1188 289
1932 678
2561 895
1239 1977
2900 2639
1868 685
1990 1850
2456 2441
2418 1545
84 2682
581 1350
2728 2102
1113 1944
176 2990
1391 1777
1107 1875
1561 323
2320 323
1919 2798
2544 323
948 1014
781 1380
1113 854
1427 323
1039 439
911 323
32 290
2709 1209
1113 1914
1113 1362
372 1344
1706 1101
1113 546
2030 2717
865 841
1113 2988
1321 2121
1501 2911
454 2796
710 466
1348 1048
2479 1188
1113 1089
104 2636
2381 1442
2198 1850
1687 1054
1361 326
2861 862
34 323
169 323
305 621
2278 1363
2849 1724
154 1764
1250 1339
1113 2006
1966 872
1772 907
160 2806
603 61
2543 373
2442 2883
1290 2200
337 2319
2477 2856
1676 1422
1309 891
2378 1595
2487 1852
2831 83
1113 1030
1888 891
731 2349
1236 1101
383 690
2610 1051
1113 300
1113 1296
966 2026
2747 323
1113 1722
1325 323
1113 1537
1610 323
76 323
1490 1996
1923 323
1896 2316
1223 2540
554 2695
1378 323
208 2079
1113 592
78 1975
1153 2375
277 26
1945 1954
1099 1601
2417 1452
181 279
1315 323
962 912
2972 323
755 1181
1049 1757
1209 325
2482 452
657 1509
1928 871
1831 1880
557 286
1113 2760
761 323
1113 111
2043 1702
2112 2752
1126 2515
2130 2277
759 1809
2702 2359
2699 1416
722 323
2492 2911
1113 1768
1203 323
1113 2627
87 7
662 1735
1668 323
468 2473
1772 2759
2774 323
304 313
2100 323
1113 1748
1882 2927
1047 2925
1113 296
1479 2184
1364 487
2562 323
2795 2085
510 693
1113 1848
1113 1824
1659 2670
1531 1918
637 2571
2082 2046
1435 2738
553 2835
839 1504
1176 449
1410 323
1473 323
1042 323
1113 84
2280 1606
1029 2143
2751 323
1375 699
2608 1415
2063 2309
2626 323
1113 834
1113 2482
2320 323
1113 2119
266 323
2717 1851
2753 323
1087 323
1113 1402
1482 939
1765 323
1113 1889
2509 3
2290 51
1829 418
422 1108
295 1930
1113 424
1416 2814
933 323
2619 1957
1113 1987
1054 2268
1113 166
1448 1299
259 323
1906 2126
1140 1181
1113 2709
2045 323
1113 1827
152 323
2103 332
84 155
2906 1471
1113 2993
40 924
1113 2501
348 323
1113 2332
2584 2621
2870 358
1113 1483
2536 2898
2441 323
2491 323
35 1158
424 2563
331 2668
2215 1629
1556 2806
1372 2978
2127 1798
2793 2591
2191 323
1796 2192
1113 712
920 317
1841 1490
1472 1406
2695 323
2157 179
2805 897
1103 543
1376 323
378 1003
2691 1707
1464 1258
1679 1297
1113 823
1550 323
2481 659
544 323
620 2807
1113 928
615 323
1699 2598
974 1214
2541 1108
1775 1499
2048 323
380 1029
2530 593
1139 2645
1194 209
2604 2409
287 539
539 323
2494 323
2180 1982
1113 2566
217 1804
814 752
508 915
1113 2584
1113 2422
1113 2302
2737 386
1881 1853
88 2701
2734 1372
1113 889
1113 45
548 2620
2584 75
1527 2232
1066 1963
384 2434
2331 2607
1813 293
1582 423
1113 1985
2270 1151
1113 2470
1954 1119
225 2624
598 1474
357 81
600 323
1458 700
1377 2990
1113 889
73 323
2011 1447
1113 1371
2539 2991
409 918
2633 1737
1912 537
592 71
1113 1168
2282 440
42 1613
1113 2053
787 229
261 2014
1113 1532
1113 2384
905 2809
1029 2186
881 2968
1262 323
1998 2893
1903 1766
551 1392
674 916
954 1444
974 1683
266 323
168 323
1113 1103
429 2952
1113 30
2605 430
1773 610
2099 782
2957 323
2888 1501
1563 2155
1559 133
1113 1211
1113 2510
1113 701
1113 2049
114 2229
1113 2435
1694 323
2240 1583
255 323
1113 2844
694 456
2683 323
224 286
2298 323
2540 258
655 2640
1429 923
1146 1604
2378 2213
2375 957
1113 2479
2223 1865
1005 2936
371 323
1827 2410
86 2021
1016 2305
1494 323
371 323
1311 396
188 1071
1219 1989
2372 323
35 2386
1113 1800
9 1980
2363 1656
1113 1435
1508 2583
423 323
2244 323
724 347
2363 1982
1050 1578
1947 1570
1113 1987
1113 928
1430 78
1113 2618
2102 536
299 323
1346 601
1357 438
2953 1886
2649 323
998 1684
2253 1197
2708 323
1761 336
1113 1405
1113 2195
1113 2162
1633 635
1023 211
1113 2993
924 930
236 323
1094 641
2711 1993
1113 707
895 2819
2062 2622
2284 323
1139 1029
339 985
645 4
692 793
2347 1917
1113 1187
219 1560
1048 349
1113 369
53 89
248 323
1659 620
745 323
217 1784
1113 2974
1452 1645
332 323
1113 887
1625 2802
147 2848
1113 720
270 2212
273 1513
2408 1885
739 2768
754 2070
1113 1194
416 564
511 973
1924 542
100 2786
698 602
1541 2506
1113 296
2548 870
1506 698
2790 1427
2742 2346
2588 1384
1156 323
1343 686
2512 412
321 416
2349 2623
1506 1609
2862 2340
591 1316
186 1152
5 1090
2639 510
2897 1167
25 1460
1113 296
702 2904
1113 22
2867 2785
2117 1735
2 159
1113 898
853 2642
2335 1656
1113 1630
1074 2599
2596 2258
2713 247
2033 2587
2140 323
76 323
1113 225
718 1117
2858 323
2969 2069
2210 1540
1113 2064
2687 2358
2523 933
1113 2259
1113 2363
2795 180
1833 323
661 2684
1113 2507
1113 627
2547 917
2291 195
1874 323
685 2138
647 2444
1974 323
1951 323
1878 909
343 2802
1502 984
1372 767
950 127
469 323
415 404
1113 1871
67 1503
89 597
2804 723
425 1142
331 1865
1113 2025
1947 379
1524 382
854 1679
1974 323
305 2406
724 2899
1113 2800
2600 173
1113 352
607 323
638 642
2599 323
1147 2136
1056 1207
2265 2230
777 1641
1938 509
2092 1984
1113 389
2055 2337
1113 1940
723 903
1113 105
2765 2060
830 488
1351 323
162 1189
967 1716
2485 2984
379 146
778 1984
1447 323
1113 1858
2556 1496
1007 728
2657 2743
1113 2765
829 323
1113 757
161 2141
1998 1759
261 299
512 1293
800 540
1113 739
2544 323
1113 1338
780 320
2437 323
646 1365
2619 2503
1113 1103
1592 2067
1281 422
1113 1475
32 1651
2671 425
1363 323
49 1212
2343 2860
1113 1388
1167 323
1113 213
1622 1116
1301 2647
571 2513
1251 1770
2873 2016
687 323
1113 157
108 69
67 1617
992 2813
1113 1913
575 323
2596 2678
1113 551
2145 119
157 2415
1512 323
2721 323
772 1626
1905 1206
2647 2140
2190 93
725 2885
2761 1807
926 288
1959 323
118 828
2168 791
1163 1128
1113 612
519 323
1837 1372
442 1972
2380 323
2575 1109
698 714
1113 612
2641 2610
1724 1742
726 1833
2317 323
1962 2250
1220 681
1683 649
2728 357
1113 380
1298 323
1900 610
268 2188
2576 323
764 863
1762 793
2944 2229
722 323
968 560
316 1903
1113 398
752 2640
1113 2676
2903 787
1113 53
2970 188
1127 323
1140 2058
2944 2775
342 821
2533 1127
573 323
29 31
1417 324
257 617
2674 323
193 1548
2340 695
1113 113
1666 2423
2920 323
305 1051
1372 1087
1607 2448
1113 1166
1513 557
1404 2893
1113 2413
435 323
2209 323
1113 2827
2221 461
2211 430
100 2692
1677 1611
510 2437
1113 1884
1103 1046
2853 604
1006 1714
109 323
1113 606
279 2774
1605 336
435 323
631 693
1069 2348
791 2068
1550 323
177 323
862 323
1347 68
2811 323
1113 2288
2489 323
429 1157
1069 1328
416 2151
2031 1389
803 1961
2391 2464
339 552
1575 188
2672 1186
757 114
1113 1782
626 729
384 13
2370 526
1204 181
2687 2037
1113 321
2711 1992
348 323
2232 1689
2182 1244
839 1712
2097 2944
1675 1725
1113 219
1113 2482
1385 10
2745 230
1583 323
1113 1388
457 1086
2978 323
1012 2526
1369 2129
1113 303
1113 2351
1484 644
2742 266
1171 2927
740 1137
373 2666
547 254
1501 1583
1113 1145
1113 376
762 2629
2700 911
1815 804
174 2505
1469 31
625 1216
2141 323
1916 323
78 290
335 2362
1113 2575
147 1924
1864 56
589 323
1113 1717
2042 1686
1113 663
1185 481
1853 923
968 70
744 323
1113 335
2275 818
1842 2572
1113 362
1988 1926
103 927
2273 2282
1396 2012
2909 883
1201 323
1855 323
833 323
2814 336
113 2559
574 173
316 2645
916 323
1562 323
1707 1332
1830 2513
54 1602
1400 2257
154 2514
437 323
2313 1668
953 189
2917 114
1635 161
592 692
2068 2191
2007 323
1134 2923
1409 2630
2118 1408
1113 2023
857 567
314 2734
818 726
2379 910
1721 169
2694 254
161 2922
2211 858
1113 888
1113 2631
1573 323
2038 977
1078 140
2816 1806
1313 323
955 2718
1184 323
4 323
1074 1874
498 534
49 1169
2364 937
1997 129
881 1806
406 1991
2463 1744
1113 2279
1331 138
249 323
1113 2498
2621 2619
534 2511
2129 2634
961 1968
1643 248
2650 2545
1187 1035
1106 1094
1113 1223
2852 2387
2298 323
2140 323
2960 1872
2712 786
344 2733
1460 809
2488 2677
2798 2947
324 323
2560 323
1113 1782
1281 881
203 2835
1023 86
2345 2683
824 346
841 515
2682 787
2989 1555
2209 323
1113 1919
2661 2357
1924 1308
969 2257
1113 1465
1615 904
1113 2993
347 323
1113 1531
701 2177
1258 1530
1463 1647
2561 2579
1113 50
611 2353
476 1883
280 4
51 1576
29 1981
1383 197
1113 2976
1048 2620
2081 391
880 49
1036 418
117 363
2096 789
1113 2367
2972 323
1459 2210
2158 1653
2889 2350
2318 2440
1113 380
633 42
1074 1986
2173 1924
566 323
1113 1311
1113 1106
1470 758
1113 808
1472 1254
2566 231
1808 1364
718 1280
1118 323
167 503
2138 56
1113 2008
1113 1268
1014 323
1990 1636
2490 323
1834 2307
2125 255
1113 1522
1113 2950
168 323
2590 314
1113 2195
2372 323
1113 568
274 1463
1170 235
1306 323
361 522
1113 2986
1880 724
1010 1072
2651 323
2148 2736
2807 323
1113 335
2346 323
516 879
644 323
1113 5
2590 512
300 79
1812 2100
1441 848
158 2239
2946 1347
1894 577
2716 1989
1607 1845
680 399
2205 281
663 2621
2731 524
464 988
967 2897
1904 1887
2804 346
260 2778
1158 323
222 323
899 820
1113 381
706 323
1204 65
1113 308
1805 1200
644 323
2389 831
2856 1424
1113 364
1959 323
2359 1976
1445 2108
714 1206
1113 1787
1004 1058
1329 356
2302 2588
555 2203
2567 621
2342 323
145 258
2374 684
1113 2844
2340 802
1113 338
1113 2750
2740 2113
1901 372
1421 2417
1062 2858
1113 460
1269 315
2538 2514
1240 323
1113 2097
762 989
770 2045
2009 2369
1113 1310
1719 2745
419 323
2855 1317
1113 640
1113 1056
1113 1870
2397 323
310 636
506 2520
2993 716
1113 2741
1113 1472
345 323
919 616
1775 684
697 585
2701 2082
2750 958
2952 323
1782 1355
1279 191
517 1406
2236 323
1245 1590
506 46
2983 1423
821 2156
922 257
417 1224
2067 323
1113 111
109 323
2558 2350
2174 2348
2780 323
809 323
646 1153
1113 2722
2023 467
530 697
1113 2332
1113 2788
1643 1512
1113 1228
1113 1371
155 496
133 2292
773 1071
2129 1553
293 768
1988 2914
1113 1483
1113 2086
381 1474
2982 1173
176 995
552 1020
1227 1957
2978 323
1976 323
1088 930
2857 323
1900 1080
566 323
5 2906
6 1430
1179 323
2289 2855
434 820
195 1291
2476 323
2291 2887
383 762
2912 2056
776 985
1050 2561
1929 1262
271 92
1113 2633
2137 2330
1822 323
1646 520
2691 277
2873 2340
1401 1514
2958 413
2530 2713
2887 1467
1522 1515
2688 520
1113 769
1484 194
44 1971
1863 323
628 62
1130 2277
2776 323
2927 690
1080 884
886 429
1943 426
1381 323
2225 2603
1806 323
1053 631
1831 1843
1113 85
433 502
1804 2915
1303 2125
1270 323
1113 1147
314 1837
2450 2796
404 1862
853 2762
40 2667
1641 1819
2288 489
2648 354
2208 323
362 2588
2434 1221
1113 1259
1902 1325
2662 323
1956 2276
873 323
528 282
1113 2850
1113 1793
1113 2302
2697 123
878 323
1459 674
564 2082
2384 954
2821 1384
2044 1698
1174 323
2234 2342
620 2659
2851 475
1926 323
536 323
2473 2419
2002 1019
1051 2360
542 2120
2844 231
1843 724
874 550
2142 2692
1093 705
474 486
1364 2126
1113 2047
844 323
1113 801
244 323
1330 365
27 618
1581 910
1268 2093
1113 335
1818 378
1656 1326
2462 2658
2670 2056
2490 323
313 2285
2197 954
494 662
129 2503
1113 1341
2738 190
676 2564
2043 1505
1113 1921
911 323
1840 323
2466 2958
1113 2500
1232 323
2451 1992
1113 162
657 2541
30 2453
1468 639
10 1256
2516 2193
1515 2826
1779 2138
526 323
2329 426
1211 1857
421 2776
1113 839
1976 323
1578 1026
666 71
2580 766
1113 1008
2000 1675
1851 323
1213 323
1746 792
1113 1461
623 323
1113 264
1113 327
1113 785
1916 323
372 619
113 489
2399 343
1113 1107
1113 2845
2489 323
1961 1097
446 24
2036 1258
1113 679
1113 2924
114 2526
648 780
2664 323
2640 867
1113 14
964 18
795 323
1113 1589
1716 1753
1961 2593
385 1577
1653 652
2552 850
1090 1513
1000 2408
1113 2866
797 2955
1113 1404
984 333
2815 323
1113 1111
1572 323
29 2970
826 1000
2419 323
474 2224
596 323
635 963
854 98
2197 1945
2219 2576
418 2734
946 959
1488 323
1113 578
1680 58
1321 2953
392 535
1113 298
1113 2744
2812 2366
682 242
699 2662
1113 1246
2814 137
2024 323
1113 2462
1113 1614
2836 1528
944 1238
1726 1713
848 2392
2669 323
1367 2476
725 1227
766 234
1930 1835
739 2128
797 1394
1113 1070
1113 2498
2555 2943
1546 2442
1002 490
1628 463
14 1128
1679 1995
912 323
375 323
1226 750
1266 1087
2349 2688
349 1749
2367 220
1113 1241
849 323
2529 305
887 203
2222 323
57 2940
634 1013
2932 2467
1530 323
148 323
2611 288
1113 162
1370 323
2562 323
2990 319
1061 2879
894 2568
1113 444
2855 727
7 1407
1587 2212
2554 1432
870 1990
2046 323
1070 2231
1588 1272
1712 1066
2339 1969
1113 1669
2123 787
627 1046
2407 750
1113 781
2201 436
1237 684
1587 2026
2966 1351
2518 2826
2234 236
1283 2754
2698 2015
1113 2987
1749 323
1416 132
2577 1079
1113 811
1113 799
1113 1383
1979 323
935 323
230 929
1697 1153
565 1593
1414 25
1113 1031
2426 79
550 2108
2801 2015
2143 2370
596 323
2602 1429
1113 1111
855 1789
264 1737
2970 676
1113 33
99 323
1544 2072
1113 1036
630 1747
1113 2173
2464 1206
1113 175
2012 2230
1940 414
1113 1354
1305 2398
1623 2559
1051 2215
362 2821
1753 323
840 2281
1052 2511
1113 1732
1113 2584
2523 1953
2685 2018
993 2977
1142 323
49 2680
1007 2174
1825 770
1113 2696
1113 2760
2358 419
2508 1622
1353 1528
2618 367
908 491
1100 1000
1485 1956
745 323
2217 1466
1113 2227
1113 1556
1611 2030
1197 286
1113 2086
2567 2406
12 792
2831 1593
2550 2471
1857 1602
806 1466
354 883
1113 2259
1113 2997
428 2697
1113 2460
1228 2535
2516 2728
1077 323
1769 2159
2470 1491
1661 637
2683 323
1113 1931
1130 313
2901 2416
1071 2646
1354 2900
2738 2702
2759 1550
1514 1140
738 2496
1113 531
1449 541
1502 1812
161 2587
1054 1529
1483 183
1910 377
977 1365
1113 67
2505 323
2796 2033
507 1026
491 323
2666 2651
959 1986
2782 323
2350 323
996 615
818 2818
1113 1848
1241 49
281 323
505 323
715 2017
1891 1026
2318 1567
1113 731
169 323
1113 1045
1185 2873
1923 323
850 2672
1450 82
296 2315
1113 1559
125 1916
1113 1067
1113 2712
110 977
1680 2048
2144 467
249 323
2414 1720
328 323
1113 2693
1158 323
241 232
1870 305
1113 136
1113 2538
1045 522
225 1264
537 2191
335 764
1002 414
1966 2348
180 1161
1113 1098
1113 2405
1618 585
2492 2476
1113 1182
47 323
1950 323
1634 323
678 323
883 845
1132 2100
1864 737
938 1054
1113 759
1113 2542
2971 2474
1113 938
1113 598
1169 859
1113 388
1713 2933
643 2018
15 740
2098 1255
494 2865
1230 1217
1642 2244
2748 2869
2449 652
2609 661
2241 2614
1113 1584
1415 368
1599 802
1113 783
1113 2339
1113 1669
948 2398
1113 754
2778 1281
2234 419
2960 886
1099 1479
2933 2791
2762 904
1113 2975
1472 2095
891 2390
1113 1970
1041 2497
229 2147
966 2024
2486 323
1063 1947
336 323
1113 2590
1113 2979
1401 641
1113 361
1113 606
104 893
1745 1934
1190 323
413 1966
2373 1457
1980 2647
1613 613
2104 675
802 1600
690 1562
1858 920
1113 2064
1113 94
1113 2339
1217 1305
1217 658
2434 1048
2625 968
548 2843
932 2833
2652 323
2061 494
173 151
2276 734
2316 323
1345 1143
1561 323
2246 323
734 323
2352 1303
1017 1479
46 323
239 2449
2987 1456
1217 948
2846 1755
2361 2214
1113 113
1722 184
340 699
1914 555
1113 2101
90 2846
906 323
896 323
852 1023
1804 2686
2438 1058
2266 2804
1113 1233
1197 2630
1019 323
2608 1104
2776 323
1496 948
708 1252
1875 2754
1113 1180
1933 1022
133 2705
1700 2809
212 1378
845 1573
1113 679
1492 1114
316 2265
838 1553
1967 2027
474 1309
2169 817
1720 2212
975 323
1836 1375
2736 2811
1920 1518
2483 323
951 323
306 2886
232 323
1113 2322
2004 2725
1113 1919
163 2776
1113 1657
957 323
670 2941
701 2783
2847 112
2226 2751
2869 242
1926 323
1113 769
1113 777
1113 2260
2783 885
1482 1377
1805 1935
4 323
2286 2558
1865 711
2496 1131
936 2731
1671 2941
1112 468
66 2089
2962 2371
2676 1129
2768 1192
769 2611
199 2703
2051 1996
2932 2390
400 1897
2551 1567
2427 2655
1432 323
1113 731
1113 2377
1816 323
760 323
1113 40
2314 24
1113 2041
1411 276
1113 1031
2837 1101
1113 1469
1113 2122
1094 2178
2120 402
106 2029
635 1681
1944 2965
1113 634
2146 1788
1615 2109
643 2504
1185 2535
811 2563
2839 2048
1113 1354
1570 1810
975 323
1113 1760
321 2567
2167 2271
2192 323
1703 595
1224 323
1113 2000
1113 1419
616 323
2967 2427
1113 29
819 323
2442 2141
2098 1783
1113 765
1113 1373
641 1140
1113 2986
1576 323
397 2891
352 574
1073 2491
1977 323
1444 1372
214 1458
1113 2501
2079 2509
2857 323
1089 268
2699 456
2506 323
400 2304
613 1313
1736 700
129 2319
2816 1863
439 780
2793 28
2134 323
972 1159
1980 2897
2114 323
65 1674
1063 1877
1113 117
68 323
2138 2205
1113 1539
1885 323
947 2308
1113 922
1113 1931
1175 2805
410 2875
823 235
1412 2036
2222 323
74 1313
1113 2355
2122 2183
1256 2896
1113 2211
1011 2985
1688 1999
773 93
2440 588
1875 2705
1113 2770
1447 323
1988 2603
1113 798
235 2421
1444 2308
2151 537
1113 1235
398 2730
1526 2114
2275 1813
1938 638
899 59
651 1777
1113 1752
1113 551
107 1682
76 323
2773 323
1272 2321
2003 125
1306 323
2310 1331
1663 323
1113 953
1113 101
969 534
1725 2839
2235 1626
11 72
1781 2391
376 189
477 1364
1113 1008
2291 2172
2155 1172
2821 2099
995 1038
620 156
2949 1397
72 323
2525 1460
2382 201
779 323
1105 1490
246 1248
1752 2060
949 476
2938 169
2653 323
2052 2135
1462 2632
2342 323
1281 1844
1113 2119
1034 109
1606 323
1113 1165
207 323
1551 2193
2447 323
1113 876
2023 397
1655 1477
2398 323
1251 2563
1888 1880
1113 33
2582 1321
901 1734
365 2670
448 1260
1075 323
1497 2541
445 680
986 2913
1001 875
1178 142
619 323
1703 1318
1853 2959
1113 67
1113 1319
2398 323
263 2503
1137 2442
338 2615
840 2313
1101 323
1113 2500
2611 1772
2391 1905
115 102
1590 323
286 323
1678 2732
2408 2883
2281 128
2007 323
128 323
1113 1944
1113 240
2011 1518
2975 2918
2190 602
1113 2756
2450 1635
77 323
1314 1099
2059 2601
695 345
2927 2735
2185 323
1113 405
1102 1433
1331 825
2181 2686
1113 2549
1113 462
2230 1102
1814 1844
1091 1132
1113 1085
1761 1077
289 1086
1897 1177
1113 1126
375 323
1113 2303
2263 2539
500 1564
1367 937
666 1607
2758 990
916 323
2453 2099
1113 1185
1113 1229
1726 2148
2779 694
1113 794
1113 2363
914 323
1113 2884
1567 911
1113 925
791 1549
1774 894
2505 323
1338 416
659 677
457 2382
1960 448
1702 323
1760 2481
478 323
983 2982
1113 2527
1048 2954
2596 2285
2834 1095
1113 1793
1070 2378
2656 228
2334 119
337 2103
897 323
2422 1013
410 259
329 235
228 1284
2956 1651
2156 323
971 323
1685 323
2312 132
1025 312
1113 2446
403 323
1735 1684
663 220
2116 1368
2097 2730
1406 186
110 2310
2699 1247
1113 2749
1678 1230
2404 1804
2332 1250
1760 1809
1113 2173
541 323
2571 323
836 647
1031 184
1132 333
2460 1729
2371 708
2020 2036
2444 1201
2527 1124
633 2817
1871 2060
2881 1160
2756 2457
1488 323
604 2301
2940 1390
1715 864
2467 873
436 272
637 2651
2025 1105
2555 671
582 1817
2977 323
1113 2034
1113 2351
870 2198
605 66
1113 1229
699 2833
1243 2797
926 1718
1113 1139
2077 1734
2249 354
345 323
1113 2144
2934 2283
1113 405
1806 323
1315 323
557 1640
832 1582
2490 323
1341 2840
355 2292
925 1693
1113 1856
1111 1875
514 2183
889 1141
703 2708
1038 323
2993 2001
448 2407
2080 2706
793 2429
2071 323
103 2393
2440 774
1036 2595
1113 154
1935 2599
2646 323
32 1975
2808 2170
1113 643
458 323
2133 1500
1640 323
1113 1150
2792 323
1113 1687
1113 1827
1274 323
1740 323
2659 323
1113 1067
131 323
1113 384
886 399
2984 2509
2877 2539
714 2810
331 1776
1113 40
340 945
1355 409
2952 323
783 648
572 34
1555 323
33 406
671 1367
2893 899
1593 323
2815 323
2586 2164
936 521
817 323
1958 2220
1630 1189
2387 2616
407 323
1224 323
1113 839
1113 1815
2308 2978
1113 1940
1113 1359
1113 794
1848 1936
990 323
1113 556
102 323
1736 2486
2928 2906
408 2383
1113 117
2903 1011
2095 186
2916 753
1113 2047
1867 1333
2443 323
467 185
1113 118
2574 603
982 3
2721 323
1113 2827
1309 2932
2958 1807
519 323
153 1580
653 691
1794 2350
1312 2439
1095 323
1382 1411
1113 2627
1113 2038
507 1361
1733 871
1123 1481
1666 1796
2744 1009
1113 20
194 323
2859 2894
1046 2602
2096 571
1113 1185
1102 2875
1226 1684
1113 811
2716 2904
1283 2705
2822 2478
1210 1390
606 576
1569 2996
1690 435
1113 113
394 2150
1113 2047
1076 1707
1113 614
1383 1779
1012 2509
253 2393
2899 323
1758 2707
624 1607
2930 1756
1365 2375
1288 323
1987 2903
1438 464
2148 2444
1113 2273
2762 1738
2955 1301
1113 1743
39 2706
1235 1928
810 2643
1946 2829
1113 788
2111 323
849 323
2828 441
1001 243
701 1648
1113 2590
1113 2852
2365 323
2132 1286
65 279
1113 1329
1113 1507
1113 1691
2719 893
1461 2139
1931 1726
2198 2205
1113 2394
551 1762
2460 2270
1219 10
2071 323
1635 291
1113 2249
2563 2671
1344 323
2248 323
399 234
2326 659
1417 819
164 1309
1113 2088
1536 1379
704 1464
2171 323
608 2272
1113 144
2001 2905
932 8
1598 198
962 1240
1909 323
1042 323
1512 323
2969 76
1268 1842
1113 611
2643 323
2872 573
2363 1960
1183 365
2921 2774
1994 1951
1113 2363
830 1286
2179 2270
1449 1083
903 323
707 1189
638 57
741 323
1113 1465
729 2773
2785 2022
1186 323
1113 1568
1891 1361
2374 2530
2473 1934
2152 1842
1113 2388
2788 2477
2235 566
2870 1617
2028 2328
2974 1025
2893 434
974 927
118 2299
251 594
1680 324
2549 2020
1811 703
150 323
1383 685
1017 374
2695 323
1113 405
1113 1708
941 836
1113 2510
1113 1185
1575 2963
80 323
317 2452
1113 124
1556 2275
270 1926
1113 2247
2204 1135
1886 323
285 204
1196 2046
2014 323
2080 1255
221 323
1113 2173
1911 1387
2286 2037
2592 931
962 644
723 1533
1082 9
2117 1216
1542 745
1113 164
1113 2438
804 1284
465 2058
827 560
784 2048
1044 2235
1408 2951
15 454
2628 1397
688 323
2281 989
266 323
1113 321
1279 2398
1880 66
60 862
327 646
115 1974
1270 323
105 2387
447 1541
772 2458
2212 323
1312 1427
119 2652
884 323
1945 885
2975 187
1690 615
1113 1362
1040 323
2645 1307
747 2740
2136 1044
1657 2231
67 2331
1148 19
318 323
460 2860
2848 1308
1113 776
1654 1458
2991 323
1113 111
1932 1096
1475 1063
650 492
2428 323
405 2573
2749 1124
738 2193
2918 1807
2994 1047
2284 323
1548 669
1113 2247
1113 630
1326 2274
976 2596
2818 1288
1689 323
1869 2117
132 2920
1113 799
2726 1923
754 1430
2989 1771
2153 323
1722 1006
1113 1691
2973 2837
1190 323
1113 1341
1113 1107
1032 242
920 930
796 563
715 2973
1113 2654
1190 323
2316 323
70 1418
2671 815
1579 2691
1919 894
2105 295
348 323
1817 323
1930 212
1828 323
2692 1007
1895 323
1548 1939
515 1300
1648 1459
2165 2688
2215 1586
1113 2336
707 358
2278 1604
2118 1747
264 1128
94 1109
1113 1579
1576 323
250 203
272 2383
278 323
863 2992
1129 2707
1113 938
595 2644
696 1959
2206 996
1358 1248
166 461
252 2372
2638 469
2251 2671
2684 1298
1597 2524
1044 918
1327 1055
1113 776
69 323
285 1453
746 1212
2213 1534
527 2731
122 2
1494 323
2461 323
2876 385
1269 597
865 2389
64 2497
2299 277
1209 1527
1993 323
790 323
2647 2626
186 645
1798 1451
1971 1587
2564 914
2194 2739
708 194
2674 323
2793 432
684 2347
2912 2208
1456 978
1639 1638
85 183
908 407
1113 1454
2400 1484
2950 1017
1113 1145
935 323
1729 2869
1008 1129
756 11
2048 323
1792 2270
1967 133
1128 1133
695 1600
350 323
2862 1599
2395 1308
1213 323
639 323
2267 2769
1519 318
948 748
1077 323
206 693
1113 1849
484 323
1113 2343
1178 665
1476 39
341 1376
342 2558
2685 2723
1416 1033
1474 2752
1150 2689
2715 838
2839 1851
2668 1791
1113 1187
1499 2347
1329 2181
426 458
894 1773
2162 2395
1113 798
1394 1703
1113 2302
1 1612
1113 1958
55 2886
1015 2067
1990 2205
1113 2895
2666 2528
2713 2381
470 945
1667 323
1461 882
2905 571
1114 586
2254 115
2538 955
2287 9
234 323
1614 2515
1374 323
128 323
1489 1945
2165 2623
2763 1099
1002 673
1183 518
2528 323
1538 533
637 2925
508 1287
1859 1294
27 2982
1937 1403
958 1470
1113 2510
1241 746
241 1278
2376 628
1683 2325
441 2708
2854 696
1261 668
1113 162
667 1324
1609 2464
1876 1557
428 143
1113 834
449 176
1236 934
1815 2625
39 167
129 1686
2142 2786
1113 1962
1692 1942
1034 585
676 1071
912 323
1953 323
863 2478
787 2985
1609 714
2362 863
242 687
1113 1476
2447 323
1535 2022
1113 1507
1113 1913
307 1659
467 1455
1000 2872
1415 774
1113 2430
2441 323
2015 1442
1113 660
2725 349
1113 1082
1113 1237
1356 1355
2116 715
873 323
1991 1041
2698 570
2706 503
235 2874
1113 771
1113 1815
1418 323
1918 1725
1756 1121
2495 969
1113 1824
1847 1279
114 2775
2059 758
1958 493
1113 1002
1943 2235
1310 1248
151 2815
452 2151
2398 323
906 323
1889 1608
2684 2972
295 2418
1113 2106
1113 364
2524 207
1113 2656
987 2897
2638 1740
1214 1156
616 323
2086 826
1601 2966
989 323
2052 1876
717 323
1370 323
1899 2141
1127 323
1113 1871
2225 2914
141 2379
1113 2507
1952 323
475 1478
192 1053
1113 643
1558 167
1760 2326
2948 323
1858 924
1568 2518
1113 1722
1890 464
1035 200
2075 1713
965 282
410 328
2432 721
2633 1504
2026 323
1723 2604
2923 2121
866 538
2542 400
275 323
1113 1402
1113 362
648 1340
2204 2586
532 1326
1684 323
1233 2778
1752 2762
2830 341
16 2556
2884 1401
1887 505
2110 323
2775 134
1710 1707
2472 2240
1113 178
1257 861
2255 772
2921 1765
1113 1678
2942 323
2350 323
2737 1491
72 323
2956 1172
1698 2594
1575 756
767 323
1248 2905
2230 393
940 1441
737 951
499 323
1113 2468
1802 683
2057 1138
1996 371
1392 530
107 2052
236 323
2083 323
83 323
343 2042
655 417
438 2865
1113 2040
876 2078
1113 2356
2227 2412
1457 323
2432 2684
412 2114
2767 383
1113 300
259 323
931 1053
2577 652
862 323
2939 1762
2827 1403
1465 2518
1864 1755
2290 2280
430 202
2243 741
1898 1075
1280 1898
2659 323
575 323
1113 1311
955 1785
1462 1068
998 1344
1780 593
779 323
202 1260
1113 500
402 323
1995 140
1113 67
444 2481
1113 2757
2040 1664
2006 1400
2690 323
2563 2104
1316 447
2606 915
1113 1295
2018 1790
499 323
1113 2741
371 323
1113 2485
1691 2860
1113 1708
1263 512
1113 834
2869 1215
1013 2329
1474 1569
50 2658
1814 1509
711 323
1113 2529
208 1012
20 1551
185 1120
2396 323
151 711
1113 1775
2137 1190
2507 2333
1113 653
1253 2700
139 323
2496 1132
1113 2737
150 323
284 631
1113 1589
2848 542
1113 366
2592 2900
1855 323
2835 1452
1581 844
497 323
1113 2827
277 1413
1113 1341
1531 1675
2558 1566
90 342
2341 1321
1754 2078
1095 323
1431 1177
631 1315
393 328
2971 2267
1336 2604
1113 2361
808 1049
1741 1636
1113 2976
1991 64
2322 172
2312 1033
999 323
2696 2098
2248 323
198 1389
1924 1877
2271 323
1275 447
1113 2756
2182 1811
1113 2765
2724 1456
1588 1813
70 2491
570 2695
537 348
1173 62
1585 2330
2065 323
2081 1745
1113 274
2075 2148
1113 20
1113 401
1154 2957
310 2419
602 2154
1113 1870
1113 1168
1436 323
638 657
406 1873
2984 982
1759 710
919 2560
2424 323
1937 367
1272 293
2924 2958
2333 2680
2964 2145
958 1535
1113 43
1024 2649
2330 323
2510 1320
1769 2871
1707 26
2111 323
1113 2438
1423 2314
1113 2605
2383 323
102 323
2282 2846
2054 2311
1113 2744
1820 1328
2353 1343
1650 2254
2525 1830
1662 1050
1608 857
2175 1275
547 1062
2017 1961
1113 1655
2117 998
1079 323
2332 665
2294 151
2819 323
203 1191
1113 304
1113 250
1113 29
2731 311
2169 990
2968 323
1617 2607
1360 323
2293 323
642 732
2756 718
2787 323
1770 871
2026 323
397 2206
910 323
2426 1382
373 637
2931 17
1113 889
363 2172
215 269
1232 323
150 323
770 109
1099 1786
2456 819
1755 2156
1113 33
2382 1667
2044 2877
2389 729
828 48
16 1670
2908 2829
1616 1280
734 323
1073 1418
244 323
2132 1981
1113 2880
2729 2403
1113 1419
1115 323
1727 1485
1113 1704
2028 855
1311 599
265 1672
2887 1548
2292 650
221 323
629 449
2510 2310
1624 2619
1839 2419
2564 2646
91 215
1749 323
1194 489
58 323
1335 323
617 2358
1113 362
2286 1794
2341 2715
689 2569
490 182
440 56
2422 1797
1113 2361
313 2258
2517 1323
1800 2245
564 846
786 1595
1113 1937
1113 2436
1113 1544
2066 2921
1113 1829
1113 1263
2025 2427
1113 1126
1682 622
1113 892
1113 55
1721 2309
1162 323
1877 1570
2739 625
2878 323
656 1575
2106 2031
1112 2081
1843 66
2946 2726
1113 2336
501 353
1426 1521
1145 2349
587 1213
2649 323
1661 2523
2566 226
1784 63
149 1400
2974 2703
2173 2395
2934 1141
1113 306
2466 2761
2957 323
1113 1579
1650 1016
1539 692
1484 519
167 1486
502 323
629 2445
1113 976
1113 1319
1461 879
545 1498
2274 2325
1532 1334
1113 788
1856 2010
2090 2857
1024 822
2400 412
542 2076
1069 849
2819 323
1791 323
1113 1489
1113 1524
184 827
671 2492
1113 1910
1113 1748
671 2364
2951 845
1113 2394
1113 1921
2454 2318
1619 1117
484 323
2722 1625
341 2875
1292 1520
2309 323
1113 614
436 2938
1859 523
2109 984
1113 1754
1040 323
352 2600
768 323
2575 1612
2218 1244
1087 323
2855 2672
1424 2317
1113 785
1113 2950
2076 2522
1113 294
1113 2466
1340 320
1901 2407
607 323
446 613
2388 2168
286 323
1113 561
1670 2868
841 831
2469 80
2835 1059
1113 2399
1113 2287
2500 2783
1610 323
1252 323
1113 1149
1113 606
2069 323
116 1925
617 1239
2641 704
953 2661
716 2905
830 1575
1446 323
1915 2551
1049 2725
1113 2332
1287 525
908 957
1206 323
874 2345
1290 847
1113 2693
2868 425
2656 900
1025 2502
1439 688
1136 1043
2930 386
2428 323
1349 323
1113 2685
436 1393
2631 2960
1113 339
2606 262
201 323
609 2434
2042 126
1763 2598
415 2241
2157 307
2952 323
2466 576
413 1069
1875 2557
1797 1943
1113 1404
1113 50
1113 110
863 287
1113 1727
911 323
2575 1462
1843 677
330 1706
431 323
1993 323
1668 323
1359 2450
2832 35
1187 2239
1525 2716
2300 323
243 1855
352 1644
2325 323
1113 1472
1113 30
349 1337
481 340
1401 2312
1113 2750
1113 1743
2755 323
407 323
2936 81
1113 517
972 550
1573 323
1113 361
1113 2259
1303 1323
2396 323
1113 2041
1113 2394
392 2253
1113 2344
1113 562
1113 2005
2329 2735
1647 2726
391 2679
1113 1123
1113 1967
1113 351
1113 2757
2598 1839
1113 2354
1113 2385
694 1632
2314 2949
783 1978
858 2865
1113 2592
2191 323
1113 1220
2154 323
2147 323
2401 2493
1899 2587
1723 515
234 323
1808 1492
2511 943
2240 2342
1113 2975
2891 996
2219 2896
1225 323
1893 792
334 205
190 2189
1113 2779
570 73
878 323
2450 1137
1113 2934
1113 2542
1113 2399
2419 323
1113 2086
1113 2142
1312 1573
2801 570
1895 323
527 1622
1658 323
1300 323
1429 575
1839 47
1113 1166
2479 1764
2175 1316
778 492
1037 826
465 484
117 1481
1333 708
1117 2029
1113 1598
1705 702
1812 1270
1113 1705
2664 323
1113 459
1390 323
2409 323
2486 323
2211 438
1826 2694
1113 424
1113 164
805 323
539 323
2329 812
1113 769
2662 323
2380 323
264 533
1879 564
1173 1721
1478 1570
1113 130
1498 2593
358 2402
1113 260
1616 719
140 2569
385 980
1198 2652
1977 323
1113 381
1113 366
2382 1285
2860 238
2271 323
2567 564
332 323
388 2454
23 2863
1935 1874
1941 402
986 1905
684 593
97 2938
2734 2308
2188 1501
1151 632
1113 1730
2058 323
1157 323
2509 2149
2938 2065
2990 1038
2242 323
1081 1770
2239 301
700 323
1366 1011
1065 323
1559 355
1316 159
763 1744
1113 2676
1113 1829
1904 256
1113 2118
2570 2625
1113 2971
1113 1571
2306 323
423 323
1129 309
1113 1861
1113 1565
2022 1335
2147 323
1113 2221
1113 2211
1022 2792
1648 2295
1113 2788
2709 1386
1637 323
1113 1070
405 2719
3 1162
807 867
1783 2488
214 1736
2965 2159
1113 713
1528 617
1113 1476
2546 903
522 2545
1893 2901
765 2196
2760 852
2578 323
978 1290
2745 1336
1113 1228
2730 2775
355 2143
2357 287
1967 1283
365 282
1113 2800
1081 1733
2093 2804
319 323
406 1671
1553 323
122 2873
2259 2699
374 723
1578 2579
1928 1654
2730 747
2553 1668
1859 2714
2858 323
1469 2970
1614 527
1320 1302
2619 51
951 323
1734 2359
1181 323
2084 972
535 557
2112 1569
2485 2079
2184 2187
1629 323
1971 1720
2672 1387
1113 944
2799 2771
738 1091
1071 72
1235 955
227 2300
1686 332
553 2417
1626 323
2237 2496
1113 1396
2542 488
487 2045
1665 2582
1116 734
997 1495
2713 1917
1792 1563
1113 2722
1113 2709
1113 2425
1113 1768
232 323
2324 323
1113 1039
1780 2801
357 2664
1113 178
1528 1696
2073 323
813 505
2750 2867
829 323
1777 706
1919 1398
1420 1950
1113 1170
1914 2403
2673 323
2420 323
1930 1024
2107 2133
1113 1594
960 1874
1247 132
1589 2556
1810 323
1113 240
2171 323
2295 674
861 2816
2124 1641
1962 1867
1366 2877
143 717
2974 2074
2498 1955
991 943
1395 1450
2094 2754
131 323
1957 237
498 38
393 259
1253 2553
99 323
2931 252
1189 1805
2436 1414
2172 2199
1918 2030
1113 1396
1113 2584
2040 2859
485 323
1868 2282
2165 1904
1307 482
1182 2009
1113 2130
809 323
294 2567
720 1781
1673 1478
1113 776
22 187
1445 1115
2784 1281
1186 323
2667 317
2885 2280
871 675
2149 1505
631 2681
1113 1435
1326 2471
28 1243
1113 1089
2348 323
1113 208
1483 1946
1113 1998
2412 2389
969 513
1113 2538
5 392
1387 323
1182 2387
2823 323
517 2095
774 323
1113 351
392 120
192 961
1604 323
1113 2025
1322 1773
1113 749
1113 1268
576 2876
1113 100
2890 323
1636 2386
2478 539
42 2314
52 494
229 934
1768 2434
1144 91
1743 2072
505 323
1113 1532
1939 323
1113 2179
255 323
957 323
1113 2413
2403 2855
1113 118
2701 846
1022 1457
2342 323
1072 2935
219 730
2652 323
2121 1886
1113 656
56 1042
254 2489
1113 2023
1634 323
933 323
1088 1872
2615 2472
2185 323
223 2596
1360 323
1330 965
1113 1662
1113 208
1113 122
2629 323
1113 1106
2734 1277
677 347
2597 1814
1130 1018
1789 1801
1282 2565
501 1933
1113 1036
1113 6
1113 2750
1113 2466
2559 2334
757 2944
1222 1771
1113 1178
877 323
2149 1432
1547 323
1113 1913
808 512
2509 2554
1304 1261
2084 1819
1923 323
795 323
2866 949
1147 1836
2230 410
720 1506
480 1035
2520 323
2232 1512
1849 1171
2463 2576
366 2609
61 290
1639 923
351 2098
427 323
820 795
2789 2867
742 2593
1113 749
2187 323
1113 733
686 1213
1145 2995
957 323
689 2791
2387 2512
1113 1030
2379 2972
1529 587
1113 1358
1788 323
2016 2323
2498 2964
1113 1373
1557 83
204 485
1113 16
1540 323
1263 2595
2359 2202
2215 2069
71 2448
2644 323
1545 1378
2136 409
1369 1114
1011 1148
607 323
173 1865
2964 2907
1039 1978
1272 2818
105 1334
2877 1148
144 702
382 1971
1191 1498
1879 2701
2616 174
1113 1251
233 2290
1939 323
1476 2098
2992 2209
2609 1339
2056 323
1113 1884
1067 1485
1838 323
1736 2272
556 2767
1113 339
2053 9
1113 2945
1110 1146
1113 15
23 1202
841 211
1674 1840
2908 1718
346 1744
1289 2606
2424 323
1113 941
296 882
2773 323
2667 2702
1262 323
1113 160
170 323
2090 1224
1351 323
2631 2297
642 2940
1113 2000
1756 1900
1979 323
2174 1577
1164 2581
2454 1823
1113 1676
2997 1401
1593 323
2170 2024
1113 1130
1113 1404
2088 2981
672 1076
2023 2799
2520 323
71 530
1055 1027
2177 1949
1810 323
894 2947
1505 323
2521 323
1982 1767
2997 1009
1144 2745
1113 880
1750 323
1819 1445
2225 1974
2352 2517
649 323
438 1901
1746 2901
1273 2714
1113 329
1113 2322
739 1781
113 209
563 668
2643 323
1113 2789
1113 504
2911 323
384 2196
1113 1649
162 358
90 440
925 2
775 323
692 2854
2206 1690
1113 765
729 177
1113 2575
2312 1140
1113 2685
903 323
1237 2504
2614 431
120 121
2874 2170
2689 28
1539 1607
1024 131
1157 323
2033 896
224 1640
2278 2776
1113 2648
732 1433
893 2228
1113 592
1113 2654
2833 323
1113 2542
2107 1379
2570 1554
1151 1651
534 991
2294 2668
619 323
1250 2411
230 1511
1277 767
119 1158
88 1912
1113 444
877 323
2444 2791
2568 1080
148 323
1113 1353
184 1893
1509 2428
1113 2175
2309 323
1184 323
2696 2080
504 1257
1113 1964
1113 1030
12 41
108 1202
503 2677
1113 2988
1113 424
2411 2843
518 2912
281 323
2021 323
649 323
300 2555
520 278
