2902 5720 0
1087 1366
267 616
864 1135
85 2514
953 2691
2642 702
1977 641
511 2229
1375 225
1894 2575
1956 1773
784 2859
2900 1903
468 2495
1307 2172
516 1810
1928 123
2076 1032
1366 2605
2393 2201
32 325
65 2389
1910 2590
1256 1515
1570 2108
540 538
1375 2779
525 787
941 323
2829 59
2427 180
2323 1044
1097 2574
1838 2877
1479 2130
1319 1524
639 1687
1702 455
1714 1827
1218 1085
2560 1311
100 1491
951 1394
2037 192
2871 1571
817 2213
685 207
373 2681
302 1726
1886 1664
1058 682
2393 994
1937 2246
1974 1491
622 2468
383 1225
326 2593
466 398
2024 1808
761 169
2887 1087
2315 2823
1634 806
456 2680
734 1508
904 1366
2404 1352
1083 882
2170 1461
501 2592
145 2703
1087 2158
816 1792
1980 1877
1629 2159
1417 2630
1046 928
1757 1366
1253 343
687 1899
2764 2415
1402 387
1155 2367
1859 2346
1802 2050
2162 1988
826 1510
866 1942
1623 917
1915 1475
781 2736
1885 977
1224 1846
1087 2902
884 1232
1260 2805
387 2275
1209 1295
368 755
943 2234
2320 736
2063 617
2304 902
1168 174
955 2190
2796 514
297 2442
2385 1281
2843 567
1838 2652
2583 482
992 1598
650 1558
2233 1269
123 2841
2320 1198
1952 96
2356 1545
575 2322
180 2127
2666 1669
1745 362
575 232
1865 2277
1525 304
30 146
1628 568
1366 2605
1318 2146
1823 288
246 1087
1550 1727
1366 2711
921 1102
2207 1549
2492 726
2739 323
184 868
176 1449
1561 2183
2826 1593
19 2165
1959 2443
233 551
1008 568
1190 2497
2581 285
1679 2544
2466 1673
183 1900
901 1276
2344 1087
1631 529
332 266
1013 1552
1767 1612
2761 2464
2294 276
266 727
550 437
89 2315
2670 1046
1725 1459
950 2142
1157 438
1525 2063
1376 2604
1604 1530
1581 2792
1078 2162
1779 1526
1738 1013
647 154
1214 1315
2536 2114
2117 2690
800 339
280 1359
2127 238
236 1674
1869 383
595 1373
887 1243
595 1742
1366 1583
2061 500
2270 1296
2725 421
814 2694
1595 2488
1830 983
2164 674
1366 900
2895 2609
1195 1446
941 2361
2799 1122
34 1597
1100 212
1493 1914
2228 1204
1790 1641
2003 1810
1648 1472
671 1776
963 563
2376 1640
2132 1505
627 2747
2437 980
191 1409
887 57
1808 521
316 2056
1684 585
1240 2831
1366 1780
1090 1553
641 289
1637 2409
670 1784
586 677
2459 2758
977 2357
111 2075
2645 2387
690 2366
352 2622
196 306
1893 2562
46 2187
362 1919
10 1087
2084 1084
1411 1273
402 2378
1686 735
2456 21
1946 2721
1624 2426
2483 2683
887 398
969 1996
863 2255
1887 1448
1070 2166
846 771
537 2501
1163 562
1726 1025
201 2297
695 1161
61 2239
45 1627
372 1237
372 1366
1421 1343
1242 133
1522 904
1881 1543
1660 2345
44 76
1154 1114
2368 1258
2711 2840
2730 185
1078 1754
1963 1910
1457 2709
848 2733
2885 1152
712 2395
2060 863
2150 1495
1689 2496
1234 1123
1949 1565
2214 1266
1270 473
168 1934
2277 1524
904 1366
1060 1904
189 2287
1653 1297
2011 2197
895 2889
564 2772
2591 1697
2106 338
2052 2344
1156 754
1657 1128
2485 2020
1427 2772
2540 2109
949 1542
1433 2160
877 1850
1644 1853
1528 325
2398 645
1104 1658
2163 2277
676 2153
2566 1724
228 762
1246 1033
1785 660
250 648
2300 1279
869 2440
2666 1969
940 222
900 1368
1482 1952
767 1743
1688 1053
1428 1897
1087 506
2029 1278
1775 1193
1614 1119
1132 1347
2470 2768
1748 849
1087 1461
918 1420
1954 797
1641 2349
2290 2133
528 1087
330 68
1366 2791
810 2609
1037 2155
222 2029
1132 1302
2031 2508
1972 597
2794 161
1775 625
1363 2244
1309 1546
2697 303
2137 1159
2650 1147
2272 2535
423 256
816 1980
604 1797
8 1024
2841 2017
1835 1275
549 2632
782 754
939 279
1668 1235
794 916
1927 784
1087 2097
1124 1242
2030 1346
1087 2826
2595 2899
563 1208
1371 336
191 1131
2787 44
2190 1864
366 2405
836 460
1585 2343
384 1917
1528 2737
1053 2361
25 962
2882 830
2733 2483
138 2560
2114 624
780 1634
1366 1971
389 953
1336 834
2525 1067
1413 2636
1166 507
2380 2344
1080 898
2499 217
341 1087
2329 1319
2645 354
1889 1634
1117 1700
1366 1541
1569 403
1659 2653
1038 1087
2439 2798
1028 778
473 1107
1633 62
962 2596
2036 180
2002 2632
1354 1337
625 58
391 1458
1108 2724
952 1569
867 1090
1087 1518
481 1400
1228 379
1277 1285
908 1891
442 1087
523 2117
2070 1087
1821 2341
1366 2066
2569 599
1415 969
878 725
30 418
566 20
2198 2778
61 1184
1018 1501
1998 269
1673 218
691 128
686 752
2734 2374
1366 1836
1155 1928
745 658
1655 1188
1188 2762
2625 1017
957 1928
578 752
1193 827
623 1734
1157 2597
290 2881
1268 1539
50 1397
2843 354
64 674
2449 520
260 1506
244 647
565 363
1756 2035
1817 248
2633 567
753 432
1560 2076
1366 1946
1366 2627
275 1405
407 1165
688 137
2370 1735
206 2823
2458 499
606 398
1909 803
2706 2373
650 353
1574 2188
2100 465
229 2658
717 1453
1709 529
1694 1379
479 1366
1366 1338
2820 1692
2515 917
1617 2769
2860 1522
2585 1780
922 2161
1999 160
920 1578
843 2140
1008 2710
409 303
2574 1023
1728 1399
620 2729
2130 228
916 758
1032 1071
1096 1974
746 2196
1504 298
2101 190
332 2776
1192 2667
573 2115
381 1664
2444 2459
2200 1244
1075 1618
1057 2334
1624 1335
2740 1087
1979 485
844 1294
1918 668
1683 660
561 2537
2165 954
1107 2354
619 585
931 1175
1586 1212
2632 1473
2185 597
2615 376
124 1169
928 1613
1000 2216
1141 1510
1923 102
1003 1480
2167 1087
2584 916
2088 732
878 941
2101 937
2120 2884
1652 34
2807 930
1087 1719
1569 384
2299 1204
2596 2621
2123 1150
2347 1790
2025 1130
1210 2896
358 1773
1434 2655
636 510
2457 2787
1937 1733
2432 2188
2146 1810
2306 1910
2510 787
2337 913
2704 1665
690 1939
1087 1078
1685 760
2241 2207
2665 131
1366 1071
2215 2212
2125 2418
2394 2232
1461 136
2587 2405
2295 2194
1158 520
2704 2466
1804 1823
938 2022
1033 1141
205 711
535 2461
1110 333
2380 2838
640 1081
2616 2805
340 1211
1085 933
1938 1877
2304 838
2560 2866
2312 2167
1516 1490
1651 1652
1714 2565
1822 273
1925 1513
1801 2267
1254 2352
1815 1437
2221 1506
1033 107
1480 1380
1138 1131
2322 2693
2644 2682
1502 201
2767 2473
1604 2359
2108 2589
913 280
2708 1446
2069 888
1109 2264
2545 1545
1931 2279
188 1062
502 104
2754 163
1767 727
1770 249
2251 1162
2868 656
2048 2094
1677 1843
35 1384
181 2629
2298 115
2477 2635
29 1459
1757 1366
2774 1373
2340 2418
2364 160
350 1605
925 835
538 754
2683 1059
885 2849
2822 2522
48 1708
1274 2708
1769 1624
1247 1288
353 1812
842 2891
1020 2342
2252 2766
2139 861
1449 1629
1169 1430
2700 1315
1843 523
2375 343
2516 1378
367 2288
1045 2382
1434 2416
716 298
1192 1391
2499 1625
878 1166
2709 1295
592 1200
2734 2892
651 129
932 1650
976 1402
1366 1707
1366 1971
910 1638
301 299
295 2463
195 899
1983 2153
653 2038
781 1039
1366 1765
1769 440
2314 1088
2448 103
1408 680
2754 2179
2511 568
2848 382
2221 2394
1429 2675
967 1249
2299 868
1852 2201
1360 79
1872 2132
1690 2239
1604 959
716 1291
807 814
1779 190
88 2428
1463 759
819 546
450 53
183 1151
1631 1435
891 2577
252 804
374 1087
2897 2883
2569 2679
925 1709
1124 566
1702 2168
1876 2673
1978 110
1440 634
2802 2002
2761 767
459 674
1382 551
1459 243
282 2869
2234 958
1874 190
2363 1891
615 1108
2466 2775
1783 2138
2820 1272
411 113
1366 1183
1639 1017
904 2611
817 307
1944 2573
2878 2432
1366 1374
1089 649
676 1341
2673 141
405 2083
1751 912
1087 721
553 1427
2292 362
1848 1698
83 1724
185 514
2040 1603
2766 606
1616 288
1087 2779
1077 712
1844 1730
1186 2028
379 1560
1240 1414
1295 550
754 294
1011 2185
302 1757
1443 62
478 571
2518 2575
2082 965
1850 1158
2798 1346
164 1598
859 1309
2592 1566
2312 2465
998 1892
1466 24
946 2620
1241 728
883 1907
750 2385
283 2198
1835 2149
691 851
2491 1583
1615 2104
2830 2753
277 2538
2499 257
1231 1366
291 509
2369 549
548 1882
2834 2726
2339 109
1385 1185
957 101
2014 362
806 501
1646 193
2203 924
2799 1745
2291 1724
1984 1681
2847 1077
2820 1784
2045 1570
546 1853
1366 2833
1430 225
331 87
372 1366
855 891
1658 2516
2786 355
157 1700
350 1133
1792 1877
1056 1976
1162 2633
2135 2656
1085 2649
1366 2365
1893 823
236 151
1981 1108
767 749
1661 530
1366 194
2103 2716
1181 306
1969 647
2527 2876
71 909
36 2686
1467 221
2089 1799
2269 2408
389 2564
2554 1149
1087 730
709 1087
966 2390
1262 2085
955 1474
982 1002
1880 149
1114 1322
1087 970
844 2647
2186 2272
27 1731
2726 2141
2646 781
533 341
2706 2219
484 2554
304 394
1921 872
2874 570
1220 1486
166 2457
1366 1755
1939 938
232 1851
2297 2716
2692 1813
1564 880
58 583
477 1221
1133 2614
2541 1959
587 2422
1931 883
919 2283
2445 1917
2477 905
847 2319
1049 2412
758 2780
2503 2617
1086 91
1705 2028
718 1333
2036 2881
1593 2009
2896 1975
631 1487
1750 603
539 1511
1846 595
1795 2579
1353 725
2220 1337
251 1014
1366 1723
2086 1724
2727 178
1349 2636
720 1150
1796 2743
1703 148
175 635
443 1378
1824 2858
1304 2785
144 133
2268 747
177 1417
2008 221
2485 928
254 2425
2847 2435
1565 839
2467 2682
1129 1861
1195 43
1366 2544
2828 83
2308 1691
1409 2551
1990 1699
2678 1859
1271 2204
1044 931
564 2189
920 1573
2672 1380
81 1603
58 370
977 843
2099 1566
2581 236
1932 1840
2788 1195
1701 2157
1998 196
2802 587
1366 134
417 1087
2280 1358
54 2278
1438 1366
2208 221
1097 2178
1369 2586
1890 49
17 1289
2872 2226
231 259
457 666
430 1559
2245 2492
2197 727
2065 2042
453 1084
637 1400
28 2561
2049 652
2540 1743
2350 415
1704 1009
826 798
1985 921
783 1313
352 561
2238 2776
99 2149
1929 1821
760 1095
1580 2036
1788 1027
2625 2537
979 35
1513 1366
293 1325
2328 400
205 1540
101 1417
1366 1934
68 1343
934 2054
1228 1600
764 1447
116 2864
1366 2081
2619 2379
2152 2441
1864 1372
239 693
403 1227
1382 1666
2870 2349
2058 31
1171 731
2530 1006
422 1581
390 421
892 2899
742 1570
1372 2236
1061 710
1744 483
272 1367
2396 2039
1260 2542
2068 849
119 1153
542 982
1460 2070
1681 1809
952 661
1415 1723
1635 275
741 78
935 2104
643 1608
1452 928
218 637
2686 111
1647 1172
978 785
603 2308
2786 779
2669 2339
517 496
1539 605
153 889
803 2403
1446 2124
230 282
1523 239
2114 763
267 2013
2128 2810
2630 1645
1807 1350
342 1060
2659 2040
1229 1463
856 2507
1885 1054
154 1049
2858 713
879 942
2834 1606
2430 1122
2399 2389
1418 2546
355 1695
1572 52
414 409
1111 672
2518 2606
860 2285
441 2324
1861 1366
929 1276
1491 1399
100 2738
760 1800
1296 2811
845 2374
820 70
1087 10
727 1519
2196 785
1768 1348
1868 1065
1214 1657
2209 1184
626 1533
2090 707
663 278
1366 1774
1287 425
1062 1072
441 114
1669 125
991 545
1501 2514
435 1315
848 2160
1853 2890
1581 1987
2597 1734
16 2747
2643 2322
1318 651
2242 2002
2056 194
2285 1521
605 1290
515 2397
829 2328
1805 1489
747 1776
1673 2730
761 1270
1662 1892
1718 1167
2009 1358
907 461
465 301
2175 2433
1772 375
1043 1214
1848 1186
433 628
2182 2448
729 1324
1016 1332
1760 1087
1338 329
2890 98
2483 327
397 390
1098 1142
2034 27
1908 2657
273 1055
2780 2584
1803 360
1793 351
1454 2313
1801 103
264 2387
1329 2219
2789 578
295 2266
1140 2456
1496 2844
1790 1925
1254 829
235 2358
2803 1115
1693 886
1366 692
2862 238
2036 238
2050 596
978 628
445 2098
1087 357
1959 2830
1002 1798
261 2831
2563 1603
2268 586
822 12
534 1258
1087 988
1092 2413
4 2880
2617 72
449 1087
2046 576
1250 455
1950 1657
2656 265
1145 2241
85 662
2523 965
2045 502
19 209
1103 1874
1223 1500
2007 2327
2842 72
2334 2731
2617 1030
178 1422
1516 1052
2868 1026
1129 1671
2156 810
661 2445
789 1585
92 483
771 740
2669 2493
1325 2509
2182 2414
1838 1832
2848 1475
1651 1087
2721 1292
9 1889
2525 1585
659 175
2741 2494
1733 1896
1305 2399
1493 1936
156 36
1366 479
1590 1674
225 1705
494 1926
989 2817
2672 700
156 198
114 2345
2552 2107
1158 2626
2377 2829
1449 41
2582 304
1034 2901
2154 1703
2207 16
812 2055
2696 1076
1363 2888
149 1379
1238 1246
2121 1694
2782 1627
2801 1312
432 440
1609 55
2723 2314
2146 2872
1442 1163
1126 955
1781 5
2567 1346
1040 249
2688 787
933 1935
330 1444
51 527
2839 1884
2314 1373
2666 244
541 1759
212 1531
877 2338
1654 2838
2635 2273
535 2160
52 356
2770 8
145 1081
620 1766
1816 1597
2605 2332
1995 1087
859 2452
2885 699
1885 433
2218 571
1802 2806
2512 516
975 575
10 35
457 185
1556 2660
1052 2670
177 1645
1035 1087
1602 31
2659 14
2607 15
474 859
1345 2801
315 1871
1439 1656
208 1597
1611 1438
1886 1466
618 1282
879 2677
536 1087
313 1573
2071 1970
267 54
489 135
523 369
1068 2362
1412 2128
951 1918
1834 1511
2170 1005
966 1275
125 1411
1366 2563
1250 678
2429 1614
1455 302
1087 1488
853 2595
130 2602
1824 1121
265 1283
618 1842
31 1683
792 1719
552 2535
2474 332
1531 431
811 1556
549 2422
2825 447
2062 2629
1345 2793
2785 1805
97 592
1306 1389
519 516
211 1267
778 1498
1027 78
807 1061
454 2679
901 1519
2287 295
2290 1722
432 621
2786 1073
2122 1448
1643 1178
1804 386
2832 1395
1087 2748
1935 573
2637 2623
2645 1866
1857 392
1483 2316
2213 1108
2205 2403
1671 402
2765 1087
2607 1004
2785 850
2578 1872
2735 919
1671 1319
755 572
796 2418
80 1213
1302 2192
159 2861
455 1685
1119 2177
2580 118
1110 2566
2491 2066
2637 1379
1829 80
2336 2878
1392 1235
1908 659
2819 1814
2867 127
1396 882
1464 2635
2665 2260
2225 1976
2007 2058
828 1013
944 897
433 785
945 2389
1042 875
2772 2663
1232 1851
1901 2280
1813 436
1257 250
1130 64
2386 1148
1579 1989
2784 1841
918 1196
6 1442
2439 1359
908 931
2200 1178
1366 1440
2222 2493
1970 1661
1272 2365
1841 2087
1457 2770
772 1648
1796 36
2302 923
2236 650
531 812
298 13
1481 2310
2018 2068
967 2536
311 1292
851 2618
340 1562
1366 1756
2577 2671
521 1958
1835 235
22 836
1059 1767
1807 1388
1736 452
1014 2172
2203 2143
809 2796
2107 370
2257 2491
690 1499
1982 993
1557 2778
2377 1691
369 1803
2002 983
341 1087
2079 136
2839 1243
300 61
2642 696
1599 492
1891 589
28 250
401 491
1247 588
1416 1087
1169 1363
1087 2070
1383 541
2077 1599
1844 292
380 2342
1995 852
1512 913
2208 1494
1005 2678
106 862
2600 2321
603 877
2142 1346
1199 889
328 1302
891 1749
284 429
2026 1503
2089 574
1833 493
2437 2292
2286 2782
2781 1736
15 2003
235 2845
1257 2027
2720 2007
36 2033
405 858
850 1487
2258 532
2078 2139
142 155
442 2094
137 1012
1180 965
1517 1109
692 1366
1612 2197
1755 1366
1144 2594
607 2119
508 2353
198 491
2452 2210
2414 1208
463 891
1596 622
2423 58
655 1325
304 617
2417 621
344 932
1875 1509
2875 2099
38 2193
1688 941
1788 741
646 2514
756 1795
1114 13
181 874
1366 1600
1366 1997
822 1087
521 1137
22 377
725 2361
2353 2492
2112 2184
56 1903
2880 168
2287 2024
1786 2570
1030 769
1223 1852
2110 1529
424 1497
2586 1354
665 902
434 1845
2015 1876
2413 2513
389 1900
208 1507
590 1967
2319 1366
1020 431
806 2231
908 351
279 1764
2528 1945
2527 986
2743 391
1658 1978
2243 1972
510 2129
1950 76
1388 1632
1543 2515
1832 1584
2565 1582
1240 669
1216 1684
1800 1133
1881 1240
753 691
359 1366
2854 447
1943 1944
2749 1373
38 1493
2031 2812
1366 314
1926 2712
719 1381
1973 1749
2679 2614
2471 2527
2122 1719
2768 1460
2193 2210
159 2820
1595 467
1973 59
1219 2155
1061 2180
2534 2487
1912 2513
978 2336
249 2046
638 2407
510 741
2719 1606
2507 1341
2741 972
2521 831
1307 1423
2672 2187
73 2331
1165 1670
2376 2852
2776 901
2238 430
1367 1136
1834 943
1280 1035
8 2075
2472 163
2555 134
2789 1534
2047 1555
1706 1001
611 1469
2355 2366
854 2233
560 1210
192 2253
2787 2474
2273 2118
2324 2804
1681 547
1915 1356
1747 2531
1366 1949
1120 720
1972 1718
1828 80
846 104
1511 886
2546 532
613 2217
2700 991
1355 2301
1106 635
2835 1449
2460 693
412 129
1213 475
893 1854
2303 1937
4 2065
880 2786
2676 282
336 702
266 1390
1087 1112
919 1646
1311 1120
318 2696
550 990
2462 757
2738 1007
1174 994
1929 950
405 2048
2035 2043
400 378
413 1366
1154 1079
1513 2347
2021 2218
2217 1110
255 1149
1230 1793
1729 802
1716 1327
1105 1996
421 585
982 187
1177 626
7 2743
392 832
1840 212
751 2381
92 1423
441 198
1817 2850
1994 1627
1993 1764
1619 492
342 1848
2415 546
1842 1991
281 1687
1433 257
364 772
95 1366
925 2769
2550 2048
330 1784
1366 2880
1552 2364
998 2154
1366 92
150 1135
2216 289
2778 2673
2362 1621
2032 2338
24 2103
1970 1741
2206 1168
907 1547
1878 297
2840 494
2504 2073
1686 2055
1127 476
1250 1077
88 2816
1688 2739
905 1395
1948 1087
308 2598
1237 1798
321 703
2837 2156
2250 1452
1021 1471
408 334
2446 1087
2226 1004
1087 2757
3 176
1789 1132
884 193
305 706
155 808
1043 2813
851 2696
1354 2183
2152 2433
1554 915
682 1334
1799 995
1695 880
245 1987
690 1117
1439 1386
1497 906
2434 2293
2141 468
2354 1308
1241 2653
2598 118
2623 2306
2317 1532
1133 1068
2383 1280
2138 1223
1854 667
1469 11
2143 1266
1512 1301
1050 2714
17 598
774 2681
2717 2467
578 1146
1366 1118
1065 2851
1785 1087
2512 434
1308 2744
329 2402
415 335
676 1976
1087 1719
768 274
381 214
589 828
1366 834
732 1347
2403 1654
104 458
477 803
1265 1236
883 2484
1366 548
1924 417
1847 1973
715 1021
2613 1087
1202 2204
701 654
1358 2826
2580 698
1871 2773
2573 1405
1884 1330
830 1087
277 2101
2421 774
1485 340
477 1654
1955 410
2352 5
2003 2872
2785 1001
356 1245
1409 1456
897 1548
2509 2231
1689 1484
935 2206
2413 2400
2736 1087
1916 1073
1879 1255
1935 2368
1672 393
1217 2300
1226 1972
2730 666
1777 2084
282 768
1572 1376
1230 228
1009 2647
1921 2340
1618 686
1178 2742
1950 2151
1092 846
1059 545
464 196
1366 661
1762 2014
2657 196
1545 2858
1953 338
1895 329
1087 580
2262 2685
1957 231
1366 1438
2150 634
827 2590
1433 892
252 1811
478 805
2588 1010
909 1535
88 2849
215 1366
2889 1448
639 1858
1983 869
1559 576
2103 1484
2202 2044
2136 1058
1578 313
926 1512
2208 152
1587 1695
2327 2745
1609 1535
2857 1303
956 1316
835 529
438 1477
2505 2490
1850 839
903 272
1157 2728
471 1483
321 569
1594 1339
1906 618
2095 1067
654 496
624 2131
70 1998
243 1530
2266 2024
1330 1202
523 1
631 1370
2751 2109
213 2333
666 2216
600 1313
1370 2582
2421 1905
419 191
1087 2722
1532 1164
1811 2009
1659 533
2391 1032
371 2098
1849 873
1557 1514
1951 1091
1906 488
1136 2040
1256 601
872 1471
780 1160
2578 1019
2830 349
829 378
2594 1638
536 179
2714 2546
2302 2866
973 956
1496 2896
86 427
2764 1740
2827 1970
591 1087
26 264
699 956
231 2298
1377 2052
1058 2268
1118 1594
1195 1856
1887 1329
1771 1754
126 1507
665 1282
2120 2771
900 2237
854 2334
126 1872
2083 189
1961 1714
731 93
1657 435
447 1795
1840 1508
1591 1860
113 1594
237 2284
1366 1231
823 2853
2600 1087
914 1098
53 554
39 127
1366 1680
2888 935
1743 1179
1300 2557
299 429
563 2182
486 93
798 107
2234 2087
1153 351
2468 1283
1340 1372
1087 730
2295 1087
2052 1439
1432 542
2445 999
256 2223
1815 335
1536 1451
1709 1506
673 813
841 1602
855 2230
845 1426
1068 1892
2082 285
2540 1862
1585 496
614 82
2357 2281
892 535
1154 1291
123 2367
1087 830
1744 404
2095 1007
1685 1077
1306 2690
2261 1164
1087 2028
2665 2276
1416 1087
2270 774
1254 1781
454 817
2379 1261
1366 493
65 1305
8 2709
471 2784
439 1183
392 234
781 1116
672 1770
2005 936
2083 2550
2634 2728
1924 2092
1542 90
531 376
2473 1057
926 1739
179 2613
798 422
2440 831
890 2260
800 462
6 2661
478 2865
1748 345
1087 1137
2308 1641
1417 1727
297 2892
1476 2005
1479 843
2379 2458
866 2010
90 2673
361 2789
751 967
2732 2114
1369 2870
1472 506
2661 1561
2472 1228
1279 408
1812 2520
2227 1335
1871 2264
2175 1897
1208 1441
1708 1102
556 1573
1922 1500
1789 1849
1299 1002
380 1879
1696 738
116 1327
2133 2165
2693 975
1351 907
251 1947
129 1945
2181 1608
2072 2406
1591 1339
932 1981
2015 1334
1268 1092
2214 1834
213 966
345 2815
2783 2112
988 1087
1547 2664
2839 2327
2619 2027
287 1594
1766 2015
1738 635
1888 375
1991 1726
1420 986
1562 1955
1763 2280
1646 738
2021 2294
1537 1760
2625 2304
1941 1087
648 502
733 2251
1712 444
1515 94
997 1476
1072 424
2735 778
1711 773
2266 2539
1628 2000
391 2352
2209 1314
1123 1242
1570 637
2087 2719
2481 1366
1063 1391
163 1047
490 2478
263 2792
1070 2442
2113 2731
457 794
2561 648
504 861
2725 334
1647 436
2076 1366
2662 824
2792 1148
848 451
1450 1874
885 462
1357 2044
1771 1428
1488 1520
1406 1203
2166 151
1151 482
154 78
2305 2456
879 1605
1642 177
114 587
1949 1366
2189 1039
296 1287
230 67
2562 2461
1739 913
2116 893
1660 1277
2050 520
2894 2292
588 2454
1425 1546
1374 1415
2102 1115
1177 1082
1035 1087
557 1759
2104 342
2069 1586
1366 2365
2519 256
1351 2678
425 466
818 2654
1414 2713
985 2818
1209 1060
84 2213
1042 2837
1174 1961
1087 1869
2276 1216
2752 774
619 1495
1957 709
1285 1263
492 561
1378 814
2471 59
612 592
534 1087
1980 2194
9 815
886 883
2394 2472
1404 1236
2380 477
26 1360
1698 1785
2534 66
1227 2436
2813 1134
683 881
161 578
296 887
1815 2562
1235 2019
1762 1508
1188 2882
602 418
469 262
1105 864
385 239
163 2232
2254 1413
2857 1071
1087 2295
1541 1366
2384 2619
166 278
1577 722
2601 2078
1139 470
1710 2496
1977 1713
649 2256
71 1541
140 842
1451 2661
1608 2835
2544 1366
2103 426
1266 1065
778 1537
2202 2025
692 880
1679 1707
174 828
2588 1492
2864 1401
1327 406
1297 1966
1366 2147
2757 1087
491 1202
72 673
209 1217
2146 1845
1078 1087
414 615
509 747
1793 718
262 1292
2134 2296
1374 2501
2315 1123
278 115
1588 370
1630 2856
594 167
2722 1087
783 863
2132 77
2122 822
377 460
2513 740
1725 286
1855 2318
1212 2568
608 130
699 147
981 1206
1308 824
1819 737
414 2697
675 155
1652 988
1176 1716
983 1277
1676 2437
50 2861
614 2712
1038 1087
1839 2541
152 2699
2294 2749
1075 1575
512 1660
396 559
1427 1839
2235 242
2748 21
2779 1705
2484 1445
2578 2780
156 240
1870 85
1125 1197
912 1933
458 648
1366 984
1366 194
743 1622
1087 2326
818 1544
2498 1941
268 422
799 2758
2313 1630
399 1087
2612 868
1509 2447
1629 2057
811 1733
982 613
2099 697
1022 971
2430 2500
267 1387
1087 1869
1898 2455
2322 2138
2742 2901
62 1144
1295 1410
1822 1121
2761 2788
976 43
1511 1907
2783 1294
1219 371
1720 178
7 2352
1366 989
619 487
320 2093
531 1907
1079 1322
2305 895
1335 654
678 369
1087 2092
1366 2549
1313 2651
2468 2828
2755 1066
314 1575
1592 1745
724 343
538 1818
533 203
2228 633
2533 86
2416 37
934 2070
2629 1963
1804 1470
1087 1112
1187 507
827 356
755 1119
2504 923
1366 134
1087 1488
214 1866
2608 1265
472 2392
2045 1939
211 726
1042 168
2151 1942
1489 1001
2754 1560
1477 2728
2105 1406
1230 2434
944 2406
2293 1163
444 2850
2273 905
2004 1068
679 1722
1079 1366
1121 49
2899 2461
2633 733
10 2191
557 1562
2054 1436
1843 2690
1655 2862
793 327
948 1874
182 2891
1730 208
964 2194
1161 1969
1338 1692
1156 730
2091 1932
775 1268
2639 1817
2519 695
1677 1
34 1549
2013 903
1866 248
739 1304
73 2396
1648 1087
1366 1934
1926 524
66 1194
2621 2261
2221 1036
759 769
1575 686
2614 1892
1676 871
894 1712
322 1353
1769 517
205 2082
623 94
770 2735
106 1438
2283 2383
2148 97
1283 2566
2495 270
1249 2859
2150 2491
1759 2470
2526 764
1713 2458
1826 669
1087 2736
1158 2338
2515 929
2177 572
1197 890
2443 1839
1356 1883
2490 594
2012 864
1316 427
1983 2248
2800 2724
1069 882
171 898
2125 397
2571 2500
749 1179
2571 1876
2482 2099
857 2819
1528 1468
2715 2514
2827 207
869 1799
1677 2392
657 2717
2806 2638
1087 290
2422 466
1861 1366
1822 1901
1300 2664
2781 786
2201 1362
2233 501
1428 2747
765 2388
2023 1117
1568 833
884 232
1221 233
958 2851
1331 1285
1729 1561
1369 1337
2648 2686
2723 697
675 241
1130 264
2145 766
2440 2248
121 1550
2606 1755
2168 1
1406 1069
2299 610
260 2611
1185 2613
1147 1623
2508 1014
2088 2381
2473 2580
1172 1947
2782 2654
2449 2511
971 2096
237 2307
1032 2452
2827 530
354 2639
995 1983
2723 2875
1087 1879
1244 2742
2671 236
1505 2796
1362 1961
2318 2550
2269 2691
2610 1425
456 393
1558 1776
946 1087
136 1958
1366 2402
248 381
869 2173
200 2053
801 415
297 2166
2887 1087
542 708
417 158
793 2733
1740 1213
2364 1568
1473 2242
1686 20
317 1957
14 653
1003 798
1947 1399
1943 2807
763 2106
1987 1148
2191 1721
1500 1783
2738 2141
1424 2116
2274 2480
2375 552
1797 1087
1542 2500
224 1741
1649 1260
2888 1615
684 2184
985 2742
2417 2495
789 1015
2600 1087
718 205
1423 1014
573 945
2227 2426
495 2017
2607 2872
1310 723
601 2849
1303 1366
2804 198
2326 1087
2484 1693
2795 914
460 2660
1194 2487
1662 2718
812 2143
347 2153
1312 365
1956 341
1104 2724
2603 1253
109 1823
1929 1555
499 289
497 1366
2448 963
310 594
2190 1388
1010 518
430 2046
1829 1969
2074 2713
2694 1337
2321 547
769 309
525 677
339 991
2603 1441
211 1589
1366 2833
1087 2826
1713 289
315 1837
927 1768
1258 2649
70 2657
2588 1476
1663 2121
2774 2723
1808 1006
769 2746
2532 966
944 2737
2397 1246
1191 2406
93 837
2477 108
2069 2568
1865 2502
1521 2342
2449 2626
695 1049
947 915
1366 790
1197 1831
1826 1220
1397 101
922 1516
1643 9
1087 1948
480 2488
1883 343
544 607
996 796
2584 2088
32 2453
1514 2371
2309 768
2804 1777
2577 1536
1087 2649
2161 461
2596 683
556 1222
1742 2749
2077 1695
1982 585
426 688
109 482
1087 319
485 2696
2714 1030
2330 1914
312 1087
651 1845
1520 1145
46 298
2773 1045
1830 1960
2641 2440
1368 2651
785 2878
659 1106
2747 2241
2567 1107
402 1431
985 2020
1515 2634
2818 1843
841 1683
200 2434
1211 762
1402 2708
2144 947
2884 1020
380 2884
101 1642
2808 2102
1407 1089
2093 2705
308 750
2192 457
1789 1977
808 1069
716 17
1442 2053
396 888
1731 1290
856 2195
2512 776
2245 2575
1129 95
1985 2039
1753 1357
358 1786
1494 2010
1494 162
617 945
1895 1692
241 2404
2451 579
1431 2237
811 2246
2020 1613
170 1087
1113 1857
804 1055
876 418
2265 1371
522 1229
39 374
2213 599
2845 245
1455 1025
2100 2123
1189 222
1503 2611
2704 1529
1858 377
339 1315
2431 1823
1755 2575
1087 840
513 2438
504 2078
1088 2021
1342 910
2312 1773
1988 2175
964 1877
2142 2439
2196 2432
926 72
980 734
2640 2455
834 1366
1323 1203
762 1153
1605 1800
2790 870
2511 1199
1746 2767
2345 2324
1309 2897
1518 1087
1102 566
217 800
1518 2283
2414 2603
1054 764
1371 1284
719 2756
2885 979
1361 2332
262 1946
1134 2222
1366 1863
2774 1846
609 1853
414 2724
1028 319
1243 606
2664 595
2791 1825
1187 2751
642 1861
2239 2209
1087 858
1362 994
1618 2043
1956 170
949 782
983 1331
2745 1243
796 1553
384 1227
1611 1765
2758 353
1913 201
416 103
174 1738
681 2348
395 2506
1366 2563
853 2538
1999 1106
2597 1517
73 224
1366 1780
1383 1574
1618 1756
1396 150
254 789
2177 121
2080 40
1590 2671
670 159
344 488
3 528
911 1452
2469 998
1481 1748
2703 1539
296 1087
643 1087
74 468
2612 640
464 269
2556 2773
1401 1327
918 1352
2066 1366
1087 2740
555 1867
2169 2769
173 1717
909 320
1239 1498
1680 1125
1938 959
1746 1057
31 2037
801 280
981 1818
2758 2236
2592 1269
2729 2799
448 945
1430 2888
633 2080
1235 2424
2687 231
1708 1937
1636 802
2829 463
40 2411
2822 1256
485 20
635 1168
246 1087
961 1213
2687 591
2616 1051
2131 2090
1366 359
1516 202
2566 1041
62 2400
1884 606
937 257
2228 1429
1551 39
1911 508
713 2315
1087 1218
855 2586
1638 2543
479 1336
940 1278
303 802
1841 63
2521 2248
1306 1468
664 1389
425 2498
54 1215
1255 730
1034 1160
67 37
2702 1366
1410 2037
2320 309
165 1126
1366 2049
1922 797
664 325
906 805
2804 240
559 1788
348 1357
2258 1147
242 999
1084 2451
860 212
567 644
481 2216
2270 2601
1366 2860
1464 108
1670 82
1393 349
987 1422
1722 1787
2006 633
1519 332
2692 81
285 1674
1159 1780
2336 500
1851 1786
665 1639
2220 1061
167 2699
2162 1771
1899 394
2766 1330
2596 1093
1854 579
394 2855
2641 2173
2728 94
2790 23
2793 263
2025 1401
1524 642
1053 893
593 2764
2806 706
2854 2134
2000 2271
1391 1083
1126 291
371 1037
1036 1774
1016 75
1525 2803
1201 525
388 162
663 2010
2732 967
1821 761
1948 1467
858 1087
602 764
565 1532
485 1365
64 164
1622 479
2865 2890
1274 387
2663 1840
2677 2821
899 1768
107 1480
873 1927
1403 1653
2233 2731
320 2833
777 1554
603 1790
1190 2426
1366 2402
2063 448
557 1485
1523 1478
1666 489
1389 428
1027 1049
2822 1764
1998 1675
1751 2174
266 896
590 322
142 241
2672 1567
1019 2796
2030 2503
894 2068
952 469
2378 1319
2203 2055
2100 138
1353 1164
81 2659
993 1247
401 2252
1186 2524
1884 2204
736 996
1924 1859
2375 2004
446 416
705 2674
1882 2126
1087 2680
2058 2624
1819 1963
1836 1289
1748 2487
2517 1770
1422 2060
509 2688
852 2097
1625 948
1952 1906
1227 1788
1026 2411
475 2519
2392 1356
13 229
1253 874
1625 937
1938 2373
2810 2086
570 429
2098 968
2164 1905
2337 801
1750 1850
626 1526
2710 2471
1466 994
1622 1339
367 2529
1366 2489
960 522
34 1520
2553 1735
1674 526
2682 2169
278 2046
2447 1994
399 2533
1196 1990
1370 2389
1365 1686
292 2381
1187 2089
974 404
1786 837
197 1855
1865 1387
1680 1366
1772 1010
2274 1849
2023 157
2409 2684
1140 2748
290 1087
28 2379
2144 2012
909 2844
2715 1517
1413 1842
379 1366
2050 1565
656 2228
1228 2754
462 88
1945 2808
2740 2531
23 2643
428 815
2685 2286
1687 1321
1481 1314
906 2410
570 60
392 1055
546 961
288 386
2022 2045
1415 511
2129 1273
397 1962
440 2417
1824 273
2145 199
269 1458
184 365
777 305
1820 1385
2021 1233
1166 2291
1905 2752
2567 950
2878 2576
1548 2435
1787 954
2852 847
265 622
1087 2902
25 1406
2280 1121
1427 2091
1366 92
875 1934
1087 183
2542 2441
2128 407
1095 942
401 441
252 861
1468 2117
2521 856
1410 1457
2586 130
2876 2000
1202 105
2814 1975
2302 138
336 696
1298 1960
2712 2840
1531 2285
2000 2404
1656 709
2394 1709
543 2522
2809 662
410 931
155 2591
1932 2772
2119 1669
1366 1419
815 927
320 1863
924 128
687 2855
2412 2223
1816 2867
1432 2789
252 1901
1978 409
1707 1125
1345 1429
1999 1738
471 2087
2098 2439
592 321
1596 776
2428 1993
2476 1087
2589 584
2861 1928
1836 1366
481 2730
1930 1685
1968 2409
154 1161
315 346
2450 1194
2679 350
2662 2744
2821 942
1224 2161
2282 461
1886 1248
847 1640
733 2869
2079 1286
657 1092
2290 2176
1102 2259
544 525
1968 2750
2110 1965
784 2001
2568 2223
112 2502
1398 2593
1076 1979
2694 443
2232 1936
1766 2136
1639 488
625 1245
505 2067
538 1206
1887 1737
1087 399
1191 2737
2616 1649
1967 2291
721 1087
1567 972
1289 2311
2707 2033
1920 2336
917 2265
1826 1623
286 1700
960 1418
1145 1754
571 1233
1669 630
1038 366
1493 1435
1116 2189
2661 204
1690 1012
1007 1728
1832 2604
1249 1927
1011 2041
2259 735
1593 547
2778 2371
1912 638
2181 2307
2374 1568
744 1224
359 560
2557 1351
1697 2836
1230 1333
2331 2071
722 461
1090 69
1025 2180
943 886
2745 2158
890 131
2363 711
765 729
1366 1607
2332 999
515 1238
643 1087
683 1532
1361 329
318 2618
1763 49
1366 1075
1484 2297
1523 2460
1707 1366
1245 1193
388 2687
1352 142
2094 858
1610 1902
1595 1630
1364 2689
584 2466
2557 1547
823 1815
1911 2042
306 2075
2446 1358
2644 27
1996 511
1180 1264
357 1900
2159 41
1691 130
1023 2178
1273 2547
1916 355
2541 553
97 207
5 579
2164 182
1168 2244
1103 1779
1203 962
2861 2701
836 1021
2260 1831
1723 2817
1375 2427
1393 2284
152 1942
1058 2015
55 2886
2895 2793
1019 758
1380 46
1973 463
1897 2152
1593 2600
2531 143
1508 1100
1797 772
44 2151
125 244
1375 2326
220 2646
232 2570
2074 929
2542 2212
839 520
2108 1117
2263 140
1873 216
2901 780
1921 1229
2467 1443
965 711
2539 1958
2628 712
596 790
234 1076
2422 2252
1920 1408
748 1083
870 1753
1424 1854
820 160
2865 1233
1765 1349
1615 225
1360 354
1572 147
1286 1005
126 1597
214 2387
2092 2170
534 1087
1936 1631
2248 676
1178 815
2689 2351
710 253
1004 337
1076 2823
1856 2761
513 2133
248 219
2185 1403
705 2831
434 1976
1852 2698
568 2626
48 2303
1606 1868
1535 2093
1862 2807
135 705
1735 2877
1343 898
1038 739
23 2693
2585 2137
1006 223
2054 1460
2649 1087
2667 25
2275 2102
404 1971
1527 2809
2001 2411
439 839
68 600
971 753
1094 373
564 2057
1816 1652
927 2289
1414 1543
2343 440
881 2667
632 2486
664 195
1171 2653
431 1100
2259 48
143 383
54 345
1 472
2887 1672
2446 1087
911 1915
175 2206
120 2812
1472 1809
2167 117
598 2118
2699 2151
197 1880
1282 1413
2526 2370
746 977
2551 1476
732 1249
1857 467
2604 2388
210 2443
777 947
1579 484
2819 803
2279 2246
923 797
1989 1298
1589 936
77 1717
2257 993
432 1022
1682 2195
1408 2054
119 410
2004 2535
490 639
1974 1483
68 171
824 1831
1087 1461
2777 555
1436 500
1368 493
1367 2019
2532 2288
2485 1034
1128 167
2705 2886
1668 1215
1693 33
1902 2853
609 1566
1952 1658
516 108
2231 2335
478 1497
1087 2344
258 959
449 139
1753 770
2869 67
1218 1087
999 452
244 1273
1350 1632
41 2307
704 2182
1350 1627
426 865
1499 1189
328 1347
1660 1263
1087 970
311 559
1902 2210
1715 1204
2377 2602
2505 2493
43 1251
562 2281
93 358
1925 2147
2191 979
581 1831
1453 2504
2587 312
1226 763
227 1366
1140 895
620 1122
624 1718
2739 2807
132 37
2848 446
2333 2494
423 593
835 556
627 1897
1894 1825
2382 2556
2133 2898
144 1985
1377 551
2187 1504
1632 1340
2323 1175
990 1908
106 316
948 217
2783 684
1394 2825
9 2289
2041 597
2553 1447
1909 645
2622 1587
245 2358
2319 1366
1811 547
714 2902
518 375
1536 1590
1366 1583
2612 610
508 2245
1306 2200
953 310
1018 2715
2018 1712
1638 313
1538 2425
1051 2582
1901 2009
746 2188
60 2123
533 1667
1355 532
2044 164
239 314
1006 2083
527 272
1507 1844
1729 110
1170 2109
1336 2072
1887 2809
1064 2435
2812 1947
997 1409
554 1455
2631 2750
1723 1366
2391 1560
2219 2797
686 161
1993 2401
347 995
1011 1899
644 766
2479 2676
2436 741
2450 1314
877 1691
1732 1087
1747 383
1849 2411
1203 1093
1673 514
2082 1878
60 720
623 1256
637 2589
680 2576
1261 2006
1034 985
2525 74
840 1087
335 2599
912 1718
492 2821
2245 1825
1063 1996
2674 489
1559 2074
647 2129
1736 2436
831 1251
1259 1778
2370 307
1087 1648
1290 1010
2695 1778
1761 915
2198 90
1500 1453
170 1087
2262 2060
1074 16
98 1644
97 569
1289 1291
1501 2305
2883 2610
2096 2856
89 2545
2437 2014
1929 169
2346 2181
117 1232
1299 1670
2165 1217
2759 2739
2243 1653
645 1637
2174 2529
2063 1274
2022 771
2720 1087
2311 1366
1777 512
910 1578
2574 940
151 1847
1310 1366
2064 1654
2357 602
1904 2104
1366 287
1328 819
2898 19
2223 695
35 2552
1019 2132
2407 1189
2545 2647
2051 871
682 1558
447 2296
2361 1164
775 846
1191 2453
899 1205
352 838
1303 1366
387 1525
1917 952
476 865
2479 1712
480 804
1326 708
1900 498
2499 545
2594 1097
787 694
1087 1384
322 363
1968 2224
1599 355
153 1628
361 1464
1118 1366
583 52
992 555
1600 1366
2841 1550
795 786
156 2648
1274 2124
1366 989
2654 1350
2005 582
1477 1134
2218 2443
813 1301
12 895
2546 2842
2701 1895
732 751
326 1801
590 2810
639 22
2184 143
669 2256
139 964
281 490
1666 1111
517 2343
2349 608
1979 206
2343 74
166 2010
1366 1071
2851 2214
2262 1994
1259 777
2475 2418
2599 1806
1174 2716
1588 583
776 2135
2316 2784
860 2663
1087 2408
1510 2240
1670 1798
2847 678
2163 1366
1893 853
28 499
165 572
671 650
620 2500
854 1889
820 1106
1802 1199
226 2505
1766 2571
2306 874
246 12
255 534
711 589
789 1067
698 1281
2680 1087
1608 528
677 1919
2810 333
2196 1885
933 2399
612 224
2247 2823
2115 756
2149 2001
947 150
1074 1730
682 747
550 659
1721 2533
1114 1238
45 1875
2069 2412
569 685
1534 2656
708 1002
556 1631
1805 739
1890 1824
96 618
528 1087
1087 357
2094 1385
794 809
2287 1398
2879 319
611 630
186 2652
2171 2548
1912 1144
519 2477
563 1880
1257 458
2605 2445
2024 1958
2613 1087
1540 285
1009 1571
868 1029
498 1151
2773 85
2532 707
1317 2631
1807 1642
1189 740
597 2215
1758 1219
2608 2381
1469 2410
1647 1538
1855 1663
77 2110
102 2630
2263 2811
2735 738
1528 1389
555 1252
1366 2481
1819 1838
1689 201
1933 2174
589 1180
2032 2829
395 1434
204 2183
4 2156
1366 314
1093 1781
1236 1953
1275 2333
693 1366
268 1987
1288 1197
1451 503
361 1146
1519 696
434 1810
2052 1207
2539 2079
2240 263
1462 1366
1773 731
1580 290
78 2129
2812 2137
1909 1320
2603 724
2390 707
2088 328
1087 484
1454 971
211 518
1304 1487
581 1679
2249 821
47 307
2635 1146
972 1711
1056 2528
2803 394
1796 2707
979 629
2666 188
1460 830
2 765
2662 69
1757 450
2510 677
822 1087
2019 14
2013 1865
1740 423
344 1017
553 1629
2177 495
580 2882
120 2692
427 500
1296 2752
497 1758
2715 1870
2089 2828
1167 707
1515 2849
1756 1366
1782 1048
507 574
126 173
1659 981
115 259
127 1087
2622 2077
275 420
1366 1419
2534 849
1940 1042
419 2682
428 2200
1232 1280
1620 1334
2718 1253
693 1366
2522 18
925 1138
2516 96
393 2175
1835 2390
1222 1617
968 1806
1715 633
1152 52
2192 641
2641 749
763 2873
972 1003
2756 2853
1435 1533
1962 1684
1913 2640
1776 291
1414 261
2554 2134
756 2854
1301 2733
2263 2145
1610 2330
2250 1490
1732 1087
1420 2876
379 1366
123 1727
2185 2243
1474 1864
1366 493
1486 960
2902 1101
2759 453
1538 2038
2473 1091
1246 2658
411 1339
151 1749
1606 2851
1431 247
1188 2470
2220 814
2830 2159
2049 1366
460 811
1505 2110
1509 1421
1087 591
2358 2675
2537 2821
843 2281
293 2774
439 1949
1403 577
2101 2899
216 2018
396 2412
359 652
2249 655
6 1729
1676 906
253 96
636 795
450 2147
1649 850
1551 2867
2843 79
2509 2875
19 634
1610 2193
2208 2691
1113 2856
1039 220
1813 2659
1324 1376
1721 427
1753 2202
406 2393
2461 1437
654 2655
498 2583
1711 337
551 1439
1138 419
102 572
111 1796
1281 2844
745 1626
1141 1940
445 2047
2695 1366
2839 2253
1364 1018
2538 1381
1175 124
390 281
1113 2618
593 1746
385 161
1143 1206
2599 1182
1873 1127
628 973
2318 1398
1252 2879
1734 1109
1881 1826
594 226
873 2001
2415 609
829 1323
2255 247
1426 918
268 2333
2275 2195
1847 1070
162 221
420 2573
1478 385
2634 885
1141 2397
1087 2064
2332 2402
209 619
775 458
995 2828
2644 2551
615 84
2593 295
680 2470
1617 1633
1619 942
1610 2756
2016 1955
1521 946
936 2627
1825 1267
189 1808
1886 2393
1003 2494
2610 1419
1165 1412
1646 975
723 2886
412 2808
1386 1040
374 1087
649 530
1360 842
1324 956
2745 57
2875 293
1302 794
1672 2722
987 2727
643 158
2214 539
2667 1083
1548 678
2401 2171
426 2462
2433 1489
1340 2444
1782 1366
2291 574
2072 723
1656 1207
1614 125
2130 1211
1663 1099
61 2727
2814 2852
834 723
2056 862
2207 1730
2044 1867
226 2222
1366 1765
48 376
1366 316
2801 2895
1860 411
1582 1961
1371 2650
847 2049
1491 2834
1028 1760
1233 98
2084 1944
102 121
2317 1098
2220 2870
2201 1176
2329 2310
377 2246
1530 2797
2386 1345
1587 1564
1313 171
2386 245
1777 2573
2414 382
1899 1115
861 480
255 2368
1015 2655
1580 2326
2711 1366
2180 554
1087 1207
2342 1531
1625 190
2618 2096
1945 1682
1701 2256
144 2396
2254 1991
2654 1340
1051 850
2447 45
1172 1728
1422 2685
567 2506
2562 2595
515 1882
1663 2550
1580 2427
1351 1286
1387 2329
489 1814
992 2421
1366 2147
2553 2526
2369 852
2127 1955
2871 2740
616 345
1134 2634
283 782
185 809
495 1411
1436 86
2289 854
317 1386
1426 986
1087 1818
2225 2512
2398 321
2448 2760
363 1142
2091 980
1870 1871
536 1087
1105 748
227 1366
407 1299
1456 2611
934 86
2261 683
1087 709
2886 2453
1915 2348
1361 242
2360 269
1259 2144
1437 415
2303 2279
2790 1401
2189 2663
1803 1548
684 1317
2698 2138
1816 173
900 1366
128 1365
466 2766
2775 514
145 605
2703 1257
1225 1992
358 2465
66 2462
1576 902
1471 2475
456 2887
1348 2289
337 700
2372 570
148 998
1926 2795
1026 2149
71 1863
1450 2428
2126 1366
1792 1965
1366 1183
1611 2636
802 146
1217 487
805 210
1792 77
1922 2570
1120 141
679 2176
241 2271
1448 12
1087 1747
82 1344
1451 1442
808 42
1785 1087
294 2771
2206 1904
2568 1951
1680 1288
1268 2717
270 1266
217 991
1576 1262
2538 1526
1259 1986
1463 736
1307 2316
1469 607
1180 1013
827 2637
476 1664
1060 841
1100 1626
215 1366
598 1523
1261 2384
704 382
936 134
1222 313
733 2676
1087 1470
1736 384
1778 305
1894 1366
2438 1366
2409 2631
1454 2497
145 2027
1782 51
1301 2337
2705 2833
2892 2523
473 1308
2309 2068
1425 2897
667 1093
2408 1087
2026 2221
2017 795
2559 2590
2501 494
259 317
2215 2106
2430 658
2490 2583
2675 2386
1708 1031
214 116
1022 1769
271 2464
1479 746
1954 2302
1587 194
1602 1410
2517 1382
260 1131
1087 946
630 607
1284 2011
2581 2166
2051 1839
644 79
828 1044
611 424
2818 1244
2680 739
2765 2881
486 2866
2038 470
1539 2034
2097 1087
471 1794
2624 2037
1582 2640
1048 413
2529 2067
120 436
1307 483
1416 2871
178 1710
481 218
1073 113
770 1696
400 2836
444 1127
2197 696
665 1906
2183 2694
524 1142
705 685
2708 43
2547 795
1869 2205
2339 2583
2589 2023
604 2777
183 1087
2171 2199
969 2817
1343 1784
2648 491
1366 2341
1999 1552
2567 169
2298 663
2837 2240
2157 669
1462 1833
1381 1914
2894 11
2097 1579
579 7
969 864
389 2269
374 2194
1848 841
1135 2144
1619 2395
1031 1733
2614 2154
609 1269
2299 365
1087 2530
1024 306
2883 1366
1484 688
1173 1066
1354 2230
601 2428
503 2053
18 1752
673 1355
1737 792
1087 442
2373 2797
1641 53
263 2609
1366 1374
780 2231
38 2330
1633 2543
2841 786
1080 2447
848 2337
721 2191
1036 2472
254 2095
1116 2620
726 375
779 692
731 203
1079 1366
2029 1752
1761 889
2559 737
1181 111
118 1348
625 1820
261 2674
1366 2883
312 1087
2467 27
1592 1919
2429 694
1735 47
626 1381
610 1715
2061 978
1031 2039
1490 2670
750 2844
2734 2364
700 2607
2074 1543
1437 451
170 2312
1211 1574
2854 2368
1482 488
1286 1577
715 2071
2057 176
1497 1328
276 1959
1559 1276
1601 1087
2244 935
1332 1502
467 480
2043 542
131 1216
2529 773
1898 429
1298 2420
2091 2051
717 1827
331 2254
502 742
627 1404
94 2597
437 1904
810 689
2363 718
2652 2062
2107 1384
1590 503
1366 1946
467 1055
1424 453
2862 2762
118 1057
1271 2770
1971 513
99 2090
1940 2240
197 963
1086 84
1341 2521
564 553
2136 2729
505 773
2145 2426
1412 363
2480 1713
2391 2179
1932 734
177 1388
2253 2204
459 182
721 2533
1700 2366
1453 797
2229 494
2846 2557
2403 1320
127 1087
826 1581
1086 2111
2181 158
2156 168
1111 2674
812 735
1066 1504
153 2271
1812 720
539 531
2693 738
472 1702
675 1761
1820 122
2700 896
1739 2798
1953 2152
1264 2523
403 559
420 512
1473 2369
610 2384
1054 2
2061 1316
1706 2441
645 2059
348 1867
656 2675
254 2416
1293 1616
1688 2116
1167 2131
862 352
2062 2469
1634 1643
715 1661
230 274
876 1636
1366 2076
50 670
2292 1201
2476 2431
1196 845
1846 324
37 2425
1468 360
32 1205
1936 1047
2479 2251
1909 857
2125 867
818 2444
150 42
1622 287
1377 2380
2407 2513
2556 286
2271 1761
561 2077
2572 56
1450 2816
1425 2558
2860 582
496 1015
2488 2139
644 701
1829 475
1142 2795
2004 1662
1127 219
1504 2832
819 2890
1870 1109
2759 2116
1879 1087
1359 968
788 2687
729 973
2867 988
140 766
2060 791
1984 2078
1592 586
2795 2229
1087 1760
366 1304
2763 350
2850 2479
2073 301
604 1252
1536 204
1875 1397
1540 526
1791 875
1329 1527
1482 2800
2874 299
1265 2536
81 2585
2313 56
714 558
1179 2109
862 2085
2507 2528
270 621
879 2763
823 2863
1502 2496
2688 368
2591 2105
1087 1137
2536 2873
2360 378
1347 1927
323 930
1941 1087
482 2431
2170 2079
2598 2385
1925 53
1960 2825
1485 541
599 1981
1640 2721
2080 656
318 234
2577 2230
932 2569
2092 1087
32 55
1626 1762
1333 200
2022 104
1087 223
1151 2757
1241 1143
281 2725
1226 624
2787 2776
653 1139
2459 2372
1392 2309
2011 336
1269 2113
454 2154
2507 1682
2210 2391
1856 951
1279 33
1822 804
2424 1139
2388 1584
1403 412
2047 1758
100 2726
2320 759
2602 463
4 2081
831 976
2100 923
1486 2258
1938 1965
1607 1366
2267 202
1248 381
1056 1341
469 1366
2771 1255
2808 577
2838 1087
2003 519
315 2556
2348 1613
1408 2768
11 1201
1366 469
1366 2880
866 2457
1297 412
2400 657
2464 951
1881 917
1323 2105
2290 954
148 186
1020 658
1400 1000
2061 973
1495 1982
628 765
366 312
958 1834
2355 1499
1967 878
1995 2498
1703 817
1956 203
1070 2527
1167 1751
1692 215
2451 2707
744 324
2140 562
2502 903
833 70
2311 1366
29 2359
2178 279
1650 2763
2741 213
2802 2345
382 724
1101 1571
2900 2601
1291 13
75 1710
1147 2265
1731 2588
2548 1993
2790 1716
2813 1678
2353 184
2755 2187
2382 243
1862 1405
1620 141
2495 1065
519 1173
842 459
558 1101
1190 2313
1920 2576
2080 2480
2628 1916
921 1031
729 2604
706 227
2784 679
939 543
1572 2559
2073 1714
2853 474
1668 2278
1397 1421
2229 1063
1794 1974
1184 2893
1089 1220
821 1046
2746 2030
1807 45
1095 1930
1859 158
2532 1751
240 2033
1047 2179
395 2869
294 949
2111 2697
2029 1563
2898 2438
2438 1366
348 1239
1379 1193
388 2298
2355 1563
1576 1282
1087 2383
386 21
1275 2845
76 435
147 1152
646 2889
342 2524
206 1124
1131 1456
2387 2864
997 582
1731 2551
1758 984
2900 2139
1159 2031
699 629
2530 1087
395 2633
2779 1087
2331 1556
1012 2450
2668 1809
69 2665
1463 1050
2257 588
2777 772
274 1392
1205 664
2757 2431
1883 1475
66 216
963 1964
450 1455
2639 1162
1201 1919
2668 373
484 1087
2217 187
80 1062
2366 346
251 2031
599 454
2358 2868
2137 2692
2065 810
1577 907
2115 2579
1383 2432
2638 1199
1502 75
671 1474
1535 750
1366 1782
2118 1478
473 169
1004 773
2877 1584
2401 1342
224 2224
1492 518
539 2143
2824 649
598 2832
1198 1553
404 2176
497 1555
1924 1005
1837 2264
613 1432
1119 1411
685 2157
2825 1918
1366 1310
1975 1212
1601 220
1082 2171
893 2621
2474 76
2612 1888
837 1954
2404 1420
691 2096
2184 1704
2691 1467
255 2134
1316 629
1267 2492
911 2848
1310 2705
784 99
662 1045
832 273
2555 1589
944 1591
1465 2140
300 2255
1858 2279
577 1115
1087 57
522 1050
672 2713
776 108
1551 816
2489 2277
1263 1635
2627 1366
1599 2395
661 1366
2357 1054
641 666
884 975
1984 2681
1942 1494
413 1603
612 2148
2006 2458
2763 2569
838 2537
2317 881
2802 1277
2836 1196
2478 22
1930 1619
2509 2482
1501 1293
996 1229
1979 566
1424 2451
38 1047
1087 2167
2375 2718
2335 2249
1890 558
590 725
1312 1911
2351 109
279 2401
87 1366
1678 462
2594 638
1385 1099
714 49
1588 2552
2378 1184
2811 199
758 809
1087 1797
1207 1087
889 1554
756 1935
2478 2125
2354 2746
1321 408
2263 2891
1720 2496
446 1452
268 2845
2651 1833
1087 319
2520 2419
1564 1366
2034 2717
24 865
728 1514
301 2565
910 1097
249 115
121 2017
1907 2615
2531 1704
1276 2238
2168 369
331 2481
522 1407
1366 497
788 1087
2 433
334 487
1033 826
1474 2236
1149 1087
1741 2331
2689 438
1236 2873
1916 2395
1557 283
2028 1087
939 2822
1697 142
1830 2242
1699 1675
1210 652
2891 1296
2162 2722
385 1575
119 1562
42 915
311 888
2553 1584
1226 2215
2879 840
2430 2325
1715 1261
2153 2225
1436 1920
1238 229
1717 816
1215 2013
2837 2609
1986 989
1950 167
2084 240
1200 2684
2288 2174
2587 1218
1098 565
2065 2606
1789 2192
1503 1366
1931 1445
1573 1435
1701 207
745 431
1353 565
83 1283
361 2656
146 2697
2124 448
2141 2525
1775 122
186 47
593 2113
2857 2452
1293 386
1155 2701
1642 1875
2748 1087
2454 1366
219 1664
710 1025
437 1209
83 574
400 1990
544 694
2211 2075
1366 1774
1546 474
1802 2449
112 1366
2628 2847
1960 2296
537 2840
187 1299
1234 133
950 2047
380 970
987 300
2775 1529
1173 15
416 2267
1643 2901
2502 2163
188 1829
193 1280
1858 1445
1372 2459
1376 737
1089 960
1087 1149
958 2719
2199 1177
182 2752
857 2398
1694 1880
1589 1492
234 2247
470 2425
1428 1988
100 1728
2307 2835
2545 713
1166 323
1827 1362
174 2323
2419 1558
247 632
372 614
1749 2671
1096 1399
1063 914
2294 2314
2767 423
2549 1366
1145 1549
339 1678
717 1223
833 1675
1521 970
124 410
1008 59
1001 1649
271 767
1454 2856
2835 3
2620 2285
1554 2638
892 937
210 2051
1991 710
1698 1683
704 446
2316 974
300 2893
1150 138
1160 2335
1300 1742
1534 1041
2678 2846
2136 586
2592 2482
2482 806
2572 2811
1156 540
2123 2874
2516 807
1864 1632
16 1404
1421 670
1292 403
1821 2544
135 569
399 934
1222 2543
1087 1601
608 1369
2420 1579
284 2444
2689 1616
1665 584
1567 337
1505 2775
1118 779
2328 2105
2558 1182
742 2561
2450 2239
1029 2353
576 1770
2813 885
2310 2209
757 1012
2486 2255
1894 1366
1458 1254
2793 1148
1783 2570
1250 2168
470 132
2720 1087
1190 199
1772 605
2119 1614
1863 1366
393 1489
2383 1087
2370 1086
2107 536
2025 870
1868 468
2859 2090
2599 2350
228 1465
2205 2064
376 735
1426 172
1311 1150
1746 2731
2610 1037
2455 2565
65 631
1878 2581
1073 1064
2301 2650
2179 2193
968 2350
2563 2585
2874 465
600 1444
752 2043
1726 331
2690 1244
896 1767
2760 1801
2510 509
1978 1378
2048 1099
2483 2160
1024 990
1933 1653
1169 180
213 2288
1741 2148
2321 1809
1087 1995
2118 1395
582 2627
2876 2710
926 2503
2371 1311
2235 2781
1588 1152
613 1534
257 1059
2863 335
1635 271
924 621
1221 2819
1136 527
195 428
137 1720
2367 2235
2587 1305
128 2055
1611 1262
2463 326
1537 919
2743 1181
1677 681
1255 2884
6 1636
65 2405
1124 921
1279 1787
1819 2590
2243 912
871 805
1655 580
992 1094
980 871
642 1671
2423 1185
726 1029
2762 1759
524 1412
1446 668
2034 1290
2435 1860
1655 2765
2762 2016
793 1284
2530 521
2456 1293
1440 1366
1699 845
813 793
1798 1326
2321 506
2753 237
2463 722
2093 55
2630 1550
2900 2572
1672 1988
1747 1087
1366 413
2251 1817
1366 548
857 703
173 1551
1480 1567
1986 2012
1778 1231
640 2027
247 2893
1462 1366
1678 1214
1613 911
1402 2195
1943 2759
1087 1470
346 1563
2324 512
1171 486
2486 783
2751 1799
997 1522
87 1366
2406 743
456 1805
2199 1103
712 1930
1624 2497
56 199
2057 1039
757 688
1112 1698
1696 23
1564 1366
1645 1923
2769 419
2608 1404
1898 1913
287 1366
1586 2814
296 1087
1957 591
1140 246
99 2390
2651 2486
2407 940
791 1080
1467 2408
2081 1366
1966 505
1200 2398
1481 616
2268 2510
1384 1087
1344 524
1264 2734
1087 788
2250 1046
98 1088
95 1366
1366 2860
1814 233
1359 1739
1144 2543
71 1496
748 1396
1443 657
2639 1866
1555 2341
2273 2794
250 2619
631 1051
223 1087
2224 2684
653 1813
1617 835
2007 2158
636 2436
587 2632
1320 1225
1553 736
124 2127
216 444
2120 658
2227 766
687 2805
1682 2102
139 2295
2831 2157
674 264
1303 2897
2457 2238
1818 1087
1018 1616
818 1016
602 91
2016 238
1997 2035
901 2642
1466 476
1506 1138
1120 2520
2641 1251
2593 2760
2008 788
2356 1571
87 302
2658 1380
1398 1964
1170 1187
1135 748
2746 2617
2442 986
870 1696
1621 760
2824 1407
135 703
2657 1024
2222 1043
1651 1087
1651 1520
1087 580
1795 1918
1216 1982
210 571
1518 1537
1513 1366
1701 530
1806 2558
1331 2464
1332 1544
2365 1444
1752 1837
113 779
2522 623
1717 1872
2040 1048
799 60
2643 1716
166 430
2815 849
1430 2427
2564 310
349 2749
1040 259
1023 1278
667 2621
600 1833
1509 898
2008 388
689 2895
1556 1896
902 2085
1305 1085
2677 2625
398 1287
2041 687
681 2818
2889 2809
1903 1630
1540 1333
424 2410
874 1441
2552 2885
1486 1623
840 604
1529 258
1862 1170
1157 1364
2677 1650
2356 558
2086 1110
2662 2260
464 1181
2164 164
1215 272
41 2753
2266 722
2212 2805
792 2706
866 44
2085 838
1814 703
2396 2224
1806 371
2699 310
1245 583
634 1583
1473 1989
1087 2765
1485 1574
1288 2454
1635 1743
2517 1040
2487 1314
560 1541
1527 1045
2700 1390
1975 698
1791 2397
821 1160
2578 1507
1186 1112
1791 1882
1224 2664
2286 75
541 680
1847 2471
1366 316
2598 1768
260 2026
1096 251
1720 1690
353 2419
2310 2378
2340 1471
1271 105
1787 63
1953 627
552 1883
5 667
1338 1366
189 2318
560 1496
2702 1366
1569 262
308 899
505 2226
2695 1366
29 1665
284 1544
1967 2086
1656 317
1087 2646
2582 2855
2460 1836
2158 1087
1676 2894
616 2329
1088 697
2293 2140
445 2142
1856 668
1578 1082
2059 1320
832 2247
1725 2382
1665 2023
1679 761
2126 1366
2081 2606
601 1764
984 2155
914 1192
2681 2601
529 2232
1171 728
2478 2475
1828 819
490 397
2770 2211
1242 1985
1905 1598
1239 1028
503 526
90 2571
2792 1510
2453 2072
1965 258
1705 2524
172 2892
2480 2006
2816 800
1000 499
438 2669
984 1366
743 1591
1794 2719
165 368
2018 2534
1857 318
2340 996
2855 2616
1951 2767
2862 2881
1022 2497
51 112
2648 105
449 792
230 132
1647 1007
2494 422
2011 327
2254 1349
1444 1462
2846 2346
1392 2278
714 1732
2131 2732
360 897
1239 2879
464 391
148 2062
1544 1898
141 2371
1447 2
596 227
1744 1366
2750 133
2111 615
495 2547
1044 1891
452 1917
860 1116
1533 1914
1763 1732
2475 836
2579 668
1775 1694
1637 1317
2660 2071
537 1366
1231 1986
33 63
2824 1661
219 2850
1711 367
2866 728
390 1684
131 993
2777 1094
2124 2579
1431 1129
1163 1636
2896 1281
2806 596
2741 367
2548 1450
2351 288
751 1265
702 2265
1366 1503
396 1027
1377 1221
1693 408
2212 2041
2250 416
824 1270
291 368
2211 2686
274 2424
2836 1352
875 2126
2695 706
2257 1495
2824 872
338 2873
2323 2244
501 1889
294 2325
1842 253
825 365
1499 938
2377 2338
844 2112
1637 1200
1155 242
955 1923
2474 1390
2465 1851
1364 1517
588 2066
1366 1744
328 916
233 1666
532 2650
1803 2117
2282 202
191 2644
1921 1407
18 1734
2608 1074
2282 2463
69 1198
1963 2652
2454 1366
2278 2815
137 1689
1175 1363
1252 348
1841 1722
218 584
2269 357
2186 552
1727 957
277 2595
1607 2508
2555 2791
1284 2301
1940 1791
2410 2894
420 1263
334 2300
1644 1566
1312 689
1264 1552
265 1041
2372 799
2882 2768
149 1208
2877 186
1852 1827
1828 1072
2350 280
1423 2549
1962 867
1219 445
2296 2420
504 1811
2300 954
2485 821
2148 2827
2441 338
2203 270
2305 646
1091 698
1297 2067
2729 1592
2683 1612
275 2540
1104 409
2020 681
2814 1210
2038 436
152 953
2647 2356
451 801
1433 2683
1234 1294
283 1143
95 2237
2707 7
990 2709
1258 933
2362 1800
309 2744
1172 120
1139 2019
1087 2064
2159 2541
1349 2481
1080 2262
2014 734
2325 2120
17 2460
2372 284
258 2359
351 2363
448 2115
1107 2030
679 974
2392 2348
920 1533
1962 2276
1146 2794
1620 1876
1271 192
91 30
2504 465
2484 1321
771 2413
203 2653
636 2781
1324 147
1056 1845
1248 116
2012 2817
1873 865
2405 1487
50 957
1902 859
2580 2385
638 2574
2173 2751
1205 1609
2423 179
1922 837
67 1434
1457 192
962 881
1329 1530
2803 2275
2624 2253
187 333
2539 1577
1366 537
1527 243
1954 486
2388 1447
2615 2303
662 646
475 1161
256 1951
20 2259
1750 439
1910 2637
832 2858
2852 652
1644 697
1361 2701
742 1400
1298 2242
719 2330
2293 2053
2547 510
2584 292
2360 1990
2267 1490
2035 708
1429 825
617 1370
2800 1981
1931 2615
1294 2750
1774 2026
1395 1066
1090 2276
2434 1465
2676 894
557 2016
964 2373
743 1336
1933 2067
2564 2490
206 1123
143 1992
2163 1366
193 2283
2161 1547
1132 873
175 437
443 110
418 2281
1082 1342
2702 1237
2058 660
1081 1772
2561 1000
261 672
897 1860
2247 713
1366 2791
1332 1913
1366 2341
140 79
1750 2347
1087 57
1017 1650
1103 2548
504 1681
2732 2859
2629 2306
1633 2169
2042 689
545 896
853 719
513 2176
1087 2838
2169 1443
172 2442
1418 1050
2744 1198
2328 1697
1204 825
2005 1492
117 1035
2433 1706
2800 344
2199 1526
1021 2660
701 2506
1464 2135
2519 1740
153 2511
21 1470
1912 2400
1122 745
2622 2056
1440 2898
1096 2172
2476 1804
2646 1087
1607 1159
340 1153
171 791
1667 1087
1992 2059
1488 1754
1328 1072
14 1136
1992 684
1997 1366
308 1609
2190 1645
1538 2095
1725 157
1087 2476
2645 26
974 483
1675 2360
1247 890
325 1191
1943 1405
417 1087
1128 1043
888 2376
1260 1706
2721 2319
1087 540
407 333
717 2073
1173 905
1331 1394
2227 701
2272 1621
2688 2429
903 51
506 1087
922 2282
42 675
181 2718
740 938
149 2623
2713 576
511 2501
1703 47
29 157
1087 449
1667 1087
1287 1941
2274 1977
775 2703
1156 2771
165 1923
1334 2419
122 1099
112 1366
2420 2554
425 549
2797 959
790 1565
24 1174
327 1612
378 1458
1989 852
204 2230
2489 1366
614 2711
1075 1366
103 704
2524 1615
1328 2865
2374 172
2339 2505
2376 1586
2560 1514
2685 1710
671 1126
1366 790
2108 1939
1393 1742
2727 1690
322 2128
1966 129
2517 1111
540 1087
2503 2798
2335 1325
2857 1309
2753 1393
508 2518
2186 472
