2902 8720 1
809 454
2614 956
1194 1046
467 435
153 2900
2671 2881
1938 454
2755 2580
809 2062
601 750
809 145
1759 174
791 925
781 798
1681 283
929 2460
2595 2504
2280 69
2837 1763
191 2490
1548 660
2342 2034
957 2735
28 2856
2571 2318
541 116
622 2597
668 1288
1726 2277
1265 1933
295 2773
1870 358
2805 1005
2564 1301
1673 1923
2023 2339
1706 120
1089 1795
1401 2848
240 765
1317 422
29 2442
2045 1309
2185 505
2661 1192
1319 1191
421 2570
595 2891
1377 2540
2699 2565
2880 837
741 1239
195 2696
892 718
2472 1894
1133 2348
2301 1496
307 2448
588 744
1641 762
78 2045
1147 473
2208 1007
2719 1581
1835 731
809 110
1104 2407
797 186
1600 169
249 2671
590 454
2384 2038
11 112
370 1071
856 2081
809 1794
966 2609
1076 454
1607 1546
139 2108
1373 683
776 880
1082 2308
621 1051
1647 2
1527 538
652 454
878 1103
376 977
303 678
431 2369
195 983
1107 491
1405 1155
1369 519
281 1932
351 1363
2241 2843
2681 1665
955 382
2577 1851
2860 2795
279 264
345 2500
809 2454
646 1372
1652 1393
2484 2842
266 1689
149 2245
1027 2786
2225 1708
70 1452
1211 717
1299 750
1694 2189
2876 1397
845 2375
55 2624
1092 575
2637 1734
809 110
2799 1031
2044 2720
964 2767
1051 761
1891 154
2751 255
1309 1589
2423 1142
1751 2804
2218 2373
54 2477
687 815
2609 1727
2714 2752
1728 1863
1880 1626
1896 716
1632 1019
1276 19
1566 2511
2490 1246
2898 2380
1574 111
131 1167
2897 797
2204 1970
1142 1215
1896 1454
2173 1495
354 828
396 377
2158 2258
1665 131
1811 2379
665 152
1179 1894
1910 2417
580 2116
917 1566
2178 456
30 1048
2874 1484
2176 2781
809 239
1166 2303
1083 1631
1330 2482
2013 1381
1180 1289
2742 1055
1463 1680
783 1523
2771 338
1929 1424
979 1054
2519 1510
452 865
2786 478
718 1419
1462 2474
2560 2176
2041 898
809 156
1383 1369
1444 2851
1213 1645
334 1557
2727 312
1299 2040
236 1714
1668 2332
2348 1319
364 2352
2385 1816
2138 2832
724 2416
1615 1956
2302 1227
2442 2419
2787 1611
1316 939
1010 2376
2576 493
433 1414
1451 2049
2771 1535
569 571
254 106
2065 1993
2408 430
938 1506
1904 1163
286 2280
2177 537
1320 656
1635 1398
2300 2871
40 251
448 577
2855 2018
1823 1025
814 1536
2038 352
85 2443
2684 1757
1367 1840
1894 2191
1786 2015
169 1308
1633 465
1257 1455
23 1152
588 1528
2800 385
1247 1623
2057 2072
142 127
1479 1795
1266 1629
2824 1961
960 454
287 2588
1850 861
2191 1486
9 335
1009 1719
2683 2581
2535 2374
1830 1208
794 262
897 2513
947 2596
837 185
1780 1025
1404 2838
1734 1983
613 835
1812 22
1099 2732
2085 719
942 2127
2049 1758
1224 706
1762 255
1340 2028
205 865
1830 419
2073 2623
192 2370
809 1649
1623 2349
2507 2008
10 758
937 2703
809 523
872 1672
778 220
809 2272
1642 1554
1442 111
405 1267
144 1668
1379 749
809 1988
281 153
1733 2139
1727 182
428 2859
1302 702
1200 947
331 803
1996 2244
2346 1285
619 363
1291 1839
1431 227
1620 355
945 2193
1600 1602
2474 444
2668 1460
2842 689
1065 1754
2846 1396
1002 447
177 1349
2801 2084
1933 408
1142 819
78 2216
809 1578
809 1120
2579 515
1230 2551
849 1882
1611 1922
943 1739
2351 2424
1095 245
96 1115
1770 532
2274 1906
1066 1121
421 1226
2356 2305
2826 549
1232 801
2884 1222
260 913
1630 1760
1508 2857
1359 2502
1464 58
257 2762
719 2523
1974 1304
809 1120
168 1113
60 2875
2369 1314
2638 408
1807 2505
219 1487
2752 1547
2717 1780
1625 2008
974 2679
809 466
1297 2493
1732 1515
1043 454
1789 143
2262 2625
2051 1201
1726 989
774 1040
350 42
1238 1038
2025 1872
2438 2695
2234 183
1453 1147
1073 1367
2599 2163
1156 1331
387 2262
1881 524
2016 454
739 2631
373 676
2224 38
968 375
283 33
1591 832
1849 2713
2633 1858
1614 1761
2508 303
1334 2762
886 2811
58 983
845 2543
1919 2137
1803 230
318 2250
2544 746
2858 872
1765 2892
98 470
716 1505
809 580
635 799
172 835
809 254
434 2155
1235 2605
809 2421
658 1430
2236 2265
137 509
1646 844
1256 1572
1658 722
2736 811
1885 921
2206 976
2645 1723
1470 640
2197 134
665 1062
1175 1733
2747 2848
366 297
809 1996
255 794
853 2023
2440 2343
142 872
1564 193
2364 2300
1565 931
1570 2889
1636 1729
213 397
1672 923
2831 29
2531 638
2847 1992
1268 658
1025 104
1456 96
2336 2304
1088 1439
1143 607
1763 725
809 239
1546 1078
1531 2895
727 2818
2178 2398
1683 547
1978 2428
1455 2414
29 1700
1541 2472
2033 454
1129 770
2103 43
32 2755
2452 1130
2774 1140
2073 1434
2509 2067
809 792
68 2466
1219 992
1352 540
1708 1030
2247 1910
756 1654
687 1119
2607 1393
2383 2116
1925 454
800 1254
1618 1380
1555 1337
2375 555
1097 1591
1832 360
2401 2185
1127 468
1915 1797
2679 166
1890 197
2902 364
2891 1658
968 318
639 1358
768 2101
1317 1386
2491 1950
1846 733
1616 1676
1447 1217
2851 454
2029 1804
1135 1840
2329 2515
2326 2882
1689 1219
363 2448
1473 2659
254 1746
2841 1765
1819 291
2082 1403
2712 107
2048 1635
1916 2541
675 1410
661 743
1272 1091
1303 1340
2697 2591
2488 1493
328 2497
2706 392
1182 517
809 2603
2149 2790
1699 454
2502 1381
731 1740
512 2745
754 1809
819 1206
888 1063
1961 1357
809 838
352 206
197 619
96 176
1360 454
1360 454
1552 1255
1488 2543
2003 2207
2564 1924
297 1590
2625 231
72 2281
2514 521
1812 916
2839 2279
812 1560
711 889
1552 1773
1909 177
60 1983
2449 1020
640 789
2773 887
1216 2764
2348 14
2636 253
1606 933
2585 2396
517 2276
18 1571
527 454
2575 526
2590 291
2165 1100
1981 2107
1550 862
369 1105
606 2053
857 1796
1365 948
1051 180
1280 1346
553 353
1435 628
2890 2793
399 670
2509 2831
641 2501
495 2665
1773 452
937 713
773 502
2142 1486
1117 1511
2783 1724
2127 2715
742 2542
2900 2813
1854 2770
2300 2074
403 2555
2311 399
1473 2152
366 1505
1657 2658
2387 661
2396 910
1827 1387
1919 491
940 659
1397 1464
1018 1462
809 181
1089 2503
809 2847
2204 1485
1198 1690
1047 1696
748 301
1817 566
780 180
1578 390
2568 892
602 2781
1401 478
1576 1148
2187 968
1469 1090
844 2200
2366 1273
1558 2202
1873 860
2284 935
74 119
314 544
2541 1588
1072 2441
1188 454
2849 287
759 1921
2022 1830
2195 604
2601 1500
1937 2482
840 2173
265 1050
2810 1836
393 664
1768 454
941 1780
184 879
2364 2597
1284 2700
414 140
1707 2622
1940 2380
2748 530
2610 715
2837 205
372 2789
2833 646
262 1061
1416 1706
2030 1305
2864 2719
384 1923
358 2119
1650 1717
1621 2261
1039 1422
2396 2049
703 2064
2142 2221
1296 50
2878 2564
1442 1955
1598 87
84 2146
2228 2588
1595 896
762 63
816 1410
1791 1617
617 1998
2102 15
1894 2142
605 1470
2202 1533
1706 721
2618 1256
2621 2262
2818 2436
630 125
383 1712
2576 736
481 812
2620 2649
714 2831
1791 1473
2017 30
688 1380
2169 258
995 1799
1515 1962
2341 2654
406 2344
2332 15
809 1092
1809 914
2165 48
688 2404
2541 1655
1866 2231
1878 1211
1384 1077
1034 556
761 2187
769 1165
2224 446
809 1580
2253 2599
1529 1895
1012 2569
130 2270
2019 384
1132 2114
1496 2826
522 1846
2562 758
1969 673
2266 79
1431 667
2474 949
1779 1464
2834 2120
1661 1589
701 2092
71 454
317 1233
2122 1087
889 41
1288 1947
2424 108
2788 222
87 1957
1216 1457
1910 1270
2862 732
663 157
1384 1576
1156 1354
734 626
693 399
516 1350
2890 880
1869 2764
777 522
81 910
446 2302
336 1502
696 1647
1943 952
102 2162
582 1321
1206 429
1102 125
324 869
2077 1608
662 352
2870 999
1834 2186
503 1398
1063 1286
1258 1211
699 2466
1995 28
2821 2305
1477 128
291 2426
2674 507
2417 1168
2427 2746
732 2566
1676 285
2882 381
1168 454
2344 929
481 403
2559 31
1181 814
1382 1122
1317 349
694 967
1883 576
970 816
477 1636
2114 1896
1885 474
1903 964
2687 2774
1551 1113
2221 2506
857 132
1169 1403
1079 584
809 2350
2015 645
2220 2349
1047 2725
1887 1497
1668 2067
529 2669
809 2714
453 1041
1019 100
17 634
2599 859
2135 2241
2390 1423
351 594
751 1948
615 1522
1736 706
915 1066
820 2796
2251 164
1752 1064
1726 2269
1500 1870
2728 707
940 1220
2895 2495
689 1711
215 422
316 1873
789 1110
415 479
923 841
1859 583
2052 1668
2397 197
1014 1815
936 1060
579 2284
342 89
2320 823
1582 620
1860 588
2499 903
1685 1630
702 1208
376 2471
1998 696
2093 2389
604 240
430 2652
2660 2301
1784 998
2656 454
404 781
189 154
84 508
2117 2232
809 1490
745 2252
666 2431
1533 2803
1701 1560
986 1527
2898 710
2612 2319
361 2236
1292 1679
1604 1320
1388 1195
1280 183
2261 454
1934 159
2696 427
2119 45
666 2661
330 2315
2742 1970
1001 2136
650 2874
2757 1065
2386 1553
1473 1043
559 454
2114 1376
809 254
1701 709
2619 622
809 1501
321 2384
532 2281
1071 2186
1179 1471
1716 1199
748 1006
2720 1811
69 2866
2556 293
103 1470
239 1447
1074 2849
2306 2113
632 339
147 1290
405 737
2658 362
1205 2224
883 2586
715 771
402 329
294 282
2278 341
1607 1068
2005 1883
2471 1118
809 1875
1676 1836
1969 782
315 2713
1632 206
24 2607
2315 459
1822 1356
249 1623
2012 1743
248 2028
820 1259
296 356
449 243
160 2850
674 2007
607 2030
1788 477
971 1821
41 2681
2880 1916
1439 1898
243 1055
2219 619
363 1273
2059 2120
673 2133
2225 2082
1223 1013
1502 2740
1816 903
1634 2899
1315 454
1761 2293
2565 2025
2259 2539
2888 2482
2059 107
2840 1439
345 1579
2656 454
463 1566
2542 1520
243 1177
2078 2059
1618 2284
535 75
1720 2575
1738 2388
2758 1262
903 450
2695 632
998 1788
2754 2705
2600 2453
809 77
2421 1692
1598 2669
786 1079
858 2102
1173 1085
2900 2154
1955 2133
2658 1521
2157 269
2705 1445
881 2734
1856 2397
1033 2394
1490 2556
2267 1219
1829 697
2014 2808
652 454
651 895
169 1256
831 2615
283 1494
147 1984
2628 1642
2475 2583
2872 2045
466 2547
40 1335
1374 1324
1400 1703
2107 218
2559 245
255 2880
1747 1738
1847 1701
1376 919
2175 1741
1518 1098
2600 864
1560 1801
2356 1770
2195 116
1843 628
1118 817
2553 242
809 2854
2634 2890
2027 1777
900 219
295 263
893 2005
2581 901
2131 960
2150 1797
1112 800
1411 1564
1772 2614
2823 2355
299 1598
1014 582
700 454
2179 921
379 1333
1227 2516
2110 2879
380 987
1160 242
1118 1241
567 499
975 1238
1501 2765
1872 1069
1327 660
2767 1887
2373 348
1319 2237
203 2549
809 151
1811 288
926 454
912 828
2465 169
2091 964
816 2648
2834 107
1223 760
513 907
854 1991
1887 2226
2865 454
1523 454
905 2875
1514 2197
2119 1347
75 856
809 492
578 2867
486 1269
2609 2886
2533 2592
2259 1723
1599 2670
1115 934
880 2853
1149 905
2623 1185
1294 644
2238 1662
2308 1257
1495 1585
1792 222
1969 1955
1532 567
136 2192
2447 2716
45 1950
972 2699
1338 2359
1836 853
1224 112
117 454
1061 2734
1838 1711
2473 1494
1336 1767
809 1987
724 2144
2646 441
809 226
216 454
2300 334
694 667
1021 454
2772 2353
1558 396
1048 2694
1558 2480
1627 454
2494 2808
1905 2556
500 1328
1766 2271
2075 528
2860 2418
809 1083
1946 1733
1844 416
1041 936
809 1578
1453 953
112 2015
1803 1730
2741 360
57 78
1597 46
2669 1957
1760 1498
809 1663
1667 1890
1867 1457
749 2188
2611 534
1784 875
2701 1937
537 448
1177 2589
1922 2529
1383 1115
2405 1611
1626 509
2719 251
1381 1910
1848 1556
2103 736
573 2415
1289 1050
1479 1900
1663 1773
2875 1540
2130 115
2722 1246
809 1935
2205 2281
1832 1945
2815 1722
2343 656
496 800
1407 2644
1124 1266
2063 1837
1814 2538
2674 2624
1993 568
2773 262
832 1785
167 1799
2174 2572
722 393
1552 2116
967 1145
1395 2678
67 990
259 2479
627 129
2485 284
2197 2121
2136 97
2227 803
1853 2577
1464 1825
2376 714
1985 855
1201 1553
2042 2235
248 1060
2018 2724
849 2323
2874 1470
809 156
2253 1440
887 1160
290 454
2376 2509
1800 171
441 1874
1583 2868
401 643
423 970
1912 1856
912 963
346 1630
190 1528
238 560
1100 1190
2569 26
2813 258
1129 1119
826 2500
333 410
142 412
2363 2623
2302 2562
2667 1736
2593 2462
223 2167
2261 454
809 495
2387 1775
2786 690
210 1005
2047 1409
1130 2453
1954 2067
1252 407
1769 340
2434 2347
2230 1647
469 1202
659 2143
2326 1202
1174 970
1250 1833
1032 2449
965 454
2240 89
1631 267
710 454
981 2051
634 2114
22 2894
2289 853
1542 819
691 2134
1272 2074
2794 1530
1055 942
207 194
594 633
809 495
1827 2117
2407 411
1364 1208
504 1844
809 1805
1045 1285
240 303
2676 2785
1944 2452
731 119
992 2608
809 2698
731 404
2343 2295
453 1452
921 2176
852 2268
1967 719
2220 612
11 1786
809 2180
691 1054
740 1581
1783 763
809 181
1176 250
1878 2537
1780 646
2327 2731
2822 995
1825 573
2655 1238
478 2100
228 1857
160 41
1593 2779
587 2796
1010 120
2453 511
912 1900
2068 603
1846 606
1470 2136
1202 1973
2547 1513
302 467
1102 787
839 1495
1975 485
325 1472
2716 2526
1949 1917
1853 1876
2521 1989
2149 1690
1199 2766
726 2401
2272 1029
2274 2251
2433 331
2 347
2777 1446
1161 65
1212 2066
1348 454
1990 1919
1854 211
2042 235
1700 524
537 2060
2314 2644
521 1028
1370 326
746 2899
1716 1294
1532 376
984 1143
535 1174
2882 1973
2651 454
2179 474
962 1861
2492 1657
1293 1338
809 483
2571 1365
227 2344
2345 1808
170 563
2019 1673
2694 229
76 2633
703 697
77 1804
1756 804
1335 1877
1790 1363
1669 201
1952 1791
722 2817
14 1191
2638 1131
250 272
2606 2059
2861 750
2016 454
1851 726
43 1972
2071 2323
600 355
2823 73
1229 2003
1760 1495
2365 815
982 2164
2511 2320
2314 17
1159 1517
922 168
1575 59
2591 488
2889 1943
2733 1174
805 696
440 1856
1452 936
668 2467
390 1753
2033 454
752 954
938 913
1122 818
1030 538
1448 1888
1435 382
1725 527
356 1418
2367 358
64 2288
1065 2663
725 1107
1478 471
1801 155
975 514
156 2571
1332 2217
2444 306
755 99
868 2226
2404 37
2850 1879
2555 1792
759 1370
497 1845
329 951
2712 1800
2662 1706
494 1096
424 141
2045 2593
1638 2439
1866 1666
131 578
854 442
1637 464
2234 505
2055 130
2419 302
92 2167
2510 2865
1170 747
2752 247
367 1852
829 1785
2116 1963
809 184
124 2517
513 738
1647 379
768 2119
677 313
977 752
809 2717
1236 1658
271 1415
1713 2327
202 304
2088 2157
2285 187
684 1008
1061 1655
1703 2006
1430 81
259 840
475 655
1684 446
2163 906
1311 1453
2097 1438
995 2293
1181 781
2044 460
2096 2441
1262 1487
1221 1758
1382 1796
319 1684
2588 2536
1250 2606
824 2495
1648 454
527 454
1063 822
1912 2894
2014 2713
1579 539
809 239
2853 1294
2210 1251
2467 1947
2892 454
2472 1471
539 334
1161 1940
2620 2336
244 2158
2479 2173
2772 966
2541 900
484 2113
2020 1404
2819 2795
918 1867
320 1090
2502 929
2757 914
436 1021
403 1526
2214 949
2703 2406
1305 2738
1877 2323
1077 54
2238 1684
1905 879
1640 55
2734 1620
1855 1772
546 216
1703 761
2102 82
200 632
2481 1570
124 300
809 77
395 276
1440 2217
809 203
809 2073
1078 1018
215 349
1932 2900
1679 454
1061 1425
1137 1082
1974 1907
2647 1946
967 2465
712 2492
1098 2842
2080 268
727 589
861 692
2371 2267
950 454
1927 2444
809 2363
240 1775
2764 1436
1870 703
485 2095
2268 1750
1138 971
465 368
1872 221
2378 2600
663 730
182 497
330 741
986 1030
115 2870
490 2337
834 2722
809 1575
2354 1400
1572 2651
2739 2869
1182 50
2095 2691
94 826
504 2518
2240 1685
2455 699
2076 489
2690 121
1974 1647
499 752
1420 2520
945 2619
2087 1855
774 651
1707 2206
2751 2642
213 966
93 2277
374 2399
2782 454
1185 1477
1608 1094
2817 335
1638 929
556 716
304 187
606 642
1433 518
1512 2192
2054 458
927 2742
702 1387
2051 2386
2630 550
80 1632
1205 2512
2236 1234
1091 1079
1736 1700
2543 76
1528 309
951 1475
2508 1568
1458 2177
1590 2514
123 10
1335 2071
2688 2650
1728 2795
1262 1737
2686 2119
2682 974
1631 2751
410 167
1215 316
607 1276
1602 1308
2617 918
1641 1463
2822 533
678 2034
341 2213
274 1916
2116 1218
81 615
529 87
1684 1693
1999 126
2321 1291
1957 1377
1109 1019
1331 2024
122 1633
2038 1109
1827 1504
809 1905
1408 614
719 940
1741 2132
809 1649
1444 126
573 308
522 26
2117 1002
1090 967
200 722
870 1171
705 2476
1374 1789
2766 2812
487 1134
1403 827
2637 1338
1242 1306
1005 1778
1415 1554
520 898
2072 1371
1156 122
722 339
33 2628
2305 2205
1152 486
435 1995
468 2049
67 868
1903 987
874 2613
1036 952
2009 954
164 1340
2570 2053
1615 432
2793 2165
2742 2413
809 2451
91 613
2035 371
531 543
2057 16
1168 454
1000 2778
2582 519
713 2160
332 307
1799 1102
2835 2821
1472 1397
2759 2435
2469 1293
1453 1349
120 714
644 2052
2078 2712
1565 2013
1961 1403
1545 1323
928 2430
2357 2131
1276 291
1013 2181
1340 2446
2203 2401
1375 2646
1185 1458
1011 2811
1810 1340
1274 223
2779 1952
246 140
360 393
957 2050
1813 1151
858 2332
2026 440
1529 2817
2436 1534
580 1255
925 454
510 1271
1557 2545
2723 613
2330 2203
793 1116
477 272
1682 1721
2337 2865
2001 4
976 454
862 454
495 1037
2866 147
2437 2218
2899 1913
1970 2730
482 174
575 1849
1788 2746
381 2523
1667 1965
692 2150
2079 1571
1214 561
851 2123
378 1305
809 1083
2511 882
1323 1832
809 2805
2159 2879
674 756
2567 378
928 662
570 2185
936 2754
306 1573
907 679
2628 2845
201 516
2089 1862
1712 2692
884 2736
1733 2444
2556 2327
2435 702
1405 2657
2419 621
862 454
809 2698
2648 2088
57 2872
485 2351
1976 763
2754 2473
1091 1300
1029 682
1223 238
1654 1574
127 135
656 2156
855 396
1246 2570
2750 2850
1976 496
2421 1823
1152 797
160 2409
2694 2312
1257 1757
2895 1825
708 2313
2349 2179
1432 1424
2206 1699
31 625
2224 2388
845 851
1883 2792
898 1961
1588 219
1286 2320
2053 103
2698 1541
777 2569
377 388
2764 2479
2463 1441
2028 1180
983 1530
85 2489
2711 2590
2704 1924
401 1054
503 337
106 674
1484 1378
2539 2046
19 246
407 2413
1516 2740
417 612
2843 1324
2476 847
711 445
134 984
815 1637
1951 236
1386 401
2732 63
477 215
47 1069
2755 2199
2813 2347
1569 850
525 2017
1851 813
162 2835
553 2229
1857 2638
2814 2633
517 1784
164 207
623 2423
1347 20
1748 2838
1960 2442
1307 1975
622 2690
1904 2534
485 2213
175 2042
661 2297
2153 2212
2258 454
2367 2686
802 2581
1776 2830
507 250
119 2070
2461 454
1093 1532
2772 397
1374 504
1357 1389
1875 735
2578 2565
2424 32
2728 1899
2193 2364
301 282
2603 503
1693 123
950 454
2834 469
877 2891
809 110
2583 863
183 2187
1218 725
396 2450
1556 1762
390 1085
1012 1217
1479 2503
2280 2520
2414 559
1589 2296
1537 139
410 321
647 2129
2467 1975
1306 1584
2801 1896
2441 1439
2136 2896
434 2604
1519 1646
1162 616
294 897
1282 1803
1521 1035
2276 2844
1459 1551
2263 279
2869 808
1529 393
809 1047
973 2329
2664 1948
1298 1043
1068 2744
883 1846
732 2757
322 2207
2843 2901
1240 27
809 275
133 440
2613 2372
2769 612
810 1860
1913 2873
166 1263
949 587
1354 292
1688 2833
2417 1648
2671 1891
2243 2719
1675 92
1971 2695
1148 974
547 92
16 1802
2544 2139
865 2080
2282 713
2342 611
856 816
1659 2365
985 1958
809 151
790 1264
2715 2194
1581 413
235 822
1814 1118
2152 454
770 2090
2804 2580
418 1395
1417 2208
1391 893
625 2075
1913 972
1062 1352
2477 1157
224 2895
2272 1804
2355 1316
2162 2455
2543 2814
1838 1308
1856 1890
958 454
2757 1651
536 1777
809 1609
2721 2901
1864 2023
797 1269
2468 2155
809 2272
379 2546
2392 506
1954 2102
46 627
2293 118
919 297
94 2615
1755 2789
1799 630
2145 2457
2079 1597
1624 567
437 2103
2050 1379
1277 2721
1845 1035
1875 333
1160 1425
1964 1282
2430 125
2490 2126
1786 2354
1357 2683
42 1549
1781 1379
2498 2316
2749 1121
1233 1059
1421 9
1780 1614
2429 875
991 2264
817 2686
2075 617
1179 1893
2145 58
2466 476
1123 1764
2303 715
350 480
2443 2861
2177 2604
1198 2826
809 773
1841 1334
2143 889
1329 981
809 1688
1511 2136
470 85
1950 2341
809 745
908 511
638 2326
1140 286
848 232
285 2334
2411 1529
1746 674
828 1641
66 289
1911 2893
2489 2877
677 25
2632 1370
728 2536
1381 2460
809 148
614 242
1144 2231
993 1289
2631 2197
272 422
877 2760
681 1127
512 852
523 2623
417 1671
2697 2528
1193 735
12 801
337 1248
1828 2257
561 765
2589 2815
2296 2902
2605 627
340 1827
2513 396
641 2818
1976 1112
2215 454
1255 1963
2480 1507
1641 2732
589 843
1162 1184
2469 2637
809 2729
1990 1017
980 2707
2086 536
534 755
995 928
223 1010
2753 2115
2846 280
1593 252
2069 1455
809 1848
1285 1617
843 1534
397 1512
2265 1045
309 2298
1491 858
1514 130
2536 2801
174 454
1078 420
911 2434
564 947
457 1194
671 2282
734 500
1677 1415
753 454
809 1996
2881 1885
303 2342
519 1396
1568 2342
1078 1239
1521 791
2347 2784
442 2693
371 258
809 1979
809 77
2591 233
1860 190
1879 2066
126 454
2751 1048
2791 1624
769 316
256 1598
1985 1230
2309 1748
2072 1802
2448 1383
620 352
1800 1612
809 466
1610 1040
462 1443
1931 2702
1403 1389
1991 1837
1644 720
94 2333
2894 1890
2828 93
1879 2175
107 2524
960 454
1917 1216
89 378
1547 387
2426 1868
502 2771
1842 2682
809 192
884 376
1512 1727
2685 2880
178 637
2758 437
216 454
1062 129
17 1132
951 595
1740 1508
619 2420
1525 2523
1149 1374
2628 790
110 502
101 1601
809 405
2139 2150
2303 1116
1273 96
1013 1231
1510 685
670 1925
2678 2529
1585 454
2040 2882
1628 950
2015 1400
2656 454
1999 305
577 1243
2175 1249
2641 454
645 1280
2084 1454
1643 1561
2726 830
786 1300
232 2843
809 148
131 1438
226 2833
594 1721
2036 2041
2884 2236
334 1354
1903 1911
1306 5
660 1986
1190 1491
2407 290
30 2642
138 150
2229 1628
414 216
1385 222
2659 454
1242 1672
479 1483
33 1677
1792 2613
481 2716
706 2419
1867 1657
207 423
2196 2582
737 1343
1541 1179
809 495
809 558
111 922
1770 2205
1159 2727
2110 1466
2776 227
1264 2447
299 529
2693 46
551 1087
2820 2475
2584 330
2889 1036
814 622
129 540
357 1878
1709 968
179 2080
802 1570
1327 1104
833 2389
1998 2230
199 1583
1461 2648
1571 323
2536 2391
2845 161
478 2329
1899 289
67 1000
2308 2335
1328 2639
1650 2345
2336 1906
1560 2785
2661 2643
1526 1385
2565 1793
2411 722
734 1666
1793 670
809 2239
2090 2041
975 609
332 1084
706 904
2710 2780
237 1359
2169 2255
2047 1608
1977 1738
919 1505
2058 923
2637 2128
475 548
986 39
57 1000
2649 1906
490 2510
927 407
1114 454
2500 874
2537 2182
2686 2101
1404 744
1034 1714
864 511
906 417
191 883
2855 1932
1416 2260
902 1201
1739 931
8 1928
1092 2310
438 2493
1308 482
554 370
1068 1742
348 2438
1561 1853
2523 1220
809 941
2770 1653
59 1185
2646 2425
2438 1032
1002 2543
2242 1102
1325 2071
809 2180
1072 2840
1695 1159
801 635
246 1351
1437 1386
1046 801
1611 2384
889 2409
2121 984
2456 1245
69 2044
2648 592
1432 2549
1719 2708
2386 2018
823 1302
2679 1742
38 2302
486 340
1398 421
891 1543
760 2317
338 518
2132 2639
2589 724
2496 550
1408 2848
2432 1764
2450 2256
1300 584
428 2270
584 1026
2202 1507
568 1152
2323 1472
2009 212
1960 1700
1952 1555
2549 569
2516 2681
1005 1547
1966 64
861 746
2835 2687
2100 2241
276 277
161 2447
2624 250
2284 1365
808 2357
1735 1965
574 2634
1056 337
31 1481
2263 52
1758 2790
1783 1720
1520 235
801 2718
651 1719
372 1095
258 2283
2682 1607
1871 454
2685 274
893 1798
778 2338
457 2039
257 2253
1672 162
1128 2213
1989 2635
761 1709
103 1511
935 463
625 1956
2032 1927
103 1001
1367 2166
1674 75
1363 1721
284 2852
2007 2646
642 2058
2234 1346
1801 1350
1977 2224
1393 1537
1398 1248
2586 733
656 57
2324 2517
2064 2491
809 226
2213 2424
1614 533
1287 454
2092 1408
450 1339
237 1390
148 1334
927 2204
1420 1183
2499 1472
1782 260
1101 2884
1586 1233
277 282
2289 2334
407 1509
654 1186
1333 461
956 2480
2658 1845
1956 528
793 241
1896 2348
2553 2734
1987 2552
2360 937
468 1221
1082 2098
209 1792
897 1230
490 3
1341 1889
2030 19
2651 454
1784 388
1032 225
2508 1775
505 693
2148 457
2343 1281
1865 1826
2216 1309
1474 1633
861 1634
925 454
2325 1376
1276 1930
280 1952
88 1387
2398 812
1858 721
433 2728
1573 406
1590 1946
738 2184
2426 1003
1567 1460
2464 343
506 2775
2190 2117
1440 859
942 2815
1003 454
389 534
1365 463
1334 2472
145 1012
1562 95
1020 986
1469 1453
2339 1591
2222 605
1427 2709
2096 2153
821 2078
1058 1703
676 2757
541 1214
1077 2877
704 307
2785 155
444 1945
205 1371
1654 1969
1844 1411
1162 1990
1417 2247
1059 1921
1884 865
335 975
2109 1482
2150 237
1507 2256
2640 1297
93 989
1362 1982
760 1231
1191 1522
209 2788
2364 1426
2514 1052
1660 839
2246 2641
272 1729
1920 1327
2111 314
2503 1678
2067 11
269 814
2649 608
934 1981
809 1552
502 598
1496 313
2008 454
609 2286
1850 2544
1499 106
1280 761
868 1345
1957 2534
2557 2517
2531 2834
1284 930
2520 2866
518 912
1113 1413
380 2762
1214 457
21 1033
1596 1415
2875 163
1982 1660
1569 308
844 1239
1196 75
1260 1995
2454 1713
1370 2614
2621 1559
2553 1425
2697 659
2316 510
1262 2103
2344 95
1855 1724
2164 454
408 256
555 1429
2136 2532
989 831
720 2685
2053 2058
319 2224
1712 2845
1516 1009
2291 1771
1145 169
2729 1056
2008 454
611 2390
137 1514
774 2863
2452 23
518 289
2406 1768
525 1556
247 387
2848 848
1283 2127
568 2897
82 978
2474 754
2627 802
2623 494
2419 1656
1115 1394
1126 1337
97 1787
1489 2444
106 2568
2492 2083
1350 1865
288 698
413 1816
1485 2730
1460 499
1835 74
1463 18
1422 1166
1117 923
1395 1654
2285 368
203 1037
189 2392
809 1824
1233 1855
1085 1215
988 264
1344 1027
1711 1550
1420 69
2337 2248
1037 2749
1764 727
446 711
1456 1669
2663 500
2359 886
2252 1179
2381 836
1465 2521
228 1960
664 2243
2242 2268
24 2076
673 1459
705 1394
360 1259
2691 1751
633 911
1843 2007
1079 496
954 4
95 585
1741 510
809 1794
2232 2792
1694 899
2539 2832
1546 2744
1982 840
1715 454
186 702
543 1665
1313 2289
1519 1068
2823 2362
833 1676
287 728
1588 437
1526 1792
2857 1997
2256 2324
1377 2426
809 1782
2147 1331
580 2626
2615 1579
920 266
1504 1002
1636 2522
1797 1565
649 2352
68 161
37 948
2211 2494
2853 830
1980 2518
2434 383
1054 2206
1645 36
1055 1283
1349 473
121 1976
2306 564
763 800
2511 2550
2219 56
1506 888
1116 694
812 2676
2875 902
2379 698
1530 454
2528 373
2073 2725
1815 704
1940 559
751 90
1426 1156
448 629
183 2653
2887 270
567 977
895 1960
809 1848
1140 2418
1363 1564
1811 2202
1957 28
102 2255
2876 1531
1978 489
531 84
819 1165
1946 1489
2723 172
1922 2038
1066 2115
2766 144
1153 2039
2867 328
386 330
1918 1736
1652 1384
1575 1698
301 1015
455 329
2413 1283
199 2511
809 1782
2283 699
1889 484
2488 2869
2746 215
471 309
2320 73
809 631
616 1135
913 2161
44 568
614 2135
2179 744
1501 2837
1840 409
1730 1326
1555 1617
812 1526
2879 1625
234 869
2677 2591
2228 728
809 1490
547 1416
2144 1586
809 631
1502 1009
1540 2855
1955 610
2420 1273
1358 1531
686 454
1666 2458
1491 1934
802 1950
2813 1704
1675 2662
178 2567
2108 1646
30 295
2104 93
597 590
809 1083
152 535
1959 1707
2066 1741
2669 2590
444 820
2529 1955
2861 708
1191 2514
1787 1821
445 531
787 2153
2577 1634
2026 2094
1758 25
1201 2026
1654 1442
1723 2046
1863 2527
1809 2796
2647 2032
1060 2645
933 1683
1848 879
701 2322
2097 578
809 1480
2898 1315
639 2876
1464 195
48 1304
946 1073
990 1345
879 1762
1303 891
1988 191
770 1639
831 345
2665 1066
391 68
1724 326
588 2838
29 706
2726 48
73 2435
1398 2126
1270 1168
412 1252
1051 2006
1603 1139
204 371
1081 1821
448 778
2740 137
2093 2377
809 2062
2353 712
1460 2471
293 1414
256 1143
640 1338
163 2386
2634 234
1744 2228
2639 240
2010 575
1345 810
630 1968
2156 2235
1580 2611
2184 454
111 1459
2594 2068
2222 2189
56 2366
127 1252
544 2674
191 2722
2290 1675
858 1210
2709 431
2070 415
1662 2672
809 1987
25 2610
1876 1851
2361 2437
1965 431
2254 954
2357 2535
476 2486
2862 949
2415 454
275 2057
1376 2348
348 1901
2702 67
1270 1648
1916 881
1131 1244
2520 1172
979 2841
548 1240
2194 1577
809 1929
809 1650
279 2339
2710 411
176 357
2896 1110
1432 1405
1934 1853
2593 1589
41 1212
86 2269
185 2758
2680 2425
550 2456
1295 2747
1215 2130
1348 454
1385 583
428 408
809 558
1521 1171
996 2001
1699 454
1531 824
2005 1488
2774 2205
2570 1242
173 277
1543 1180
809 1120
1351 454
248 2446
1551 2650
1410 1835
145 777
1007 1872
1301 1836
135 5
1349 767
1070 2878
2633 2743
2338 1734
2001 768
2013 1225
2084 150
1027 21
1579 874
548 2249
743 985
312 2562
824 2000
1622 1607
2495 573
1023 436
809 2717
2309 2296
1210 82
1643 2546
2721 1087
500 2820
2247 2460
1681 2473
2642 794
2802 1784
193 2086
686 454
947 1951
775 1302
1597 323
1416 1858
2625 449
1822 2634
1228 2308
652 454
198 1000
1506 2042
1689 1234
874 2147
542 2637
423 856
1108 2887
2403 2360
154 506
1902 1049
971 2860
250 2488
2863 895
955 2065
2631 20
249 1563
2348 1141
1305 546
764 1971
655 2358
2363 1434
1503 1398
1691 2140
1321 1314
190 2902
846 1305
1743 1395
1178 2889
2501 933
573 850
514 213
1543 993
359 2849
1815 1751
1107 109
643 2622
2666 958
168 1822
2561 345
2286 1877
2741 1945
492 2552
426 1449
1948 454
1307 2319
1915 1913
1655 600
1985 2513
2166 2606
1882 2886
68 2227
842 1265
392 35
355 2274
2542 888
943 2185
1646 741
733 2053
2714 915
2075 1951
1950 901
416 153
1174 624
787 1399
550 1181
1040 1719
1802 2607
2687 2305
1895 664
696 61
2550 2759
1200 683
822 2868
314 1438
2171 772
1494 1596
1792 653
1873 654
2871 1354
1620 2620
2266 133
2505 669
624 675
2885 696
1414 274
1515 641
2517 1042
328 1194
289 1900
398 167
2717 2833
1405 569
1902 96
870 436
1554 2398
959 870
649 2056
879 720
312 748
1966 1783
388 2557
1264 1847
250 1636
2085 381
1166 793
733 2675
412 135
2800 1421
1214 2387
2328 1057
2672 1592
1971 1032
2324 300
1189 1936
931 1225
1717 1162
2548 327
450 937
511 1391
1454 14
339 1731
657 2103
2081 890
1357 827
119 1909
2441 1074
798 1272
780 2186
1802 2076
2532 1467
1324 143
1582 662
809 1805
1959 2707
1423 2407
1366 1986
1095 31
1674 423
54 708
906 2220
2466 803
1928 444
385 9
2334 52
683 528
1366 2031
540 2321
1700 1146
2529 1109
2191 2221
2183 2505
1629 1196
1651 1691
493 1266
2010 1698
1338 101
627 27
1806 2739
338 298
809 2047
2842 1664
293 2827
809 1312
2464 2393
2311 1793
2554 63
1737 43
1308 2629
809 1552
590 454
323 1629
2791 884
129 681
2707 392
233 160
1610 1009
1797 972
2370 208
2428 384
1960 1881
1568 552
1613 1714
566 2783
2046 93
107 171
783 188
383 2784
79 22
2403 671
1160 848
153 2724
65 1315
831 2193
1004 1882
2061 34
231 2204
1222 1234
1224 1786
2726 1100
1621 2287
634 2801
324 2793
1273 1383
2022 939
221 454
1018 8
497 362
2254 212
2737 544
397 712
896 1347
2091 1908
2887 2770
2217 1486
114 61
1086 714
2838 649
22 1427
2629 1348
914 2663
765 743
1829 1275
2339 1612
1259 2198
268 1842
2596 236
1932 2035
2281 2280
808 1057
809 483
1954 1918
1686 564
1648 454
1146 302
1822 1413
474 2176
823 186
2572 638
111 1123
2269 831
1649 1692
1711 2463
553 211
2654 2635
1358 224
1592 445
1764 1113
1347 1178
13 2660
2882 2238
355 2649
1083 2211
1541 16
551 2336
1955 922
1531 1464
2408 213
2346 1791
1053 1200
2106 1949
876 857
1519 1546
1104 2031
2790 2303
1734 981
1023 791
2469 640
323 152
523 2725
2622 753
2433 2466
1623 189
2061 2754
1830 1468
894 1722
2123 1429
2101 2631
2740 842
2616 590
1678 657
2654 2240
64 763
655 1240
1215 367
1936 2005
1730 1549
2675 605
2804 766
210 915
1438 2867
1147 1600
2762 1440
1673 2381
1087 70
266 238
2866 2351
1623 2881
2849 1407
1945 2530
1745 2188
1342 1111
1468 2791
2194 2233
1467 2860
821 1833
2130 354
1639 962
721 2863
2445 2582
836 402
2773 2747
1429 2009
1625 2016
2351 1984
872 1306
838 2017
2475 2385
809 273
1114 454
1599 1374
2826 1136
2569 2089
1549 2668
2406 1310
2213 2691
2038 1632
1328 310
1656 1071
2598 1532
2694 1916
1094 1893
767 1602
204 102
1685 840
1321 784
1805 1942
1194 12
2161 2291
148 380
2893 1887
2081 648
222 1474
18 1124
1238 1325
834 883
1774 779
2437 2775
755 1582
2598 2668
2780 454
2241 1374
2315 951
1759 1348
1886 1024
809 688
741 420
1257 1702
2566 1879
222 2372
1394 2098
1403 51
888 235
2011 829
1021 454
175 1520
1692 2822
549 1311
1070 2657
1477 2468
2400 557
1373 947
2616 2892
2785 653
1110 1011
2614 855
85 2170
2405 755
739 2055
2535 1188
19 1670
2437 2829
1702 1298
1012 522
2350 1903
1746 1743
736 1297
698 2485
1785 1817
1239 1462
141 2582
561 661
2835 1138
1884 24
1177 942
592 550
37 1944
2067 15
809 580
1234 932
2245 1615
1987 742
2269 1767
1998 1974
809 773
809 1841
197 2504
1810 599
1431 2484
385 2817
2043 49
317 2459
1613 114
1316 1830
1013 560
2809 312
1497 1563
2901 1790
1313 2021
2195 2639
1387 1002
2304 1452
21 478
283 2138
130 2859
424 2196
112 1146
2084 1430
739 1514
2163 1497
2040 1202
1721 695
7 427
1404 474
2375 2123
1556 720
2775 459
2322 2747
782 610
1467 1728
2120 1080
1901 2800
443 2830
596 541
1659 2431
1337 2261
1250 2078
437 1680
472 1153
558 575
677 2826
2180 1070
1513 62
1624 555
1958 1366
2132 116
809 688
1362 1685
1333 2032
1271 457
1007 2417
1249 2195
1754 1249
864 1769
1723 2828
915 247
1868 454
1557 684
2286 2071
1125 1085
809 181
2080 1384
1936 2117
2670 504
2578 2311
374 1130
1808 1184
1863 1812
2894 2709
1635 1778
2299 2868
1520 2235
2871 1150
2325 1896
476 1669
1145 1664
2088 2264
597 1715
165 270
690 629
1396 2069
1691 596
943 2873
2431 2643
624 816
996 2367
2503 788
1643 347
2587 458
2521 2654
1481 1956
266 2267
355 2336
2074 1150
1417 1381
768 896
2563 546
2308 2069
2092 1401
180 2756
2282 2457
1665 2316
238 2181
1421 2225
809 2805
275 1608
598 2731
809 254
2158 1648
1808 1073
2552 175
825 454
809 2077
2530 1866
1026 2257
1207 1114
1845 1171
267 295
1281 198
193 2154
1119 1637
26 1279
1721 1681
515 2151
809 1875
856 1461
1804 682
2535 960
2247 244
934 1258
2796 2198
1353 1949
626 2820
683 1951
1064 1388
2028 2645
507 477
1028 613
1350 165
543 2498
1389 430
800 926
2369 1084
83 2519
936 1681
1208 2791
2320 2759
956 2202
2446 2705
417 2020
1286 882
56 2420
1493 808
62 1209
1547 2621
633 695
1052 91
2368 10
1920 105
1325 1004
1714 487
1006 1450
2360 1548
1101 2003
353 1628
825 454
1523 454
2323 2876
278 336
1604 1197
1826 751
423 993
129 2099
2124 1769
916 1735
116 240
2778 1309
1095 2245
2161 1063
1344 2468
280 932
1029 2701
2722 2586
1406 2819
2666 1076
866 555
800 1114
1235 665
813 943
1823 1614
2700 982
2647 1175
2094 1856
1669 176
1367 1476
2699 2311
1692 398
1779 2145
2099 2321
2446 2259
1837 548
2599 1887
1634 726
2328 799
2064 802
2811 2026
1339 195
1452 2061
2330 813
2296 471
1040 895
1592 889
1497 2220
1236 1832
2486 2526
2650 589
2430 1968
798 2690
478 1603
218 2898
2479 1023
1522 1204
896 2055
735 410
2518 281
1269 88
2635 2567
1192 1814
2442 1131
388 2427
779 911
2034 1548
1983 2051
809 1318
2366 1902
523 1696
1320 2542
2399 2124
2862 754
1973 1684
2478 2592
2690 786
2319 1128
1121 1313
2525 241
809 2714
414 700
1487 2274
1920 2390
2655 40
562 877
38 123
633 34
953 2465
2273 2885
2537 717
1925 454
2353 136
910 1522
1873 2594
1119 2090
809 1609
2290 1274
590 454
147 1811
1379 2400
978 2203
2824 1708
1840 2531
660 2407
2271 1911
2 1561
1412 1806
1764 641
2044 147
254 737
23 2124
2237 2514
2554 442
809 1047
2758 657
387 2377
2568 1375
1415 1336
571 1924
917 2291
521 2723
1855 294
334 1331
1103 679
1100 1304
2463 862
967 1600
2720 1290
809 2440
2517 1437
2180 2549
2114 1133
2605 1240
2427 806
2812 858
2380 454
2045 1253
1157 2744
483 1619
2597 786
1645 1806
1099 2554
2643 1111
2126 2858
880 997
817 703
1861 1829
970 1461
1513 2704
1446 564
1660 1820
320 694
1438 1213
1125 1142
1089 185
1281 67
2431 815
809 623
183 1709
1249 1328
1044 272
1389 1353
1938 454
15 2330
1849 701
629 1139
875 1788
1785 1448
58 2794
41 543
122 292
1077 1148
2476 1258
1747 1159
1716 223
1302 1364
1616 2810
963 1641
1739 2699
2538 817
1710 641
2024 1828
2659 454
2787 1937
2157 2561
2626 1218
587 1065
16 1893
2738 1351
809 1988
1587 2240
1177 2011
1508 2673
1895 1144
1024 2300
924 1315
710 454
1446 2113
1429 2254
809 2603
1782 742
593 441
2017 2751
1636 2869
1982 378
424 2445
544 55
827 2106
2275 449
575 2014
375 2168
1661 2309
1283 894
405 1619
2655 609
2503 2758
1762 2685
1126 1621
1449 819
637 846
73 1316
545 777
123 1227
2779 2346
2144 1817
851 2209
725 470
1847 2716
1528 364
1489 91
439 2702
2464 994
1775 2342
1213 1412
128 2155
760 560
1461 890
82 2330
568 2550
500 2195
2765 205
2756 1163
680 726
2201 2269
1879 1691
2188 454
1931 1908
2774 72
1087 1790
1064 1958
1460 1814
2429 998
1911 2599
1289 2104
582 704
1075 563
930 1292
1198 25
2646 2573
59 2151
1030 514
466 2345
1627 454
1219 2735
629 220
1132 2325
1741 541
2055 20
300 1013
2825 2809
1486 170
2212 2849
1037 2878
851 76
1146 621
1625 117
1206 1831
1629 1674
269 2619
641 1606
1889 1446
819 316
1311 1090
1559 127
1171 958
1862 650
1517 395
2109 1324
2414 2380
1350 2537
1886 2364
2197 2270
809 688
1313 285
90 454
1455 1298
1402 2036
539 1156
1804 418
288 1533
775 186
343 2461
566 1855
2619 1536
1478 350
1981 2684
2293 1102
1071 435
822 2823
2515 2843
2223 1573
1700 2419
2510 2248
2810 2289
809 2454
385 339
1208 1251
809 2010
650 605
87 1904
1680 2640
2624 2763
1510 1862
612 588
390 2771
1028 2748
1342 1637
809 2421
841 458
2108 1546
2151 1237
90 454
1045 1555
2318 917
2061 1681
62 394
166 2677
2297 1064
2171 1322
349 691
450 2282
1810 248
2244 418
445 41
1952 1285
807 1971
1655 219
66 1089
2515 2109
2850 1651
1701 2526
2850 1212
648 2630
1412 2763
809 545
1707 597
2178 481
406 2502
268 1537
497 2000
1791 1298
2886 224
1135 1476
298 1852
709 357
977 2009
1397 2895
1042 2317
1743 756
2400 2188
809 1499
1009 1626
1805 2611
1642 2178
1574 673
2438 2800
1664 1711
1911 2767
809 2579
763 1207
1155 62
1304 1491
1073 1135
1352 443
1054 597
809 145
833 1313
108 784
1794 915
2395 935
2861 636
296 2662
809 192
2232 576
2499 2403
2806 577
1745 35
1609 260
2648 2496
979 2134
583 553
809 2698
2127 2798
2273 1998
704 2804
2445 1914
1507 2803
2859 256
809 148
217 723
2029 217
1150 2545
198 990
2586 2570
2480 1533
1751 784
646 104
365 1352
900 1620
2619 2364
2338 2128
1221 1198
1451 1039
761 2110
1169 1275
839 2246
1631 30
125 1341
850 454
2174 2443
743 1064
1220 2143
2863 2667
2066 2316
2832 2201
45 1178
52 264
966 712
2341 1943
1548 2703
2358 27
827 498
391 2433
1538 2445
2029 2012
1098 2465
1595 739
1995 1163
1733 1028
18 493
158 697
361 2207
2745 1170
525 2370
1789 1844
10 531
1742 2200
1266 2493
1252 5
1728 1106
757 1672
2815 2144
1637 520
965 454
796 658
669 2892
907 146
806 1437
1536 2597
1173 1542
467 2006
2459 759
1893 2076
2600 908
2721 1187
2449 2824
552 2360
623 1125
2580 1229
1796 818
1402 2090
141 322
720 2827
118 1750
318 825
1556 208
2569 1846
1550 1441
1229 322
1653 90
1861 1169
1267 1343
1171 1021
2759 1302
39 538
14 615
2020 1748
1850 1368
2101 1347
1889 2306
805 2230
1480 2345
2594 1186
386 506
2583 1816
742 1506
1698 1849
1454 81
429 1072
809 838
1079 490
62 1367
2083 497
2567 2030
2409 1212
808 799
1709 1605
848 2515
1265 2638
614 848
276 294
345 1024
2340 32
229 881
738 2258
1260 1957
2292 824
1715 454
1353 2652
1929 1492
1916 185
586 2019
2696 2415
1118 2367
1999 2164
809 579
2067 1224
1099 762
113 2769
70 594
1994 448
231 52
1004 2609
807 770
351 1411
821 1864
163 2855
309 666
1167 1271
1105 313
795 1345
2491 1570
1572 526
989 945
669 1188
1046 785
2298 687
1354 2024
1771 2550
2031 2851
572 1069
258 391
398 995
2076 2428
2684 1161
2374 454
2255 2219
55 507
101 886
2547 1808
2095 2340
1273 157
2152 454
1382 132
484 2314
1244 529
2271 987
1942 2405
235 1583
1539 496
1526 2785
618 635
299 49
700 454
757 1117
1517 566
2039 1046
1713 598
1133 1454
2117 1488
96 705
1244 1834
2205 501
2294 517
1433 1899
1477 434
2664 90
2291 2511
576 296
365 1939
427 454
1921 2720
1795 788
2451 439
261 918
2 1934
1658 360
2213 2340
809 1988
212 1880
2588 2249
331 1902
2025 47
493 438
673 922
2243 40
877 1901
282 2294
378 2563
809 1905
1017 85
2494 295
963 1678
1238 1335
253 537
1763 179
1622 1519
2039 1752
1563 2349
628 2680
308 454
357 1258
1986 290
592 311
772 2111
2361 2560
1049 176
515 315
637 2030
192 2017
44 2399
2193 1024
2713 1027
2744 2200
1189 2190
2749 833
1324 351
2533 634
2700 1292
1543 970
2430 581
809 2854
2516 543
1310 454
1813 939
809 2010
2180 1405
2196 322
832 2416
809 184
2891 2411
1794 2665
884 567
1833 2834
2155 690
1141 615
1746 2568
2615 2500
562 595
1894 1978
2574 2656
999 2554
2031 290
211 2402
2157 945
1446 1373
2128 1983
1248 1559
792 1380
1470 1378
2451 1931
300 1042
973 2100
1964 1813
1247 2506
1278 1391
1857 1881
1483 1976
1184 1135
2245 1356
1816 2403
2355 1813
1330 2678
1123 168
1425 1277
3 1114
1120 1012
1029 2787
2118 2332
1968 1755
2664 2033
958 454
2832 1726
1921 2614
1150 584
167 928
2054 1138
945 1886
2377 2021
712 2886
1011 1863
1031 1245
750 2882
2857 1687
1564 695
771 953
326 1558
2534 2856
1165 429
1892 2554
1909 1453
1471 2142
1900 1641
1386 691
1562 1664
693 1793
130 2121
2188 454
1899 1479
1041 248
2429 2844
1617 2659
2582 1593
1038 966
2415 454
929 513
403 2676
1038 1004
2250 454
358 2627
776 1749
297 1333
1334 1179
898 1829
809 1663
1054 2616
2695 1421
2003 1222
2888 2678
487 297
546 140
2383 1773
1503 2490
538 213
2483 1389
1346 2653
809 1782
1371 2607
2368 2562
1004 639
2024 465
840 1820
1517 1888
2380 454
1337 557
1961 2483
311 1181
697 2683
154 2560
1518 667
2652 1917
2134 2616
1457 2105
1022 2675
2225 986
2278 1735
2778 1661
622 1272
244 738
2466 1456
26 1022
64 1720
657 2576
694 1098
653 1854
458 1081
1038 849
601 2326
1378 789
966 1882
1647 1643
2886 2083
1184 53
997 830
1279 2675
2432 1551
1693 711
2090 225
627 1352
2449 2225
776 1534
367 115
195 7
1646 1078
203 1070
2385 863
682 1937
1143 2711
2137 2443
613 2776
855 2802
2829 2373
2249 796
1722 1586
1902 157
336 212
2215 454
1740 1909
201 357
809 1663
656 1520
1191 672
2487 2391
156 260
2313 166
32 857
1720 1572
895 1857
958 454
2607 2428
901 1943
395 173
2690 1091
713 2406
369 1496
1409 1884
1034 1376
2698 1334
1624 2736
2008 454
463 1993
2104 1726
2677 2528
601 636
4 137
2670 1789
1847 2486
637 1276
2071 639
2414 1043
1490 1355
2542 2042
2557 806
1906 1041
1875 1692
953 1600
1766 380
801 1284
292 2285
2838 364
229 2553
2506 1891
1108 165
1775 743
1986 411
2402 187
2305 532
784 766
46 365
2065 2452
583 2887
422 1807
2821 1081
632 1020
1926 1107
809 1905
2021 449
1638 2247
565 1
1988 834
560 980
1163 2393
2126 142
1047 83
570 2234
1245 622
2678 1969
2734 867
1428 2432
2534 647
1056 1547
1227 531
340 2190
537 2806
2462 1478
2020 588
1803 42
1729 2183
552 611
1591 724
1832 1529
1825 2794
214 1958
1577 759
290 454
1908 67
685 1694
2547 946
2769 2020
1542 769
2068 854
121 1079
2391 1133
459 348
34 1361
2477 2313
2155 2060
844 1018
1371 586
1637 962
187 454
368 454
2472 1440
2798 1586
1151 230
2170 54
1387 2382
326 2513
758 1322
2777 1686
1056 1778
2483 2408
2058 1511
1626 1265
1022 650
1024 539
1057 871
1914 519
99 2038
1288 2278
2784 68
1053 1373
1448 566
2468 2786
25 549
306 835
1537 2682
427 454
2620 1187
1240 1268
2724 371
505 2653
1142 769
1806 1232
2181 992
1584 841
2838 2816
2473 1445
1172 2883
491 1077
1410 2496
2631 1465
489 170
2636 685
1345 417
1567 2643
1508 177
2410 1961
1217 2089
2372 202
1459 2688
15 1786
2074 1557
2263 988
362 1569
2756 2879
914 1754
2266 2026
1506 2161
2070 2857
1737 2274
799 2535
583 1854
110 390
1821 668
1738 2727
442 1597
2831 1224
1650 2547
1148 1607
695 2086
809 1618
1769 1189
1248 142
1452 599
643 392
1771 2320
247 2093
598 338
1980 1540
498 2353
1959 643
2030 1930
617 805
1134 1333
86 2277
903 671
445 2516
1427 1014
1379 1745
2725 494
1891 2392
841 1138
2201 1554
2731 518
1842 1148
809 2180
2525 715
893 2501
2716 2676
959 1521
2836 481
545 834
325 2876
1409 2072
1931 1281
2040 2807
1121 2810
2880 2312
2440 439
2109 1789
608 164
1509 2356
1331 292
1150 684
626 2458
2741 820
1478 1803
165 1826
1060 2473
1261 2357
2663 626
860 1892
2839 2344
661 1752
2371 1222
1935 1717
1271 1153
311 269
285 231
236 114
2299 1253
532 2194
2561 2193
989 2561
1907 1443
2296 350
270 751
359 1744
1697 2884
1694 2806
2589 829
1849 1237
1248 2858
205 179
2027 2628
2684 218
1599 2109
51 430
1695 2416
158 2627
1112 1207
2533 1132
431 332
2159 2464
933 576
1373 2478
2322 1401
2250 454
1232 1493
1244 1598
2349 2361
648 1105
809 1841
1133 150
2633 1418
421 2858
1324 1844
2771 1215
650 2189
2575 1254
729 2777
1421 1020
2680 2600
703 2627
2824 2082
1277 551
1025 1761
1226 757
1554 94
2883 1558
809 1875
1488 447
1527 1238
1310 454
2345 1162
1620 1737
46 1062
538 2772
1132 1034
2856 2129
860 999
1669 709
2675 2874
809 525
2184 454
370 529
2868 2362
2328 344
809 1935
1698 315
1627 454
1890 431
216 454
491 2170
330 329
2173 2246
1064 105
1428 1732
54 636
2617 2422
690 1603
604 1594
2659 454
271 2201
321 928
2897 775
2478 2596
809 1318
1400 2234
1836 1864
809 2363
809 1604
132 920
1128 2351
352 372
1714 366
578 1271
482 2797
1314 424
13 1291
1881 1131
1759 2797
252 2346
809 1794
1364 2210
1509 2687
1947 1735
603 2079
1630 839
1635 337
1020 1708
2730 894
1249 2132
1943 1362
608 1810
56 331
709 516
2004 2667
2629 526
53 1840
1480 2626
2400 2261
173 1006
21 973
409 601
809 1824
2563 414
946 1184
456 403
818 266
365 1196
2043 1143
2059 1800
1341 2212
1778 1248
1090 953
2673 1997
1580 389
541 2148
2062 503
505 2311
246 652
1567 1192
211 783
1441 454
294 1985
172 1431
2799 1181
1605 343
1724 1985
2164 454
1346 693
2854 389
997 1199
1110 1728
236 2230
509 130
631 1992
2164 454
2258 454
83 2768
2410 2082
1686 1200
140 454
22 1667
212 2740
252 1257
105 1104
206 2559
2248 454
717 924
70 1682
1130 864
809 745
462 144
2349 1885
2698 2252
291 2540
2063 475
2500 2788
443 13
135 407
2660 1839
1566 568
1321 2804
638 469
1628 1871
2209 356
2060 629
1447 2519
416 779
809 1499
244 907
1180 265
672 1052
2086 2027
830 2766
202 2402
2410 1169
6 253
2482 1969
942 829
1718 207
2017 208
2262 2275
676 2850
1917 2192
2413 2687
809 210
2360 2282
1475 2891
809 1618
2216 2593
738 146
1660 2563
2451 2343
1841 1541
2865 454
1987 1320
1801 1108
2595 332
809 579
472 328
76 2412
2844 1176
2795 1812
1158 469
2137 409
1887 906
489 1075
2113 2533
2830 1291
1221 677
245 1615
447 2814
2630 74
2775 1897
1535 2130
521 91
1323 1658
751 188
1216 346
990 113
1105 74
1306 162
267 2642
1779 1339
1672 1584
58 2696
581 1755
1115 1082
2579 59
1358 2292
2845 2836
980 2706
645 1703
680 1915
1500 817
1144 2243
1727 2292
762 18
1220 233
72 286
2769 1860
1870 158
678 2360
1227 2171
809 1501
1100 462
1871 454
918 1869
848 1277
116 561
1139 905
2675 103
1040 228
329 562
1419 1874
413 2499
1043 454
2077 2252
709 1801
158 1275
1039 2149
2492 182
2710 965
2011 832
2350 2271
2538 1870
1108 1865
1670 1868
494 1458
809 579
1097 1612
555 278
457 661
1081 72
2590 2534
1006 1015
2097 944
1765 590
2715 501
2798 317
126 454
2761 703
2833 1449
1183 1921
954 1595
1609 2284
522 2586
820 2530
2230 487
2189 2469
1415 2178
1148 2477
2545 1828
962 2410
157 1137
1568 678
2298 2661
1940 710
1525 2697
809 523
1906 1303
648 1835
1190 2812
1600 2618
1206 1170
1086 2004
615 672
483 2404
809 1432
1724 897
1996 1029
2356 894
671 1339
339 335
784 2580
1837 2605
1059 1370
1737 2649
616 1017
1713 433
688 2395
1611 99
194 2259
1860 1748
1829 1357
2841 669
1443 1561
459 595
2025 572
1139 1329
2240 1982
692 2899
1941 2636
2615 209
809 1987
717 2664
976 454
2706 1953
1617 2152
2670 1980
2046 1726
534 321
1956 2273
714 2667
2644 2487
126 454
1548 1423
2495 1569
2521 1587
668 2612
809 773
594 2061
459 877
2436 2290
2896 1467
99 80
1312 106
2270 984
1197 656
809 2073
2107 1161
1413 776
1295 1408
12 785
1690 2303
1787 2860
19 2738
526 454
1497 1623
1297 1718
1362 259
1718 891
1608 2072
1533 1122
1835 2799
931 2208
302 780
1630 2173
262 2553
357 1350
1423 2160
749 1360
427 454
2580 141
1203 2573
1312 217
2137 2170
1572 1348
1949 918
1027 1401
1441 454
1658 1529
888 199
815 1111
1255 1218
2768 6
59 315
809 405
20 2521
2076 2019
1509 2821
524 370
2796 2663
859 249
322 1593
909 463
2719 2286
169 1016
2304 1810
1152 775
1534 2853
809 558
2280 2319
644 2376
2642 263
1928 1832
2760 2800
1950 2889
1956 617
804 361
2661 1342
2519 2089
939 1468
809 623
1897 1154
60 981
212 4
410 995
1881 554
1944 2378
558 2211
480 1549
1121 1676
2119 2491
265 2828
1449 104
2794 850
2856 686
2792 296
1430 2396
1793 47
1456 1049
2335 1757
724 1785
1761 2242
530 1359
2043 178
1371 1652
2316 578
2377 2625
353 783
1285 1621
1391 1962
180 2159
2133 100
1471 2217
789 101
680 813
2652 1512
2032 1733
840 839
170 1891
2199 1101
2886 2292
2106 261
826 209
1696 2768
809 1480
1949 136
88 1504
139 1519
1065 2175
2391 138
2490 421
2527 1912
767 2618
2818 776
432 2273
1752 214
915 2753
352 1755
1187 453
2312 881
2056 1129
2021 231
1031 2070
1315 454
1906 1810
2146 2737
1585 454
2416 1448
2124 486
1657 2105
2167 1086
1807 2134
2827 707
1501 1409
536 2628
2524 1695
1304 1443
2422 952
1145 1838
1668 2102
1984 2379
667 1145
1468 2598
353 1653
1445 2832
2090 962
723 2888
2754 283
2227 1847
1888 173
1 1221
1945 1895
492 1320
2524 1977
471 42
1640 2844
1315 454
813 2401
1699 454
1184 1367
2681 2066
1570 2617
144 858
2011 724
809 2073
2050 1126
317 2233
263 262
2218 459
2265 2050
2878 1121
2853 1199
1476 2531
519 252
538 1038
350 1730
2893 795
1088 1074
2559 1053
984 178
823 2435
1696 327
395 748
809 1432
809 2047
2425 1874
2731 1899
132 1697
1476 2572
1067 1992
455 2218
2782 454
452 1926
237 1565
2540 1627
1573 1359
1649 1823
1251 1624
2790 2610
735 2822
2147 1474
938 2318
2183 2841
80 782
2580 804
1149 2670
2081 1410
1020 1544
1776 13
1944 374
2583 1568
628 2378
286 1420
1304 2
473 2618
2003 2236
1613 556
166 2697
2545 1026
2422 1216
2367 768
2334 988
388 124
1010 1086
114 487
2312 1061
2132 1214
2018 2035
2416 1517
2779 1045
1818 1991
2873 2699
1603 1599
2170 2861
2640 2251
1492 1155
2066 2140
134 1989
1483 1539
1772 326
827 1353
1719 1265
2165 1974
1258 2107
435 2756
2793 2726
1584 2835
347 1850
1907 2
557 454
2572 1299
2592 1613
2601 2538
100 574
855 2480
1594 1568
376 499
2399 2897
2134 1765
809 192
923 2587
853 279
1612 1695
2644 2536
373 732
232 2721
1441 454
98 1017
1662 1220
2870 1892
1819 1377
2405 321
2120 171
2885 48
1116 1518
2540 2129
2415 454
213 1004
2141 1566
2321 2660
2238 2512
533 2242
1878 165
176 2476
1798 933
985 1327
1349 1966
2331 2280
2115 2377
741 951
331 1456
1074 1898
49 2711
2897 823
1259 664
1243 1329
932 1555
239 83
1826 2664
1504 1488
1408 973
430 2353
659 233
1717 961
1775 2002
135 2742
2877 974
764 1901
1332 2163
1392 2733
461 2544
2202 698
682 1330
230 1326
2676 1859
920 1223
1495 700
610 149
2298 2431
2760 200
1072 1186
1308 1759
1423 2710
2857 1349
168 2650
809 523
2563 246
1962 2501
2865 454
789 1406
136 2492
1151 1468
119 1508
2867 1412
2814 1416
1774 153
2846 2779
2352 687
2468 21
1437 2317
2042 1063
2397 2595
2667 29
2365 770
1880 739
2739 618
2798 1817
1619 1435
2447 1701
392 753
2245 1481
1433 298
2209 2633
273 2548
2554 2079
2463 174
194 993
2685 2694
781 415
835 2839
623 1173
2830 2081
1968 729
2131 1188
47 221
1498 2641
2507 117
2095 1815
1612 1747
292 465
2893 2163
1353 261
517 2429
2453 1769
1164 1053
563 386
2315 562
2249 1268
1058 467
1559 412
230 2598
284 300
809 2854
811 2254
308 454
146 454
2781 764
1545 1928
510 2148
1338 1110
2817 1144
2239 1713
829 2144
2228 548
1921 2883
658 2585
9 986
1923 2584
2761 158
1857 2442
977 996
63 1597
2060 577
2879 343
591 454
1729 1261
1706 1086
1044 1317
2047 2765
514 1038
1777 2845
1048 263
2435 1830
792 2404
2393 2461
219 1737
49 607
894 532
745 2057
2713 2322
499 1118
2497 1046
2257 454
2460 738
285 2263
2005 2232
2049 2149
1204 2723
672 521
2765 1884
1743 1375
1087 453
1783 1112
1854 353
1534 1274
1066 833
95 878
1583 2823
1868 454
1299 2326
1364 419
2302 10
2374 454
1225 2025
689 585
2212 484
2363 59
2868 2355
451 1270
1539 1112
2891 200
2264 269
161 476
2211 267
1481 432
1390 2013
464 1861
2450 998
926 454
2454 1355
1234 2050
970 265
2036 2449
885 362
2122 1482
2458 1581
1158 2040
2883 1811
1312 1746
128 2604
1386 979
2313 1525
705 934
1207 1254
2347 391
1232 618
2505 1765
707 1479
479 1091
1294 2766
2881 2361
1511 2054
2725 2768
1211 218
1984 32
2784 2433
2192 1457
219 355
1462 1928
1993 23
878 1550
1583 882
1402 1032
118 2096
2578 693
2037 488
2614 1558
1157 166
1970 2356
2212 2306
487 379
1318 2091
1524 1444
1758 1690
2428 1075
1302 88
584 2337
2177 1994
221 454
2899 1797
1267 1435
1202 2238
2088 311
509 428
2270 2043
1755 1164
2369 307
1008 2257
2814 356
2153 359
247 2115
1169 1357
2339 2524
1831 1072
415 2690
2762 1471
665 365
1666 2820
1151 1730
112 904
374 23
152 1939
264 2589
2689 990
113 810
1401 973
2143 2750
1283 1770
2512 446
2843 1482
636 1967
2144 1448
2743 1516
2552 1506
1300 490
1939 540
732 587
1290 2379
379 347
452 179
2845 1264
1795 1588
401 1707
1729 1807
1532 1460
245 625
2874 1001
336 1516
2732 18
2294 1705
2501 2436
572 2168
144 2118
1518 2484
145 1447
80 1109
2738 1003
280 1045
455 2315
1544 1527
1670 652
1091 1539
1721 34
1084 1538
1948 454
2092 21
799 871
1448 2087
2141 44
2471 1500
1275 827
1618 2395
1144 2655
404 1508
809 2363
1522 1052
2409 1879
1880 137
2459 1059
777 883
1858 1610
347 159
1786 904
1595 2101
1237 1027
253 1694
1795 2758
456 826
2098 2684
462 1491
1237 2092
333 534
873 1837
501 1420
809 2579
2888 1654
2279 689
1852 2870
1594 863
138 1430
667 2842
2606 1158
2735 1379
579 2571
2818 843
1258 2537
2271 2253
1001 2587
981 163
1968 1341
549 1469
491 2489
1757 2414
2863 228
2884 1689
1885 2560
518 1852
214 1388
809 580
1690 549
298 912
2115 1313
698 1122
1318 439
2189 1484
2712 2339
993 265
617 2885
2056 1154
1391 2190
1750 1088
2068 1818
2093 2262
2062 1635
2901 351
1235 46
993 1461
2792 2814
809 1688
2287 454
2864 2458
700 454
809 1609
1863 1288
715 1518
479 121
1946 521
540 13
1414 66
1048 794
931 2565
2221 170
2470 1494
2740 1626
2434 536
685 2222
2108 402
1771 2897
1520 2872
1607 1157
488 732
2855 1553
1458 128
1022 642
251 413
2337 926
411 454
2241 2109
1651 1754
2551 2429
1450 1296
788 657
1155 2704
305 454
867 551
2233 759
1050 991
2808 1295
1992 1908
1499 1267
1927 2139
1722 317
1992 1911
1874 2432
127 1306
536 1712
2681 2498
1309 2309
1060 2705
1542 1372
2344 2439
863 678
1426 2871
1751 2755
1167 2148
1126 2400
1339 2457
2286 413
1544 1030
1975 341
1139 2670
809 2383
2836 2447
2678 1442
2717 426
914 734
2539 2104
1127 1451
577 2338
2188 454
1351 454
1486 2671
1731 2243
1750 1399
579 2395
2528 488
1972 164
1745 1360
464 1870
2763 1636
328 36
920 2852
605 2469
2750 2566
1989 342
599 2446
2673 479
2649 2304
1165 1873
1657 959
809 1575
218 65
1652 268
2139 2748
2210 845
1183 2044
242 867
1026 2248
2130 1873
2233 1059
554 299
211 1628
1994 2806
1343 382
2597 2871
2663 1249
2513 2802
1773 1763
1111 520
261 2422
1970 1283
1231 401
1407 2533
1742 1263
2591 373
2358 1268
5 2835
2167 2052
310 1594
1484 640
1882 1358
1688 2423
2229 2402
1614 512
809 1067
743 1920
1275 2683
261 1917
1466 318
1155 571
2279 95
2819 1863
2695 2449
361 2846
1553 2035
2035 2169
809 2383
994 2461
994 71
1617 2287
2203 1400
811 752
826 2555
473 64
1263 2528
752 1241
2226 2220
2264 2456
419 2791
267 2808
102 2397
809 275
803 2486
2311 2025
2233 1183
1540 281
604 2508
563 836
2610 320
1767 345
2288 2629
2745 2268
572 1925
1536 2300
1457 959
2074 1300
818 2852
2635 637
2696 1530
2801 1133
1573 1390
1790 594
2000 573
2166 1833
1671 1885
726 943
2689 795
1963 725
460 1290
1130 2124
716 1319
1465 134
610 100
1633 2285
2707 1953
2709 582
1303 248
1112 3
2053 1117
1195 1444
842 509
48 462
1576 2682
2403 450
314 944
1222 2265
542 1293
960 454
1893 2191
106 1843
344 1725
2094 102
65 710
2848 2135
1449 1372
1864 2712
2054 97
1796 1697
217 674
426 646
1106 2527
456 2333
2204 1055
2239 2556
2550 775
813 570
2613 1474
372 2559
2183 2357
631 1903
809 1067
1331 1633
2641 454
750 2085
1309 2462
1914 1593
2571 909
2512 38
1994 899
560 992
2688 1822
1110 1601
432 617
1094 1802
1058 1051
2330 2354
2526 516
755 2384
2488 2522
1195 1999
2182 65
2887 353
480 666
2641 454
1052 793
2770 751
524 1656
2251 1718
451 1872
2250 454
809 1092
2851 454
42 666
188 454
1962 1798
2168 454
2257 454
1211 2182
2501 1883
2785 583
1067 1931
809 1649
153 193
998 2427
1318 1931
692 2223
1445 2046
2618 2288
2496 311
1207 2651
2362 1813
809 1618
1824 217
2128 101
1439 1744
1344 128
1355 2327
2379 1382
2227 476
2642 2773
332 363
778 2637
2665 2753
809 1067
2795 1288
6 1862
398 533
40 2286
807 1402
846 2563
1268 681
1471 2191
2015 1058
809 2029
2293 630
546 1351
1983 886
948 1993
2016 454
329 420
1945 1259
2797 454
2737 1640
766 141
2500 539
1926 2080
124 806
948 44
2317 1959
1909 2857
904 1058
2759 2022
1735 1014
300 760
2714 2665
828 1099
1294 2167
2121 2043
1530 454
809 1688
1581 2583
1748 2902
340 1936
885 2000
1395 1203
181 1012
2396 1039
185 900
2613 122
543 508
439 2295
799 1725
863 552
422 979
1196 443
1683 1274
484 1407
999 854
38 2368
1958 1195
1035 958
402 741
1919 85
473 1783
1513 1073
982 126
2317 691
1329 2875
2252 1094
1841 257
1290 876
1212 2498
1898 2228
902 2386
2319 485
1589 1478
664 2231
809 1929
214 1284
50 2429
1722 2194
1365 2141
6 685
2392 2437
2181 1781
2544 692
256 49
286 1307
2235 2299
809 1650
1253 1964
2350 380
2313 719
2803 284
2650 1413
418 1330
1466 1625
2595 2369
878 907
924 2033
2135 2515
2009 2001
409 1299
2007 593
1714 919
474 649
1481 324
952 346
1268 138
2102 11
1372 1165
1016 2463
2868 1964
437 1487
2519 6
1767 826
1436 870
2639 2508
2725 1941
117 454
2829 1897
809 1193
1865 2770
1563 1671
1400 1280
273 1696
532 501
559 454
2110 1605
2258 454
2307 2199
599 2754
1732 1764
1355 598
190 471
1533 2485
2517 760
809 2272
1858 774
695 2470
1504 845
699 2366
2763 2739
786 1150
726 1913
1992 964
809 2239
1888 2783
1003 454
847 2107
377 2256
655 627
1698 2014
679 454
440 102
2629 2797
1825 2696
2516 772
1163 994
89 846
1958 1524
1941 1096
109 1842
2549 2657
2289 2263
1718 2733
690 2394
1930 2738
1450 2294
925 454
809 156
865 586
809 226
2243 609
983 427
1831 747
2375 76
1989 178
2748 237
2332 82
887 2553
809 405
1298 559
259 1630
435 2159
1705 1640
8 1236
1003 454
730 1369
1093 884
1455 1473
180 2110
71 454
24 586
1028 306
2626 1162
727 1606
1965 582
2527 22
1586 2459
2026 1912
2265 932
511 1189
663 1383
52 1177
1493 2328
2672 2143
1209 2166
2803 2324
1201 133
2746 1317
2768 1096
2522 808
2594 999
876 1382
42 1326
2523 659
2384 662
489 1673
2152 454
1005 247
797 340
611 937
2883 956
889 2516
574 1481
2207 2265
1793 572
382 2452
2627 2481
1839 1835
2166 2531
567 811
1114 454
1084 2448
430 397
2462 2296
2124 797
1702 1940
1434 2151
171 1205
2409 2681
1691 1741
681 2585
220 1329
2319 2866
2275 135
323 365
1083 2310
596 2132
1153 1194
744 649
1069 454
2869 2328
2331 2612
1747 2825
1409 205
809 1578
159 2577
179 1107
2128 2359
2495 2794
717 2574
1554 456
27 681
674 1375
772 508
781 2673
2125 1123
1973 940
1245 798
97 971
2318 2161
630 787
2596 1034
1610 651
1186 854
961 98
718 441
2596 1613
2532 1787
1578 1125
913 888
645 1051
1576 1622
1605 1625
535 1776
2673 1687
557 454
1725 2374
2377 2275
1524 982
539 2147
1574 2125
869 2165
2098 2335
1535 298
1937 1922
1310 454
701 1295
964 2893
337 2126
15 978
881 900
396 1507
1924 196
1943 2240
527 454
2722 421
2083 2658
2249 2391
1656 1834
2317 401
809 492
1496 731
2806 778
2623 1941
849 639
985 105
2433 2227
2709 2595
1644 293
209 874
1819 1930
2104 991
2601 464
2800 632
82 1851
809 145
439 1281
1378 2896
719 2697
2895 58
1202 319
359 484
1025 512
2518 1774
2617 1036
1997 1966
1890 2595
809 792
2570 757
895 2708
157 705
2608 749
1967 1525
949 820
2588 2358
796 138
28 994
1203 1442
669 2782
2457 2406
890 2496
1006 1322
2736 1429
963 1099
2565 1007
98 1919
2215 454
809 1841
1634 1915
1387 845
1752 785
689 878
2406 2780
1730 2598
882 2362
1851 2203
279 1097
1846 1022
383 1777
997 1100
2154 383
2105 870
809 210
809 2048
1171 925
1123 1551
2622 1699
48 1907
1143 637
1186 2112
903 1779
2135 232
882 73
362 1035
892 2680
2273 2165
1482 143
2536 796
1337 2287
976 454
453 1682
447 2209
2470 33
2680 1419
2151 1477
2704 394
1781 2608
1564 911
795 2226
1127 1
206 1164
1938 454
804 2884
2138 1596
2822 1761
909 917
1301 821
201 2476
2485 920
2723 241
1288 916
2182 2574
1082 1981
2246 216
429 2594
2624 1806
1192 2601
547 2662
1933 2859
2185 1346
2439 878
1924 821
991 989
1036 1362
162 1509
1208 2382
1225 451
95 513
2252 16
2143 160
2120 2807
282 1182
948 374
1527 514
644 2812
1868 454
441 2125
368 454
591 454
2205 286
1809 2530
117 454
1749 1716
1291 648
2006 1709
1136 1909
2336 453
2876 1779
476 1701
1817 1233
186 1827
2616 1715
1253 2462
1731 975
394 1250
653 553
1380 955
678 611
753 454
2295 57
88 2210
1230 2802
1220 1592
2277 831
2160 965
1217 26
322 2846
155 2887
809 2847
136 1867
598 1433
2730 2127
1185 1344
1138 2774
1345 2769
707 1089
66 1479
809 2077
2219 2504
115 2594
2335 1161
1269 1827
1067 2091
335 1527
2006 2110
1217 1510
529 1260
234 1749
1951 805
458 971
1368 746
253 1994
39 51
2301 1198
2538 2761
1188 454
608 1303
2387 765
2034 1327
51 498
1388 2700
2077 2057
721 1040
809 2714
2691 108
2526 1801
1936 1504
1590 1175
2493 2733
2198 626
2140 1167
1965 1815
1136 1469
1559 2275
2555 2788
2778 810
2743 1502
1203 1574
635 344
193 2434
2733 1543
1690 2610
400 1129
809 1499
1680 736
1547 2093
174 454
289 963
2556 433
1484 1293
2731 66
2480 377
1872 1168
2782 454
2282 2703
2366 1456
177 1687
978 2354
765 2297
132 818
2052 1954
2669 1819
1682 936
2223 237
2548 1217
1685 1660
1876 680
2802 2450
862 454
2581 261
549 320
269 1886
2192 1657
890 2630
723 1395
610 1095
2551 1784
809 1312
225 2225
1165 1170
2481 2106
83 327
162 841
1947 341
939 419
2211 2014
1704 2784
711 1227
917 199
1231 1959
1626 1514
2112 873
2380 454
2635 89
384 139
1430 1451
1563 2881
2255 197
2879 2393
891 2028
1380 935
810 2309
790 2178
1774 1932
930 982
1753 1535
2767 795
1861 158
1261 2505
838 2310
504 1540
510 1214
458 1787
86 1336
2398 2333
364 1659
1852 963
1399 359
226 2423
2222 899
2899 969
2198 1666
470 491
308 454
2797 454
1187 70
263 229
1883 1683
2023 1097
2113 17
1975 1128
662 1968
1269 1936
809 525
320 771
2691 1321
853 988
2458 310
2842 1838
2892 454
611 1548
2573 111
1017 2137
934 847
496 3
1750 2153
1619 1343
1263 2037
282 1230
769 2130
511 1710
451 2417
809 1047
1589 190
657 1680
1467 2819
1084 663
382 2378
1515 727
1570 901
402 1078
2493 535
1323 2411
2783 277
50 2276
809 2048
922 149
1991 2693
2288 1572
2334 243
2175 596
969 1390
2254 1502
1664 585
1584 2054
2752 2753
758 84
342 2567
675 648
1052 2723
43 2251
2515 2122
1396 1952
2605 1062
1512 2492
2277 1767
341 2095
747 2840
425 375
228 29
2291 1286
120 2004
1230 517
2386 133
1120 1447
2214 444
2592 1034
2155 1033
2894 2397
2692 161
765 2002
2048 1005
1901 200
2012 418
809 2062
1050 592
2352 2365
1571 665
1667 2709
1588 1262
635 930
2732 2576
241 2776
2115 2389
2791 866
809 2847
1603 1149
534 167
2592 2325
1348 454
197 332
609 1335
74 1031
260 2318
850 454
1749 997
1704 2283
830 462
325 903
2200 2172
1488 2792
2760 2411
2150 969
2424 876
2711 1819
1742 2677
1424 1155
2795 2467
2689 868
2790 2525
251 1877
1781 2706
825 454
1560 1859
1755 2777
1904 28
1794 1037
186 88
2390 660
293 2728
2718 930
470 109
1031 781
2743 1610
2799 404
2354 645
809 1490
356 2260
182 2658
2736 977
952 1685
2422 1869
1418 1516
1757 1940
803 1049
1049 201
526 454
836 455
892 2646
2352 1129
1761 852
1190 144
2809 395
12 618
809 1650
2808 2773
1939 1776
2483 51
104 852
174 454
558 1698
2610 1311
1710 1962
1246 606
837 2541
1290 288
2123 2412
1772 1985
2537 1826
1107 1384
2358 796
1437 349
2226 417
2793 2885
2251 1303
1032 1421
772 1665
747 2441
1633 304
944 55
33 271
1738 2809
1436 1023
2069 1791
695 1361
932 2602
616 53
1606 843
1266 1392
1076 454
1929 2547
14 2237
809 1552
987 2893
843 2290
735 398
2558 1397
809 1766
2518 416
2237 672
1802 1978
1538 2196
1378 2532
2162 2283
609 1325
1050 2088
659 373
118 787
565 2660
2290 1716
607 1819
2476 1878
1406 1011
1869 259
1282 350
809 2350
708 1967
809 275
2402 1871
626 1328
791 1021
2522 1261
628 718
2848 2329
115 860
569 2564
319 2512
2283 56
1383 1137
2420 1902
2158 146
2786 1033
1427 1965
1094 24
1687 1966
467 180
2826 1740
2545 2510
1023 1498
2746 1437
1676 2289
1000 2216
2529 782
2805 2752
1601 2811
1434 1185
1788 1044
733 642
1131 370
2491 1178
2248 454
2208 1910
2335 1702
725 1919
150 2396
1927 692
2575 2651
1097 2011
1407 17
1275 2481
2037 2862
2827 274
2431 1342
2294 50
2896 1406
868 113
586 1393
2604 448
2485 2324
318 2008
469 2807
785 2718
1963 1926
75 624
2598 884
1392 1674
460 2424
1601 1106
224 824
1579 1426
274 837
304 950
2368 748
1136 1311
2662 2260
1596 86
52 1485
2276 875
809 2717
954 1880
921 2829
2460 1270
1188 454
520 2761
2362 2022
1414 707
1001 1378
612 2179
2418 2612
1530 454
728 2249
575 2494
1864 279
1278 1515
1821 2331
1839 1496
2325 556
1710 893
2163 249
1562 689
1908 2767
1491 2118
1833 2712
2062 1503
1537 1622
599 1060
2041 2824
839 414
2507 825
1284 1524
2423 1449
1632 372
1037 1066
2340 108
792 1619
886 1201
2644 634
2070 2673
1777 2692
149 1822
461 1927
2260 120
1697 2371
2632 1772
1475 1236
779 193
2621 142
2327 2728
555 811
1103 1441
28 647
506 2315
2885 1974
2552 2542
1289 2828
584 2510
662 581
2000 1569
2493 1674
1182 2551
493 1297
84 2111
2811 79
1134 2647
600 551
2236 280
620 1632
2099 565
999 603
178 607
1717 946
804 2003
81 1039
2546 1850
2190 1798
2854 2611
2750 2409
1540 1774
1839 1105
2829 2781
809 483
63 1571
1684 2672
90 454
929 244
506 2218
2156 78
530 2839
2168 454
1233 2632
922 2688
1124 438
1187 2304
1505 2647
2606 2834
809 273
585 1103
315 1237
232 2122
1055 2730
436 2215
1356 324
1967 381
1892 603
1895 1866
1 2301
2329 1599
1664 1016
2064 45
327 6
1106 1812
2432 1515
447 296
1898 475
744 602
2398 403
782 2133
1074 1744
574 1356
1585 454
2677 2037
270 2664
1166 2525
1436 1760
1098 1145
1033 2100
2514 1489
270 1653
723 756
809 1092
420 8
2207 280
305 454
2058 1001
1375 593
1125 2771
1602 1256
1900 788
386 455
780 435
2729 503
1757 2898
2046 86
2789 245
816 890
61 1134
2794 2415
1899 912
2118 1853
108 2307
156 938
1608 1884
720 1414
225 2410
1696 1941
2022 1364
1602 2288
2869 1261
1243 60
2497 12
2602 1337
2557 2746
2708 1933
442 1235
2012 723
1494 1677
1963 98
2765 452
2089 1279
2154 2347
1265 428
367 354
1426 334
847 2684
1935 2626
1510 1279
1922 80
809 1935
636 2085
1252 162
2744 1018
2161 199
1251 866
901 2422
346 2479
746 1915
327 2636
545 191
809 2047
2306 1407
109 2489
1228 252
275 1409
394 2166
2603 191
1009 842
946 616
1103 2184
603 1991
1237 2468
71 454
1915 943
2050 2602
1296 1705
2379 857
416 1564
867 2721
1469 177
2426 1627
2397 2219
1370 2883
2063 2228
1763 1926
1016 1759
2145 195
2002 2034
2683 2106
2006 2159
696 1907
242 232
380 2253
134 2654
1440 2142
2184 454
2867 1645
809 184
2486 201
1483 1783
2560 2829
2653 399
672 1204
206 2789
554 1244
2141 2291
1419 908
1941 1458
2808 2322
2820 310
2373 877
2172 2214
1234 2735
92 1706
596 2195
2892 454
625 683
2844 507
809 2729
2229 304
891 194
1454 1141
1495 2641
508 131
125 729
1492 1513
1732 1710
1014 2691
2187 1466
1831 2096
2817 1731
151 938
1429 336
698 132
488 754
710 454
2693 2605
2000 2666
880 2726
1270 2258
2287 454
1681 2470
624 2081
274 1089
440 2894
544 1213
7 1310
89 1660
2482 80
2226 2769
2423 1542
775 1269
805 114
736 1266
1267 1843
2467 2278
2630 2799
1480 1717
937 1423
2094 2169
2310 267
151 742
516 1108
1817 2087
1727 2083
425 670
2603 1503
908 1278
2783 294
2112 2063
2235 822
2634 324
239 2548
1039 1758
2052 2509
1444 305
605 1484
1092 2211
499 996
854 873
1180 1723
75 2830
2389 285
165 717
1612 832
1749 2853
2111 2097
560 1959
1711 482
498 2652
1768 454
1459 168
1983 902
972 931
501 1577
2103 2640
465 591
602 400
809 2383
987 2599
1333 1175
1254 454
2724 2154
2657 571
784 2199
469 1080
2246 700
1341 2777
990 2778
495 1070
791 2215
563 2392
2581 2617
2640 1972
2148 561
1539 490
1366 1444
419 1093
809 1575
1926 470
809 2029
882 2759
2890 869
508 2097
1629 535
1776 624
757 2058
2129 454
1490 1713
712 1727
2590 1377
1549 1567
2854 333
1865 270
1628 1523
754 2757
1194 1752
2129 454
1498 2215
2856 1627
1274 1294
809 1501
72 2331
289 2503
2840 2112
1210 2577
1845 2666
1528 2816
2902 480
1874 1278
809 2440
2506 189
2761 1829
2448 2445
1015 1182
2811 2527
1071 1260
634 2325
1859 155
770 2036
1705 2276
1592 160
1351 454
221 454
2171 84
150 81
2101 45
406 1638
2051 2266
1159 2809
2230 61
109 1077
1744 2314
2804 424
394 1476
2370 2751
2371 1689
1412 36
1702 2414
516 1878
1744 287
2528 2862
2209 2412
1571 438
404 2070
1033 1603
1805 1029
223 644
1874 1732
885 2495
182 959
2056 807
1821 2418
488 676
2706 1745
399 375
1918 11
413 325
815 1639
2218 562
1565 1417
2140 510
1544 975
1486 2506
2159 1605
809 203
1137 1228
1840 2572
562 1475
939 230
2168 454
1035 1076
2314 728
301 1450
2359 2051
809 1979
1665 2097
1844 1774
1173 1142
362 2666
923 2054
2253 1332
1807 2841
2086 383
1748 1528
1080 319
2201 1336
907 2184
932 1126
2065 374
1170 1072
842 2708
773 1355
2287 454
2448 730
809 273
1859 1108
1111 2538
916 1427
407 1970
871 1679
1818 2063
654 2840
1307 69
766 1229
1966 1976
1041 599
681 565
360 1895
1679 454
1394 1981
1939 443
2100 1149
785 1388
2425 908
208 1048
1241 1595
876 2307
2878 1616
27 2099
524 302
728 2487
264 1591
1131 1656
1551 727
1167 472
1754 500
1853 1368
2486 709
2762 1332
2186 1904
2071 325
2460 2158
337 2621
944 2867
2576 1124
143 416
343 117
2841 2616
685 1994
809 1580
930 1725
1002 851
179 1652
2777 2306
3 2865
742 913
1979 1492
809 838
422 2183
875 2427
2445 1369
501 2233
2321 1
2390 1104
2127 1722
167 1582
764 2438
1360 454
1655 1620
838 1631
2805 1056
1080 1205
2574 1948
2333 1526
347 461
2802 377
1241 2686
2687 1770
2256 2557
1413 234
2381 386
1679 454
1305 246
1336 456
2186 2756
2872 2299
779 2900
2851 454
651 842
809 2010
292 1008
1316 1151
2292 497
1008 591
890 592
1213 2624
2651 454
2718 2700
99 620
687 1342
864 1278
2487 2801
670 2168
483 1267
2702 2689
1076 454
1876 2330
77 2012
2847 2271
684 1026
860 2068
947 2592
1168 454
1867 2764
836 330
77 2244
2393 2016
238 1219
1971 2036
2607 2019
806 1317
636 2313
2705 2138
45 1465
181 777
771 1098
906 1563
1823 2822
2708 1881
241 1431
1993 2399
234 880
1785 1517
382 2680
647 71
2220 1671
837 1795
2465 1838
809 1480
449 2742
740 251
1648 454
200 385
2028 2259
2194 2459
2307 1796
2235 2045
1553 204
1980 163
233 2750
1522 1166
834 522
310 2583
675 1839
171 1747
2807 1205
2191 489
1053 625
313 1136
2147 122
1933 554
2153 1074
460 1984
2116 1763
1356 2890
2002 1920
2816 400
2244 682
881 1655
2548 2519
829 2798
1545 1236
974 1157
1682 2061
2388 312
220 60
2033 454
2482 2529
1314 766
1019 1095
335 2655
1046 214
1836 2263
1428 1123
1907 1643
494 1477
754 587
2505 2131
737 1843
1616 1301
1796 1101
809 1979
2836 2398
1905 1644
472 1645
114 366
2509 1918
638 2040
905 504
1910 2158
1640 2674
2562 1006
1986 2851
2444 2223
904 621
2269 94
1485 942
2699 1225
2586 606
2288 2575
894 2715
996 1241
2654 342
629 1243
1797 1739
2657 2564
344 1292
1619 955
557 454
1725 1679
2840 1818
984 2635
2626 961
2852 2267
2701 1611
1451 1221
1254 454
150 1141
1820 2246
1243 905
368 454
2730 2815
411 454
2149 1166
1487 43
1396 2346
2839 1638
133 204
1462 2214
2382 851
597 1699
149 574
1502 1880
257 2472
1765 2782
2428 1673
2399 1152
585 1550
2729 1635
2753 833
1070 2749
988 1097
100 31
4 739
783 1871
2650 2634
1263 2172
273 83
1930 2426
2385 2499
2048 1056
1295 887
871 2374
612 1404
47 1925
2014 701
2284 909
277 1015
400 2365
2812 1954
2692 2227
1384 1842
2543 2209
412 927
1062 1939
1842 2877
1482 351
2404 1435
2827 2880
1806 2488
1196 1776
2558 1531
1768 454
2837 452
496 2337
1507 2485
2763 2488
809 1766
852 118
1798 2232
736 1972
1901 2695
438 1629
1848 2370
564 2533
36 12
2374 454
1463 2576
2683 1353
389 2405
900 1262
184 1644
671 2145
181 834
1645 2497
2274 608
1862 1694
2206 1715
1069 454
1059 1772
76 278
2703 2160
2859 299
100 2245
34 2470
2210 2382
1138 1081
1760 436
225 2824
1493 635
1735 2095
1581 2385
2275 927
2597 2074
2871 1557
933 2290
683 2596
1336 94
2585 1451
1487 2640
1928 2741
2186 1995
381 1662
122 202
74 404
811 2009
2264 945
1948 454
141 361
2123 278
1984 876
1804 723
830 1190
1015 1296
1080 1977
2401 2234
1026 1938
586 268
1197 2295
542 2338
2413 2356
512 2242
2203 570
822 1253
2889 1587
2775 2373
2329 2241
2657 1616
2555 1385
2389 2021
2331 1307
2611 2701
2443 1299
2182 924
1582 2430
2087 2632
577 220
2755 1756
443 2321
1120 2548
2781 1154
290 454
564 2478
788 437
1586 2087
304 368
2239 1644
2832 86
1505 2237
899 542
1105 731
1231 980
1240 129
31 1615
809 2239
809 2440
2002 985
587 914
949 1809
2139 2223
35 454
2484 1562
146 454
1363 633
2156 2872
766 2196
1912 1667
1553 2094
2625 927
2821 2774
2198 2864
969 972
2310 30
1096 2177
702 2210
530 406
1418 1610
957 1781
1818 873
1800 2524
1516 651
155 1854
2512 1693
1075 1923
172 2776
2810 196
2452 2600
2018 204
381 940
2193 1579
1979 1405
2267 2181
924 2656
53 2137
2747 614
1782 938
1435 1944
809 2451
1790 1682
503 2490
904 645
1212 1691
1644 433
962 898
968 2507
2815 2798
2864 740
2716 1560
231 243
258 2455
2715 317
1154 1971
408 299
2820 604
953 767
809 1996
2531 1158
794 2312
2612 1975
578 472
1253 2355
796 2084
737 2568
1146 1058
679 454
795 906
1113 2818
2370 1762
1369 1228
1330 1922
2232 447
364 2298
1866 2864
1388 1524
515 1849
13 675
686 454
987 1332
1255 961
693 425
303 2002
981 902
1601 2266
1605 2507
2672 711
1466 2507
2636 2177
2662 1010
1175 1927
879 293
2525 1116
139 2584
548 2358
639 2558
1325 849
91 172
1653 1523
276 301
2281 1420
809 2029
1335 849
595 2760
2766 2052
1561 159
2297 214
582 2369
911 2086
2873 2578
2216 1661
859 1247
1239 8
1689 957
2459 2632
901 1036
346 1436
944 1213
1229 361
204 2169
2446 2645
847 1211
393 1731
565 468
2776 2484
1069 454
2231 40
284 1223
1996 1942
2345 946
964 2689
1277 2122
436 1585
2643 2601
2506 563
1766 257
1447 2569
1990 53
2244 2787
2524 1747
2652 136
866 2736
519 2308
1301 196
2443 601
2105 1023
449 2204
1991 1235
809 2421
935 948
871 960
2004 228
1813 1803
2440 1197
2082 39
1465 2341
55 1412
176 934
2830 675
2780 454
2411 385
2083 885
809 1318
1226 872
2496 2799
1897 348
1674 1174
2031 305
1361 2027
1116 1431
2701 755
561 2039
2788 2147
1494 271
305 454
2767 868
20 134
1964 1478
2858 1242
245 1200
873 2693
125 1399
1128 460
1226 1242
1024 1426
441 1428
252 2069
670 2250
1163 647
1137 1394
2392 455
2394 1149
1411 779
1326 1532
306 530
2365 1119
916 1667
1322 1296
2550 823
2700 1999
1343 628
787 1341
2442 524
2720 956
110 1125
2753 2093
2436 1683
2167 2376
375 825
2172 2862
2704 1209
2292 885
2666 308
316 429
649 400
344 871
762 2079
296 1416
660 2710
1882 2558
1869 346
832 1159
498 1949
2027 1677
2333 2555
2439 244
2756 2464
2693 655
2562 2171
1320 175
1778 2621
2333 209
1018 2172
940 2672
1245 415
1106 79
2718 344
2106 2617
1712 68
1604 2343
1218 1990
591 454
1877 2499
2852 1013
1088 359
116 2387
1218 98
281 2018
1397 2145
1798 1883
2255 2455
1962 1606
326 855
397 2609
438 152
994 686
2207 2779
809 745
886 2266
2462 1282
1285 1473
263 887
2107 2182
1534 1716
1399 1889
2622 976
2768 2636
1877 325
1550 679
2111 2737
666 1567
2461 454
747 1088
333 398
697 2481
34 283
809 1766
35 454
2121 1989
1368 1634
1425 867
434 537
809 1848
2126 1226
2189 542
2679 1525
1913 1739
1935 1255
2381 2584
272 2522
2458 2475
4 896
419 1251
2471 996
2347 1712
2618 1720
809 2048
2295 198
2134 597
2172 2474
1687 473
1472 671
146 454
1555 1621
1767 2615
2608 1953
1606 2436
1826 2574
508 314
1154 2438
2118 1210
2457 983
1086 2509
908 1732
1322 2111
187 454
1293 789
2010 515
809 2579
552 450
1141 1191
952 259
2372 211
1113 589
715 694
1677 1642
2872 2216
1925 454
809 492
883 1246
1204 2525
387 1559
874 1156
2023 1800
576 547
2877 708
753 454
1381 451
1419 864
793 172
425 318
2660 369
2558 224
1777 790
1474 202
1917 1867
184 1556
307 424
1693 1592
339 1544
2069 1702
154 2437
809 151
1057 2131
841 2821
315 1344
809 2451
2122 2901
2803 124
432 2793
1209 1250
1708 2483
1424 569
2199 804
2831 1736
1924 1250
2901 70
2708 2638
2242 118
618 2718
2733 423
1119 1639
1678 2732
1731 2655
189 2361
1376 716
297 2647
2728 66
1044 215
1264 481
2455 56
1 369
809 545
2214 2741
2285 591
809 1432
2372 2229
2738 652
1372 1206
50 1640
905 1980
148 257
1254 454
418 2888
371 1704
875 1176
2873 505
2309 190
215 1729
640 2896
1389 498
824 1825
2373 764
1500 2367
2643 1814
809 941
595 1323
951 1545
243 1485
809 1580
647 686
1461 1050
2609 1358
2764 2105
2261 454
980 643
2812 1668
716 14
2489 54
2546 461
1210 1876
1492 1808
956 288
602 2056
2504 2420
1093 1624
1834 87
2299 2593
1361 536
343 2016
865 1652
1597 665
589 776
104 2745
782 1019
2627 2491
2270 256
752 2001
708 2679
1043 454
1068 844
1279 650
814 798
809 545
2686 2064
2653 425
1292 2164
1141 910
646 512
2004 2831
809 2454
1468 1093
2318 2141
1045 1126
229 1061
809 631
2530 734
43 608
278 2254
2268 2096
533 2293
965 454
1598 2711
2807 319
1662 1693
1587 1362
1505 1590
2745 1831
771 967
1236 2741
581 729
391 699
1897 764
1007 47
39 2408
1773 1963
1375 1203
2133 149
828 1892
1953 753
354 2870
2473 2138
2859 2043
809 1193
1035 925
271 1642
309 1659
2747 1160
1443 1934
2735 2608
1843 892
1017 2174
36 1232
1178 2341
2577 680
133 2094
2540 1868
1297 1392
1615 2075
194 1180
251 2385
264 2011
2566 1065
809 2805
5 2413
896 2631
533 1799
1591 1695
2146 1705
835 227
1178 2521
2645 1445
235 2299
140 454
2881 154
1770 2715
818 2371
913 917
61 379
2668 376
1195 2031
370 1834
411 454
2792 547
1274 92
697 802
1472 1779
1183 1172
1754 596
1434 494
809 203
2196 1914
1535 367
1649 735
1225 1007
1278 1710
1326 2668
1356 432
1852 828
433 2731
843 1749
988 1177
2256 124
1140 2331
899 778
220 1734
349 979
311 2456
1789 2518
310 2508
2825 38
312 173
1812 2278
227 1562
935 2065
1111 464
1261 1057
1683 1675
1442 673
1332 859
978 2015
1293 2128
53 2174
2340 1751
2737 944
79 440
2478 1132
2099 1127
1259 1866
241 1518
177 1147
1753 338
1942 2787
2816 2352
1833 2059
2645 2539
910 1422
152 1196
2748 1573
773 390
321 1582
2484 2279
2096 1088
73 2022
809 2729
1181 1245
1871 454
581 206
2727 395
806 1042
1300 2545
859 1497
224 885
2682 1519
729 1889
1593 1396
1663 2765
1411 633
809 1312
1923 2108
1569 1076
1953 1360
809 1604
1837 655
1778 387
2162 2219
691 1707
1734 2359
1575 515
2444 2748
2809 2368
919 1319
592 2264
809 941
531 772
1042 1386
1621 2152
1161 2898
492 1197
1536 1272
1096 434
1172 147
2307 1756
2079 1235
2797 454
2353 1512
1862 2222
2080 109
621 780
2584 1646
2034 2390
1834 1260
835 406
1186 1818
202 2285
1170 654
2724 2813
1988 1503
2378 1419
654 2068
2277 2561
113 1661
2231 740
2174 409
92 1010
748 758
2456 2619
2735 2602
809 1805
2342 1920
809 210
2237 1946
809 525
899 2469
2091 2702
1342 2601
2441 2112
2579 1434
2140 541
526 454
2326 2085
2611 2405
1019 2559
2734 600
2568 2007
159 1368
2780 454
1122 284
1021 454
1049 705
2870 1099
307 1538
2105 1521
2551 2450
983 1310
188 454
1438 472
507 2763
1354 684
1787 2819
1000 113
1489 1028
157 1115
161 1847
140 454
420 1475
170 2381
2323 2558
1369 1082
713 7
1042 1231
1385 653
2279 2439
464 2761
2327 1433
1670 1003
1393 384
2534 2540
1117 1584
1197 175
2454 502
1256 1759
163 281
446 123
744 2816
358 2064
1189 893
2604 690
2312 2541
992 2707
1090 1147
642 2874
2125 1459
2391 2084
1524 1999
1609 2571
1241 768
1222 957
2208 451
1703 183
1164 1686
1705 544
2456 814
749 557
1642 2836
955 1944
658 1127
2702 198
2072 24
941 426
1457 1436
1134 2546
798 479
897 1182
51 2772
2902 309
2351 2340
2532 1406
2584 402
20 2121
1666 740
2055 2197
2151 1344
1406 1728
2527 916
2217 249
2520 2044
2259 1289
550 1031
2461 454
632 9
1209 821
887 614
431 704
1109 372
2357 669
1799 2430
1443 2118
918 1216
2332 1876
2039 2297
2522 2183
974 1068
2494 701
93 2157
809 1824
1884 1371
25 1136
260 909
120 2863
1816 552
1081 1140
198 78
1390 2502
378 1820
2453 486
809 623
1934 1210
2789 1686
1697 266
2394 1139
196 2078
1715 454
155 1865
2504 363
37 2065
1918 1224
2131 2782
1359 1417
528 1998
278 2743
2268 747
513 1103
2707 2622
277 897
2113 2478
1972 1392
2439 513
3 926
2602 749
2100 1599
463 44
704 1314
2060 2394
1622 2108
1154 1402
1102 1750
1736 112
1561 1850
1424 1513
1104 1986
2190 2005
108 2755
1686 1373
759 1172
809 2077
1372 2745
143 1363
408 1244
2481 2581
7 1768
1951 1613
2037 2474
909 2141
1677 790
809 2603
375 2250
2394 1243
2324 1223
1499 737
2819 668
971 1140
1475 1323
1678 1463
1566 1771
1122 920
730 1914
2169 2162
1659 687
2587 97
324 2273
618 2328
1914 1228
682 2888
1329 1980
1272 786
2078 2023
1886 1536
794 229
2248 454
2770 783
1377 2856
809 792
208 2685
729 1164
265 2648
2303 320
2582 2846
27 658
509 1933
809 1604
869 2726
514 1325
1546 844
1756 1101
1279 2222
1973 1662
1291 369
850 454
2807 2238
10 2171
196 1864
857 1756
1228 2098
809 2350
1709 1466
2676 1385
1158 2120
384 1622
520 1861
1192 2471
2361 921
643 2206
928 630
1856 2255
872 1252
2788 2613
1242 1117
2513 2551
2727 1888
2057 1094
2564 2810
758 1450
2457 7
1399 2212
2049 1198
1057 2535
873 475
1824 2012
1271 328
1824 1746
227 2279
1639 2041
1175 1489
218 924
2739 1493
2425 1428
342 1982
2338 60
1977 2825
1653 188
767 64
2574 2033
316 115
2304 1041
2378 1130
2560 2775
809 466
1193 389
1030 2408
2844 1788
621 467
1200 2075
2412 1418
1281 57
1174 856
2041 2410
2866 460
2412 336
104 1206
589 234
667 1562
2125 2432
2573 1428
1838 1016
2355 1282
2007 718
393 1144
551 1187
1587 342
2567 846
619 2366
2021 2334
2200 2037
870 791
2257 454
187 454
91 306
327 1510
540 565
559 454
1663 2837
2395 37
2465 1602
1450 2146
2417 221
1239 1545
1368 680
1639 520
2388 2302
468 2301
1908 2689
1892 762
461 861
714 1918
1740 1469
653 2372
354 860
480 2298
2382 866
159 861
1476 2606
36 2739
2573 2125
1808 62
2828 991
2148 1153
2435 1364
1474 2229
2146 314
2142 1247
664 2864
2001 1595
173 301
207 1543
199 1286
707 837
208 255
2498 2140
1979 1424
730 1137
288 1382
809 1929
222 553
65 2656
1314 1538
389 410
8 2214
2653 968
1326 1567
959 1845
2272 2244
1319 1590
1393 1576
1073 394
2176 2056
1762 2827
1008 1287
2593 1964
35 454
603 442
1723 2104
809 1193
2133 2688
2199 1229
756 1203
2900 2434
571 1209
1287 454
2825 2388
1769 1391
1972 1718
1246 1226
1296 2737
2587 2532
486 1189
817 358
32 2307
1164 1446
631 2091
444 1809
1422 2790
2035 2813
1815 1321
2847 1903
2393 71
2019 1537
1011 1106
969 1565
138 2585
1947 485
2502 2247
302 1071
1256 2629
2231 2719
2267 957
1577 2520
2297 985
1708 39
2549 2878
348 2760
2858 127
2129 454
2416 2727
2217 1247
2098 1257
11 978
606 757
426 1025
1523 454
982 527
482 862
790 2836
600 2620
1704 391
341 1014
1129 1402
1820 546
2668 1192
2572 1158
1814 1500
615 1422
471 480
262 1160
2223 969
941 1823
2470 2027
2301 677
1327 1366
1577 1183
1287 454
2602 2400
79 1912
1199 644
1124 323
569 2704
950 454
2154 1704
2283 2433
721 2004
399 572
1109 610
2860 668
1997 121
1695 1738
356 1858
2450 388
16 1894
2561 1886
2402 950
1514 428
295 1295
1352 2099
1392 207
1172 2720
998 2557
718 2425
1900 1678
188 454
1219 1781
1075 2381
1347 1465
1578 1173
679 454
2389 2625
192 1631
1953 35
78 2778
217 1743
852 1831
972 2013
2395 1365
101 1011
1820 414
420 1545
926 454
593 2573
869 997
2713 2092
1891 386
465 1287
585 2463
1205 2825
2744 1263
