2992 5702 0
2743 1468
951 603
206 1691
6 191
1963 1005
1141 2431
2717 2586
2608 2008
2948 2641
2596 1754
2386 242
1424 2696
2797 2864
562 1808
2162 2406
1146 1034
492 1013
533 1372
968 682
2909 1456
113 1643
596 1886
1114 2262
32 1993
2762 2597
1728 1179
2499 2738
1640 195
757 1671
1428 2210
2776 406
1883 631
2827 2136
736 2528
54 1665
1050 208
430 1994
529 739
2016 2846
1351 1382
185 1148
2400 2685
2468 331
2838 1169
235 177
393 1075
2027 1155
283 626
758 1800
1061 2264
869 2419
1506 2889
1803 1902
1702 1831
2043 1718
2098 1953
425 1136
169 1661
196 2074
1558 1324
2792 616
130 694
2096 431
357 1673
518 2505
755 1092
1394 2915
1968 207
655 2149
1344 2112
284 559
180 2678
546 2783
1168 2970
301 2441
293 520
2563 1023
1473 1438
1171 817
1806 203
2510 227
2142 602
2644 327
1805 2347
21 2524
1782 126
2748 45
2823 46
776 913
1305 2305
1097 640
197 755
2915 737
821 2950
469 1614
2022 1313
1184 395
1876 396
987 1821
1062 1991
235 105
1606 483
964 2572
2662 956
927 1655
1082 1336
1268 150
1869 1613
2761 2777
923 1499
1013 1476
845 2953
1617 1370
593 789
410 2893
2773 1824
117 1922
1597 902
1558 232
2832 1888
2187 1599
2070 17
2752 1025
2191 2117
370 2451
1370 1545
1622 928
1732 787
130 2099
1944 1469
47 653
1749 1619
1221 1570
1612 661
1299 1606
971 2685
2070 1116
1639 2491
214 1816
2630 1378
1954 2249
1987 1057
80 2958
2844 1716
1190 712
480 1803
2813 2920
202 1195
615 854
2463 2675
1556 1670
504 1038
722 2399
619 2076
2451 1625
2214 1093
2516 155
2201 938
1731 1018
1387 2981
884 1461
1322 2457
1242 2963
2468 2506
2105 2481
2698 480
146 1184
226 2648
1366 2219
692 1369
606 1879
1720 2852
2825 2772
2455 1014
1405 2514
2549 2367
680 456
2183 353
2560 442
2225 1033
992 1183
1104 1470
456 1692
2528 2886
153 2953
104 2602
2862 620
2321 1036
2828 2422
708 1440
2671 1215
1053 286
1615 1097
857 2004
141 2239
2295 1910
1800 1436
1076 600
2779 1771
200 2041
446 1252
1695 256
2199 2420
1221 1279
981 50
2238 139
823 553
1847 1704
1299 1672
184 661
335 2578
1248 2492
1668 1708
2308 2188
520 2818
113 2266
27 1058
4 2540
1643 1973
669 1496
2195 2774
940 444
2056 2599
859 1488
265 585
1020 970
542 1805
663 1333
1297 487
750 1971
1739 1155
1844 1409
1855 2784
1787 1304
182 2466
910 894
43 728
325 1629
2835 1494
2809 2023
2224 2680
2278 1907
778 2948
2289 851
2558 726
591 609
180 2554
2396 1877
1528 1613
754 30
1111 829
445 2701
655 525
1980 2521
1461 1861
243 1137
801 531
2869 1990
2180 805
1688 2253
1217 1543
1017 1926
86 540
2044 1350
2978 1361
2644 1084
2593 1276
268 2686
2188 404
1049 2453
983 1032
736 2445
1103 2317
2887 2120
1700 1801
1065 1914
734 2393
1141 2552
564 591
189 410
1862 2409
278 1848
1334 106
1254 2230
1300 1772
1354 622
2322 1914
121 503
2389 2675
1226 1724
2594 25
2918 1513
1573 93
2611 2221
1811 55
2081 879
2179 252
1192 2640
963 1425
478 1354
1588 1109
1962 326
774 2400
551 840
2982 2535
1989 1630
2723 2352
2186 2183
1464 583
307 676
1598 880
1764 547
890 544
2276 2616
840 2678
766 13
2182 1536
2557 1826
2665 2415
1722 1234
335 1452
580 2479
937 1951
1546 765
1769 2848
2090 2720
116 1197
1798 2415
2770 874
1957 1622
2413 14
60 926
386 418
1263 1867
2071 818
752 2544
1371 866
2774 2166
1852 1366
779 2503
3 2966
2530 189
802 84
905 1158
654 1257
2321 796
2438 934
2421 1350
86 2501
2849 2550
848 745
340 820
1619 2533
220 2941
2239 2235
2356 287
2578 1398
2030 1547
2168 1498
1350 2837
1895 2126
1797 674
2453 2737
510 271
921 2859
1977 2040
528 2664
846 1466
1786 2882
1699 1074
2360 1474
1621 2280
48 2282
1037 1575
1206 1247
45 2620
1357 1680
854 657
1889 1456
141 1427
2221 1924
1951 309
370 1693
2051 603
2861 948
1400 1343
1846 2815
1166 1004
2979 1945
2874 1057
897 1199
1666 1418
421 778
441 299
2572 1390
256 1116
1243 733
2784 251
2362 568
1855 1791
2566 1850
2005 2434
2960 1964
2682 814
1266 1817
757 2151
553 1492
1348 2364
1179 2570
1040 1109
2695 1135
2382 2822
1978 927
1610 2458
2398 691
2151 2670
297 44
1363 2640
1467 1652
1525 1731
1872 1007
1471 2308
183 1462
2392 782
1917 2446
742 2064
774 1165
1703 2718
2713 2904
1512 1140
1131 343
1761 833
2801 2067
337 1055
888 303
499 1445
435 1699
2655 1003
1632 1233
1325 1644
345 1657
2985 135
1055 2499
115 1340
307 2035
1936 2323
1480 2318
1150 652
902 1573
1629 1034
505 251
62 977
634 2791
1745 1608
935 1425
605 435
643 532
2078 2559
13 1186
1627 2524
1032 1294
2566 286
749 1269
629 2247
1531 1852
2492 2769
1995 827
1615 1412
1909 1770
382 2932
2246 2127
914 2859
1343 1833
1487 2365
476 1928
2133 909
2043 2925
2708 1157
934 710
404 1971
1341 2516
2485 1707
331 1420
1297 2702
1838 2513
566 1196
264 1713
1614 1582
2334 1088
2644 2053
917 1819
379 2282
290 1253
2926 1760
2223 1489
2816 1255
1833 2580
1662 868
1256 262
1684 1686
1015 852
2324 2506
483 2522
630 1681
1594 2943
1904 2495
547 2229
1518 509
202 2775
1278 1688
1755 2366
2127 2486
2160 2653
1413 626
645 1310
1984 823
2251 1845
1454 1676
2026 225
163 2433
1726 1021
1580 2191
1934 2418
1692 2208
113 2624
229 2489
2046 1981
135 2900
746 94
2417 1469
306 2075
2238 2638
817 811
226 1282
1446 2782
17 1388
2924 506
683 1012
2630 4
1729 1423
220 1163
1971 2380
2313 221
2295 1083
1355 2395
943 1271
1306 1013
1712 732
1404 2747
2818 1384
2361 1071
2561 1422
2442 2796
546 2103
28 196
880 2647
73 2511
214 1363
561 1996
2446 526
1439 765
692 2283
583 2774
830 1212
847 2693
34 107
2967 443
1225 704
1160 2039
2567 2598
1205 494
277 66
1598 925
962 2971
844 1211
1758 865
2474 276
2666 463
980 1258
2310 457
1623 101
2404 1468
14 80
872 1769
393 796
1438 2065
1924 1905
2552 1546
313 2414
2375 1923
1204 611
1939 2347
2473 2426
2872 2702
2060 1210
425 279
1390 840
1091 2892
96 2216
164 14
295 2210
844 953
2120 2343
1587 2930
984 538
1442 649
1185 1829
1714 2952
1941 2338
2447 2607
104 1551
999 2798
747 727
2166 443
1374 2491
2833 1534
1872 188
1495 1940
1414 2013
903 2485
581 546
1395 99
2390 2734
2956 1177
2779 994
2565 2759
372 1249
2837 1984
496 471
1328 1224
71 2795
1248 409
2010 1163
2353 1138
2942 102
1122 1504
279 642
1073 988
2817 2814
2944 355
856 2242
2320 1323
333 1598
2947 1053
1016 1008
2439 2417
1345 2314
1311 1661
448 583
1732 1470
621 1974
2808 1042
1193 1544
1925 2198
1190 486
790 552
1595 1437
1618 2106
1767 537
850 2004
467 2840
1463 276
668 2777
1228 1208
2636 645
1232 1393
770 1683
2725 1815
486 433
2461 1152
1158 1986
812 172
2311 1756
1945 1357
282 847
1441 92
524 2709
1277 2346
270 2614
826 1227
898 2711
351 1317
2701 678
2413 2758
2788 1779
573 2671
2792 2537
2986 1284
662 1377
1503 1908
766 1100
1574 1961
1342 2743
454 1721
2534 635
2007 2564
2887 2411
2089 154
1391 2957
2877 844
2904 57
1466 1113
2379 2
2806 2015
997 718
1556 1662
918 285
492 53
1035 1620
2703 1845
2891 2435
2055 520
1432 316
675 2484
1605 903
1419 2888
2239 540
1594 875
1850 238
1396 211
198 333
2455 1646
1953 1936
559 1470
1188 1330
2019 1817
2343 1559
2717 908
1102 2175
1323 689
219 2911
146 2134
786 2799
1783 926
806 1849
2846 2207
2489 1575
2902 1845
314 2386
1877 1139
2764 545
1411 941
2048 1513
2199 282
2329 1018
1311 506
542 620
916 453
1235 2803
721 392
504 2232
305 510
2420 2600
504 140
1512 2062
67 1826
1479 2357
210 428
2110 2519
2461 525
731 1980
213 365
1555 707
1021 956
1247 2637
548 1383
1544 413
1782 899
192 2409
2122 2824
637 863
907 1209
2139 1303
360 2603
2669 2728
2870 1270
924 182
2368 102
2601 1882
1143 2585
1311 2360
1269 955
1639 1590
2936 2599
296 997
2970 1125
2819 1001
560 873
131 461
2320 1625
2820 458
1539 2146
2939 87
1133 1972
2621 439
303 2670
2974 2036
2377 1218
1740 614
2187 1132
1741 2190
741 2682
1048 1665
299 2387
1793 63
235 1121
2081 607
2512 1326
405 491
2069 385
634 2111
2923 735
352 1838
1136 1022
2366 228
1739 105
203 2015
1346 152
1853 263
2684 73
813 972
1918 217
1777 1813
682 1447
101 1849
137 2586
1666 2308
1808 1102
2587 2041
205 2718
1333 1747
2556 1528
2729 2740
97 1135
556 1689
1675 690
624 2441
962 2363
933 1770
163 1121
1692 2811
902 2799
928 580
2969 513
1306 2327
2003 2086
672 2721
1412 2741
2308 289
857 2693
2337 2851
2449 1050
542 104
2927 2545
2537 1763
2328 2546
961 1116
1562 660
43 1711
2951 1567
2977 2493
1731 794
2706 1145
1830 1666
1654 1269
300 1701
2301 1996
23 451
1442 1752
716 101
553 2121
2924 2304
280 2824
2391 1768
2654 2904
2503 2419
100 1039
342 1199
2580 1236
232 612
2803 2450
1485 1310
1194 1239
1796 49
185 435
379 2884
725 1893
617 1869
2343 1664
2337 1434
1399 2734
2402 1864
2427 1143
781 837
1565 2589
1711 2867
99 1899
2538 2852
1400 2580
2446 255
632 2030
95 1371
1606 448
1421 1468
1426 1844
452 262
2586 994
2740 1139
35 2683
42 2985
651 2564
2830 415
2946 168
1511 1146
1190 2521
58 288
1741 1594
1646 2006
2475 2856
2764 2256
2372 2729
2773 851
2377 2363
1659 2808
1489 1127
1108 29
858 1991
1767 2087
1358 2024
590 238
915 750
334 1359
769 505
2484 2835
1910 2033
781 1477
1524 2597
1650 339
753 2046
174 2274
973 1967
2157 887
1447 642
662 500
555 2981
1684 1687
224 1655
2751 336
1729 2102
1523 2027
903 2432
1413 160
831 2158
1080 1920
5 2899
2651 1642
2014 349
251 1655
2569 843
431 2040
917 1889
1644 2012
2099 2395
306 575
144 1874
110 1279
1080 2143
1250 376
2032 716
242 2815
691 1208
2569 2869
406 98
376 1686
2398 149
890 2085
344 1839
1607 2592
1055 112
2588 942
2959 1358
2467 2330
241 71
57 2508
714 2984
2749 2214
2365 216
1893 627
2926 598
1195 378
2421 1984
1526 1396
2797 2463
1797 2835
529 1315
362 780
2852 1051
2649 2307
149 1090
127 2699
836 2889
166 1009
759 1488
1820 2349
2526 1985
1961 234
557 1931
1335 1828
822 625
196 2276
549 2513
499 950
1246 1532
41 772
1093 2887
294 170
437 1938
2444 2894
127 824
2548 1188
1390 267
2077 368
691 2972
2511 2727
1871 471
2742 518
1641 2189
272 2345
233 1525
2822 2142
83 2253
1576 479
1726 665
161 1927
999 100
574 910
2265 2014
1225 2897
998 2073
2118 125
547 2813
2932 190
1647 2633
1118 2528
1002 1261
627 2118
1396 383
2015 1041
398 2449
2471 422
617 449
2100 253
1278 2651
2022 326
2527 1921
2968 2414
2715 2028
1889 263
846 2820
885 2767
1359 825
560 2293
1049 20
2824 1338
83 1930
162 864
648 507
403 470
2534 1408
730 220
1032 24
2014 84
889 246
351 2805
738 2293
127 2961
2169 1244
952 378
2257 307
299 773
2359 1225
2358 117
2310 1328
2331 1200
899 122
2142 511
1042 824
2830 2796
2624 989
2513 569
2113 2301
1088 2613
1124 2902
400 1167
2040 100
911 2826
314 2156
2571 2584
92 275
383 2258
22 1298
1498 1898
2202 771
234 1043
780 258
824 895
1784 1596
321 166
1533 2588
222 1774
1723 2481
1809 1730
1483 2610
432 2718
1324 382
468 2344
2333 863
1087 2469
2517 1342
2729 2903
862 2819
2890 1776
2914 1271
35 2509
1180 2965
2045 2467
2680 2214
878 861
908 2611
1502 1351
1150 2888
2881 2794
1551 272
1294 377
111 879
1262 873
2811 611
1557 1699
2350 993
2229 669
710 993
274 720
1568 1912
1063 22
560 1361
194 605
2151 2601
2292 1866
20 2576
2556 305
1100 878
2540 213
1697 2693
2614 8
539 2656
2931 77
1989 2705
2668 2684
1534 234
367 2000
1210 345
1439 1388
1111 1538
2485 1618
1071 2649
2448 854
1543 1145
1600 1514
721 2029
230 1059
363 1701
570 2810
2062 2347
2303 1285
2602 1044
1932 1100
488 2781
1204 724
2973 2556
2582 1990
382 49
2314 997
2325 1288
2169 2179
2862 2918
1289 1349
2692 353
263 1427
1287 1437
2451 2408
1621 1735
1695 1388
1271 2249
2352 2528
1266 524
1506 608
887 229
2848 1621
1918 668
1205 1834
1414 2243
2578 2454
1115 47
1017 1328
2543 2743
2006 2182
604 1447
2350 2654
2598 2231
552 1801
574 2034
2800 1672
2921 1734
2919 1093
2049 1425
2004 2475
2402 2802
2445 2886
402 1260
478 2121
2318 815
2858 1359
2829 2311
2865 2018
1109 963
612 1442
1842 513
2779 137
1170 58
429 2282
2719 2069
2069 1446
2974 742
1511 2608
1423 2687
2277 1826
119 1165
1837 2763
52 372
967 2753
371 392
51 2219
607 2255
2230 1515
136 816
2799 2407
1940 2785
1416 2355
1312 1056
693 2806
683 805
384 98
1535 2258
2978 901
713 2828
2250 2793
2546 2841
1841 558
2660 2505
2287 67
522 1517
190 1953
2155 2339
392 1090
1407 2728
2617 2711
1846 1766
2977 2158
2455 2750
490 391
1814 1155
1021 1035
1660 1703
799 740
2360 793
2656 763
2317 221
1203 586
2640 1816
2286 939
1916 1487
943 791
2020 32
2575 2884
2232 1378
293 1815
2749 2335
1782 417
820 1411
764 123
1967 549
635 1863
1657 1203
1535 2745
1857 1521
2132 640
964 2127
2954 906
2341 858
949 1739
2837 1946
512 1312
1222 163
2193 1453
703 711
1337 1117
2260 1873
1072 1360
973 2162
531 622
1317 2780
1140 2347
619 2785
2764 2785
1776 1314
929 495
1320 227
2174 517
957 2765
290 21
2286 173
1843 2796
1669 1417
2251 1420
2128 1343
2626 2072
1049 2877
1920 177
2607 2490
1977 699
1022 65
2212 2551
474 562
2640 2916
1562 1636
2664 2120
1956 112
221 1143
2063 1981
2610 2917
1138 1468
2798 1141
2744 700
2020 2038
2003 1478
2931 438
873 4
468 1476
965 580
2742 1899
1594 654
2734 1620
150 1766
2077 2131
305 681
458 927
1105 1533
727 2989
2604 2197
2990 2614
892 2550
920 1686
648 2273
723 2376
1827 970
2771 458
461 1802
1840 148
323 2508
159 2810
1700 40
1058 1514
503 1744
1485 2238
2574 1335
1362 2397
2299 70
952 1468
2447 2092
2768 1101
2269 1035
1329 2075
532 915
2389 2588
309 2082
1222 2219
807 1583
1345 1309
1011 1835
2380 2823
1017 2291
835 2508
2216 1867
2217 2895
1123 303
1941 2901
1775 1388
2036 2423
124 1389
2117 215
918 2561
555 1660
1965 1768
1531 860
1734 1305
2101 2269
2679 2452
797 1860
1717 2685
822 96
2755 293
582 1386
2960 950
73 1128
534 2367
2899 901
991 1099
1048 1702
1322 2896
2416 199
1160 180
1838 972
2944 2152
491 2770
953 361
1824 479
2090 2771
959 310
1874 1353
2272 2664
609 205
2731 2248
2232 434
1848 2463
2581 2476
2707 1198
236 2298
2170 2383
65 1175
2708 1241
1331 1573
2957 608
500 1232
2254 860
1778 1590
1326 784
469 1101
1721 1102
398 1281
2733 1860
2334 2093
482 2226
1665 1543
2272 1681
820 1836
2093 1641
2 2609
1352 629
1483 1468
2405 876
1669 2212
1680 364
805 1236
2632 2593
2145 281
50 498
2743 1808
269 2336
1809 2841
2027 2037
1786 576
776 544
312 1700
1449 2115
2518 1613
2266 2048
1704 2428
135 339
2657 661
2532 2287
1651 2743
368 2443
1560 2057
538 1399
2959 1291
946 94
2007 2447
53 1545
2847 825
2705 2790
2442 2873
664 1077
24 1648
2492 2236
1799 740
1021 2101
1766 169
273 2596
1923 1395
2488 866
1260 1167
414 2138
2195 2192
119 1455
1878 1685
919 450
2380 2129
53 1675
1851 2283
563 1036
604 1744
1778 2690
2082 1
613 650
661 1487
236 1619
1078 2193
396 38
1317 388
252 926
556 678
987 2422
671 292
1275 2352
1495 980
1838 1967
2643 5
1084 602
2743 1592
1389 2062
1978 251
2459 888
2345 1211
1678 2591
506 1431
2468 2251
2291 2854
1308 951
1766 242
67 570
2399 313
1974 200
79 537
185 2694
1449 2695
914 2715
2284 212
2847 1288
1550 1187
2638 298
1020 2875
493 158
2952 466
2031 1600
1175 305
2104 2689
1509 954
721 2873
833 2541
2646 2098
364 2043
377 1031
932 1933
1484 1710
1876 1332
215 1220
1894 1601
332 2600
1097 741
2472 1858
2634 783
2825 1186
422 1138
1572 532
323 1789
1506 1824
1725 1489
1222 2350
2108 1091
2808 2592
559 1170
1079 2534
470 63
534 2986
1217 2196
246 81
69 2507
1349 1355
2000 2701
2231 66
1422 285
1737 350
2933 2556
320 1184
2470 2964
981 961
1258 297
2536 2184
1475 1068
1221 2742
2279 2978
782 2690
1996 550
1982 2296
1235 1579
2965 91
1818 2042
1093 2335
1288 1312
2757 2790
2669 2626
2733 1134
1308 2067
43 1471
2782 2719
618 886
2939 2616
792 151
1030 1319
1185 1581
2769 777
2302 1869
1508 1132
803 452
477 1563
1895 1018
518 1570
2786 1973
2870 82
144 2643
2002 2832
2130 288
2322 1752
659 2204
595 2541
797 502
2839 1522
2908 1678
1522 2760
1837 2656
827 772
981 62
437 1803
2763 2789
1556 522
158 2520
2135 2359
1676 2530
2233 2009
1373 319
868 584
2690 658
1903 2444
139 2461
239 1432
1511 2879
644 2286
10 1178
163 1948
1403 2154
940 2940
563 2898
2278 2959
1674 880
672 1928
1442 1271
2366 2268
2745 2225
1578 707
1702 2792
1693 2861
430 2104
1307 245
1393 485
1858 1919
2443 231
1003 808
2155 1085
429 176
1226 867
2161 2789
255 274
1249 1705
2932 1558
2378 1934
386 297
116 1982
1999 1479
415 2653
2353 1483
46 2552
23 1832
2963 886
2217 2499
1747 2136
2973 1022
1693 1349
1614 2011
672 2161
2055 1384
882 1635
300 752
1829 368
85 1542
222 1929
2154 1219
1535 1033
342 2299
2091 2605
2237 2285
2774 2259
1433 2588
2437 1865
1417 918
1318 790
1885 1779
33 2600
1593 2758
1844 1285
502 1435
576 944
136 1856
39 2844
416 2627
957 484
2731 516
1434 2857
289 1418
1151 2281
1684 157
2877 2737
2261 692
59 2476
442 1379
2001 1337
2496 2145
1416 2673
565 2568
2025 260
332 2246
1201 1433
2119 690
2681 2753
930 486
2318 2025
78 646
2579 2122
2885 2392
858 1664
1585 823
1799 1098
2416 1841
1908 2136
1872 2542
2348 1660
1154 2080
2406 1406
834 646
2911 1788
2954 333
1367 2462
1222 2066
2964 2704
901 1429
745 876
687 2727
2078 1513
2617 2781
1764 885
2278 2037
561 494
620 2266
822 2732
193 128
1741 1997
1702 54
1827 2736
2370 1960
2808 895
182 732
894 2034
302 1733
1358 827
231 2903
1376 112
2046 86
1196 1665
945 82
2583 1139
1841 2845
726 892
344 1273
472 2757
1900 565
523 700
1803 1549
2010 1696
2542 56
222 1708
1667 1887
999 1811
448 1672
1898 2060
1652 1339
434 140
125 1631
1503 2748
255 2539
459 762
1523 70
1262 1038
1343 1589
1544 1791
1429 1361
139 1510
2240 2692
1043 440
1728 1597
183 1280
990 1075
157 2616
353 1664
450 1616
309 1338
2582 2520
143 1378
2741 1241
1368 958
1342 640
2825 2663
1769 517
1746 1243
1276 879
2703 481
1351 513
2616 1687
64 648
897 1080
248 2033
1684 875
138 2831
785 2712
2128 2805
1552 2595
2739 2905
2604 1287
601 1382
1336 2327
598 1632
2204 512
789 764
2930 84
1857 781
798 2970
1601 1374
2566 2373
1777 1682
1239 1196
1000 707
462 1315
2860 1006
998 1127
2275 20
2783 1580
370 2754
2464 298
1290 541
130 1355
2313 2427
2555 260
2215 41
2523 1781
2274 1539
773 1219
1561 64
1207 631
1738 2737
2386 697
288 1736
1291 2055
1468 2775
1786 2944
2696 1268
2710 1556
1720 2195
1974 260
877 1157
897 1378
597 1867
1964 324
156 1784
1602 2233
1424 1955
339 1474
2144 2510
178 2736
1670 432
2112 1078
2677 337
389 1010
1081 2194
2157 496
440 1258
1862 659
2705 2205
943 1954
1847 2039
1273 2268
2161 539
984 2936
1819 141
2935 455
2388 1626
2466 445
2202 1982
427 791
1045 599
2334 2189
1272 478
237 1497
2845 996
95 880
893 450
2671 2657
1364 681
2116 2122
1813 189
2761 1472
362 2423
2346 569
2488 1314
2003 2547
406 1876
200 1422
2138 1143
267 2573
1868 1746
1321 2826
380 323
141 864
1335 1220
195 2816
1727 444
60 2553
1572 1356
1733 2939
386 619
1652 1344
1114 1685
685 941
74 1190
2270 1913
828 188
1468 311
12 845
51 1814
694 147
1699 1878
2342 411
806 716
2263 318
1551 620
2259 443
1441 1085
1915 994
2143 1199
1382 1631
2476 2545
1745 1484
391 2857
386 610
2376 1715
2206 2651
1500 1519
600 2623
1147 146
551 437
114 2834
2412 1133
1026 466
628 2069
652 278
369 2961
2657 1916
1495 355
1087 1846
2226 748
2370 1106
615 375
2085 2462
785 2198
1468 1950
1337 757
2551 2417
1105 1433
850 2321
2029 371
2617 1652
1970 1329
1064 2454
2709 658
2776 384
781 1176
1793 2874
223 1883
1879 2688
2884 2284
2591 951
2804 694
2357 2071
2084 609
1539 1657
481 1126
1821 2489
829 2544
2028 2960
1903 1247
729 512
786 1720
1868 401
890 2963
1777 109
1467 1980
892 1334
7 217
2991 2704
487 1806
769 1729
2028 2850
167 970
637 18
958 2641
2691 2972
723 315
767 1406
2976 201
509 1595
2742 2008
1976 982
2247 142
1128 2241
299 889
175 2190
2632 72
1627 2699
2725 2755
2201 2750
2252 467
604 2933
2184 1202
2469 1661
81 722
2319 2577
2864 1025
266 2508
10 347
2745 211
2646 746
159 1126
2910 416
971 454
266 1751
2309 1681
492 2327
2707 240
1788 1183
2743 2472
340 2150
2386 501
329 1079
447 369
1707 2432
1315 1194
1836 1574
2137 2225
1614 2793
662 2355
1604 551
1742 2620
2409 1294
231 1169
2951 2105
1490 464
1629 2958
2429 2302
2460 1978
2052 919
2658 2047
865 1161
1743 1330
1149 451
775 1716
1468 725
1028 192
2452 2303
1612 664
1393 554
186 82
839 2423
2637 644
318 2430
1719 891
1198 2109
749 1903
628 988
239 1257
2435 688
2487 66
108 237
1672 1464
803 1709
244 1586
2525 2125
2828 2802
301 893
2735 359
2403 2479
2271 719
730 2627
1549 2486
159 194
2272 2887
1959 391
218 455
1525 2766
534 427
1562 1023
2732 2216
1299 1247
2966 909
359 2337
2215 2050
176 48
2843 554
2384 714
1653 934
389 987
1963 590
1145 2196
2992 1246
2702 1806
196 2908
338 2863
1024 1295
87 2908
1475 2153
1807 2408
2052 1616
394 1597
1273 669
1060 2047
1296 2984
1212 2429
963 2131
329 2625
2992 1389
1860 2009
1953 1251
2691 1118
2623 744
2084 45
664 1215
190 700
1964 2859
646 204
494 1414
1955 1325
1913 983
2647 899
1775 915
462 2523
2383 2732
2713 1493
1538 615
658 1491
2244 2672
1038 1969
803 1398
884 342
328 465
2188 43
2687 2102
2759 2436
1266 2955
2161 1837
1697 1216
768 2586
2756 2264
2535 747
1909 2002
1461 2985
162 153
1677 121
1374 955
763 2834
2418 639
2253 171
1570 2514
825 1046
1505 1231
1400 148
770 1161
946 1004
1415 1136
1639 1213
2199 1209
2329 2917
346 2346
157 1009
2167 1823
789 2500
990 2213
765 2178
1030 2537
1121 2219
1848 2480
2910 2053
1113 2832
150 1424
615 2119
2751 2392
44 440
2869 2857
501 2180
1476 2022
97 2124
2427 2401
1921 1034
1609 1474
2240 1664
1332 1365
2332 42
2989 330
1549 1375
2971 495
320 2134
2714 2077
2410 1785
2622 712
2988 1932
1080 143
2598 594
16 868
1274 1939
1584 1713
1890 2777
582 1166
693 1397
167 1560
2527 2879
105 1920
659 1031
963 2714
2631 1026
2838 804
2510 2164
1821 1037
1722 688
1115 544
366 2648
643 1695
1568 2619
2243 561
2547 1448
464 2553
871 2925
27 2615
2017 472
986 1851
1829 2131
1984 914
2811 724
910 485
2205 290
917 753
2811 2203
1718 415
1381 2223
2060 2875
611 1069
349 347
1430 2970
1129 741
2189 1997
2638 1510
2149 2601
724 2328
1353 1969
746 1900
1003 1481
2623 1043
2745 1045
2379 611
328 543
1272 1108
2630 1262
1213 2885
2094 2416
349 1178
950 324
1945 2432
170 2620
1220 2551
1096 2628
902 2192
2378 261
2234 358
40 2890
242 1268
1444 2420
2948 2992
188 1941
2888 1309
361 2918
1028 842
181 1228
1248 1230
440 818
1968 1908
1445 85
1553 1486
1746 1750
2697 42
1570 1341
2316 1971
2913 618
1356 643
21 1346
2289 1480
2379 2203
2513 346
907 2693
2627 151
492 2412
2074 1678
2533 2865
1565 1107
2054 1591
1805 2266
2182 997
2779 2414
2202 1919
2184 936
2228 1293
387 2642
2150 1030
2652 519
1063 1023
1062 808
1547 1732
431 898
1840 639
33 1375
2302 2895
2642 375
1842 1421
1929 1000
1632 482
1788 1949
1589 639
1748 2479
889 2639
1743 2373
2928 705
2697 1384
1168 1148
2613 407
965 2403
2393 1202
1872 304
1201 2480
2424 1581
1559 1084
1613 2018
467 2468
1524 6
129 1165
621 1952
165 2257
861 324
1913 2236
2583 2729
244 433
363 1610
1633 268
2917 2353
2977 2856
1753 574
1459 679
1557 1430
402 905
2763 958
1186 2810
2368 616
1458 824
540 537
1759 925
2554 122
1822 1282
2853 1756
66 2567
945 1404
1069 199
338 1662
1791 1006
2167 511
893 624
1578 1929
1884 1987
455 274
113 1274
50 310
2094 304
128 876
1468 2404
1136 453
1102 1592
300 2359
2483 2315
1316 2796
2051 2591
2731 26
2649 608
500 1033
1207 2710
2573 881
2220 705
2636 2427
2748 609
234 818
1624 2201
1548 27
2895 2738
2532 2772
2490 2092
256 17
19 1804
199 2542
2567 839
2127 1938
1387 1252
2621 2123
1369 1956
46 2798
2919 2120
1634 2473
2157 1871
686 1353
846 2613
2465 2124
2342 2781
2299 2143
411 2058
2794 1401
2453 1191
834 1409
1040 1094
2138 2401
318 1854
929 2377
996 76
2095 1765
2495 1915
2123 1286
885 2813
466 2073
265 1149
2518 1212
2498 2314
1362 1947
2923 207
64 2198
677 1608
1608 982
2374 774
1128 1318
2900 1650
2460 505
1988 1006
2872 614
2615 2406
1235 484
2812 2089
1879 2875
1420 2057
2870 2364
2764 1061
2283 763
258 61
725 601
1799 1773
1421 1468
657 1172
2173 819
701 2851
1651 2743
466 2140
2413 2606
989 1643
2154 118
1700 748
1910 2596
2941 1823
485 1753
1547 947
2081 2148
772 2050
350 1603
248 863
1203 2190
7 1890
2424 1588
557 2966
758 646
2805 2378
1428 1790
2631 2530
717 2945
2133 557
1212 1869
2456 1680
162 1568
2809 1518
1592 454
2086 1373
642 2933
527 2920
1412 2296
1735 2622
2006 1563
2791 1836
1332 32
870 1725
459 742
211 599
2395 632
2988 2252
591 2981
2096 1977
2087 77
2500 2034
578 2253
439 2983
1118 1275
1322 2864
2706 1866
319 341
138 1481
2599 1892
1417 1425
1574 2385
2884 1103
1117 1882
525 2160
2159 1235
1526 1584
2381 223
1307 244
208 15
133 423
759 1132
380 88
2985 2079
1645 2842
1675 1972
2716 788
1514 1820
1843 1130
1291 41
1051 1784
1381 2288
793 1609
2039 2428
2403 1254
884 365
1358 41
691 1354
2631 2140
356 623
1282 2509
651 1634
142 1153
1498 1210
1833 314
2128 314
1056 1031
1124 1100
1138 1468
390 1593
2581 821
2098 1900
1401 2507
812 2960
1111 375
2167 2822
1270 2747
405 874
675 729
667 666
1401 932
544 1148
2980 527
1189 556
1208 1108
1214 1197
1450 259
1006 1193
749 1027
608 2361
1825 1377
858 1901
1663 2329
933 2387
1427 184
764 240
350 2505
739 2228
1394 2584
354 581
2604 436
2233 15
206 2124
2207 451
1534 2791
2456 1130
1380 280
690 794
2132 2743
1862 2831
1605 1667
684 1059
1583 2636
212 98
2282 2575
2579 838
2760 2267
2517 1651
2306 1854
2735 742
1706 2372
1950 601
2935 362
2358 1638
86 2235
390 2704
1812 241
2927 651
2502 767
1099 771
1037 2422
337 922
308 403
1380 2291
853 476
1406 743
2052 1976
1822 993
2071 2275
2323 1251
592 2388
1928 2789
107 1291
584 2440
2867 576
1107 935
1011 1630
2363 849
1421 2969
360 302
435 1430
2560 438
2044 2247
1264 2470
2582 490
2967 1494
268 1843
2635 800
2569 1116
2197 1437
1663 2448
1220 2589
710 2654
2231 1233
1995 2024
2982 1149
115 2011
2174 1735
2179 1131
2446 482
2185 2621
736 2723
1482 2611
1243 2893
1656 1912
2602 2144
1506 1391
830 922
38 957
2074 2051
744 2280
1749 672
2015 1008
2876 2874
2033 826
621 2025
161 2515
1723 840
697 2156
2150 1112
2866 1760
1529 366
1409 1638
2475 563
567 2426
651 2063
695 1261
2165 1897
2850 653
1238 2579
2353 1172
264 2816
2440 16
2079 2332
2504 2829
381 1457
1380 838
2367 2922
585 132
1945 1103
1942 571
481 1074
1417 2439
459 839
2005 979
1949 219
1001 1454
2568 746
1086 1709
1025 2896
550 2897
1726 2662
748 688
1448 225
1697 2376
359 1959
1677 2181
2536 1446
2471 1468
1003 960
2473 77
1659 584
2971 250
831 1166
195 9
441 465
2331 514
1166 2898
2436 2078
310 1740
137 543
1970 1096
1124 2703
2017 2780
2165 835
1181 271
1007 56
243 283
301 2583
1520 516
2743 1919
1673 2297
2504 1082
637 855
2767 2980
545 2264
543 2399
90 2974
1850 575
977 1806
2604 2762
1483 1468
1384 2900
2517 474
1383 1548
2155 2041
238 1005
875 376
462 2150
1163 1823
898 2756
2103 2117
1667 2485
1048 2759
2021 2858
2410 2477
1110 2834
421 2062
887 2341
716 538
2730 2642
944 2882
2853 2173
1618 813
2615 1383
2652 209
2389 1201
1473 979
2563 475
1900 1936
1321 301
69 2061
2940 460
95 126
1432 654
2371 1828
702 2854
2741 2814
282 1507
762 2487
1616 2889
1314 108
271 681
2548 1566
2984 2218
426 2659
363 2730
2098 2932
2238 2464
139 2160
552 2483
1038 1874
1911 2978
2551 1440
2860 2736
1054 109
1241 877
2843 2592
1299 644
695 2209
1251 700
563 850
1476 2412
1792 2368
2045 712
647 489
2572 1938
938 2438
89 1379
1181 1749
1833 501
1789 694
934 1493
754 1653
2857 2582
1853 1077
2357 11
843 961
431 2264
2126 2610
2694 913
1527 1486
1475 2925
397 1071
772 288
1326 2449
1611 798
2349 633
988 1713
833 593
2807 2525
1825 2355
2971 1198
2715 1964
1458 2699
1768 698
1374 1975
2486 33
2678 1604
442 1276
2496 192
352 346
1295 1380
2295 273
444 1908
2547 1637
1460 164
1728 2762
2107 2280
1171 2319
991 1958
2990 536
2115 1691
2072 1058
424 1796
869 1642
1019 906
1278 171
276 110
1179 995
2344 78
1771 1915
307 2856
494 550
2141 698
2691 2398
974 2090
1270 438
1649 1830
2209 55
1211 2576
845 2599
751 817
1153 541
2456 2083
217 714
1362 401
566 1194
708 1237
728 1730
226 1366
1501 1459
849 1033
1557 1685
2577 1402
1207 16
545 1039
1239 1112
904 2991
2223 2366
1482 2860
985 296
3 2067
2255 2148
13 878
2812 2650
1479 1176
152 2673
2328 1809
83 1236
1930 1688
2940 1727
1258 2623
1439 2394
2907 2490
436 2809
2723 2686
2196 1866
2397 2645
2339 1906
343 1520
1830 2625
2455 1563
2430 2051
404 289
1574 1763
2031 1826
1998 1760
682 2289
748 1234
1620 1726
1290 1541
2413 398
2535 451
2553 1891
2458 387
2525 816
1303 977
517 2305
2226 598
539 1749
837 418
1015 2105
1622 1966
1012 856
53 1133
1087 1223
1256 1454
1123 1152
1175 1302
2281 228
356 2892
2768 603
951 3
2814 1615
1180 838
1471 1730
1748 626
949 70
1014 2438
735 2469
2738 337
297 2076
2441 1576
2499 2946
1992 867
1069 2
1502 1631
649 2322
1590 2885
686 34
666 2957
89 567
2208 411
1744 1765
186 2056
832 2519
1126 1124
19 1433
2405 193
268 736
2846 2425
2451 400
969 1346
2200 1004
98 2529
320 2298
2759 1831
205 1591
2593 491
52 669
2943 2190
1091 623
2247 2913
535 393
1228 2398
527 1452
1389 778
1706 804
155 1777
279 1022
1790 1191
1260 1187
2868 1393
2020 2284
1382 1842
2650 292
1039 1811
760 2619
129 979
1156 2101
162 2365
240 2716
1000 1774
2171 2463
2585 270
2550 1216
116 2937
536 214
1835 1787
553 1272
1884 738
2384 109
1161 2217
1383 2562
660 650
2022 2344
1010 229
187 2620
2371 247
1131 2950
1834 1414
2024 2278
2448 2917
1796 94
1667 813
1369 183
2176 222
1206 1606
2061 1157
2348 1372
1320 2144
1147 449
1503 591
1624 1822
1798 2866
1553 1413
2964 2116
2609 1977
1283 852
2608 2980
2724 72
2862 2048
1694 1654
1451 126
432 1591
635 90
1716 165
2478 2847
773 2260
2576 2833
2429 2738
1560 1827
1465 995
410 1679
1274 1805
1159 2835
2721 476
1769 1735
428 2292
1113 1909
2401 1724
945 2056
1597 1331
807 1724
2531 829
2037 2326
1892 1912
2089 665
1822 938
2751 2125
191 816
1105 2871
1104 1170
413 1855
2602 1140
1020 1898
2228 227
1960 2163
34 293
1053 2250
2655 2145
2942 872
2554 579
414 1724
1738 1428
1559 2664
1759 1773
728 2867
1905 768
103 1341
1550 1509
1609 2755
2244 1695
632 2408
2418 1372
1572 2534
896 1415
1290 142
571 623
49 39
1 1472
1601 2894
653 2963
439 2237
2475 2493
521 2806
1994 294
2227 1200
2213 2340
1098 799
1854 722
1865 2750
2942 517
1098 1292
779 2924
1537 497
1837 2261
2883 593
1533 2491
1323 2480
2690 1564
2934 1911
1883 187
1917 1632
1244 1284
2891 312
2218 572
697 571
2096 656
2797 1694
2240 602
545 2040
2974 420
678 2466
2251 2114
990 2671
930 74
2262 2057
1106 2163
649 1773
815 260
1234 526
1586 486
856 2778
1844 68
633 1794
2382 2644
241 2858
1142 250
2681 1352
1403 286
433 1530
2314 2006
1095 2075
192 1154
2746 1436
1077 582
2878 2760
1083 706
2134 1683
1897 1751
572 625
2487 507
369 1552
191 336
1452 452
2335 960
2440 447
2147 390
507 2659
2248 1487
484 1231
731 1965
233 2113
1496 2645
1044 1781
594 720
1171 1455
970 178
839 473
1047 2683
1669 935
1717 2743
310 1443
579 1847
1577 883
75 2107
2218 164
1029 2788
1925 2415
1015 687
76 1649
2172 1012
1782 1497
2467 698
2203 2058
2333 1865
2146 1088
636 1151
911 257
1519 550
147 2726
771 116
1747 564
907 1216
1065 1674
473 2598
1316 1130
717 1229
151 2019
1988 974
344 52
137 313
2079 884
168 1055
1635 521
1224 1602
2710 432
156 2309
1376 2641
819 2544
985 191
1381 228
1217 210
1355 1789
762 2735
2450 1870
2070 2901
726 2849
487 218
522 338
106 197
2594 1321
764 1198
121 2497
802 2265
1218 317
897 4
617 2018
942 1975
280 937
730 1886
1767 2364
1841 76
1468 2775
2166 596
1865 1646
2930 258
586 1250
2147 2606
1755 2281
2313 48
566 1880
1509 18
1370 1336
2597 436
1896 2737
518 103
1950 1468
2137 2355
949 2143
939 1595
170 1883
2695 2176
166 2968
2622 74
1325 1911
1801 2315
613 2053
2749 1494
1441 2949
2812 1508
2667 329
2949 2049
250 574
683 2778
1612 1853
2457 2797
2309 1596
614 2930
2714 2983
2839 315
519 948
2856 857
1955 2934
1973 2706
1689 505
514 201
2986 2744
1840 975
87 2276
2667 750
330 132
2350 1948
1182 1915
528 327
497 2727
110 1764
387 422
2435 1704
1754 1856
589 2647
2005 1402
352 1887
2439 2561
1331 2762
385 2536
2504 1185
1224 457
2881 1398
463 1776
1287 173
399 245
498 961
1721 774
1596 1577
1611 769
2761 2082
2434 809
967 1108
2520 2634
1293 1246
1281 1637
56 2177
2819 1676
408 2987
1284 1881
2478 1046
237 312
745 2725
969 2673
420 2014
2016 429
1327 1928
986 183
704 78
2400 454
1301 479
1691 225
149 181
877 1240
2254 559
2575 2016
2171 2864
1992 2916
1885 1202
2205 1394
2577 979
2109 250
2557 2722
610 1477
954 1807
933 2002
2392 1778
1576 836
91 1774
1935 1164
1783 2581
793 2725
2274 345
2407 1051
515 491
1014 477
1642 308
2107 355
409 2803
2012 745
763 2261
2743 1919
1123 2459
2921 2559
1603 2660
725 1468
2036 459
2836 207
1599 859
1781 2164
790 2241
2380 1261
96 1921
867 298
2410 1635
866 1092
2622 75
776 2085
324 921
509 2457
2426 1875
1891 1490
1019 2844
49 1292
2637 939
2436 2921
844 272
2138 270
194 2722
2139 1740
1118 2029
2484 357
1016 2842
2721 1619
391 2659
1849 408
1481 2145
1245 1676
1070 1104
1795 317
1797 512
2450 1579
2952 1709
1204 2088
2479 1622
1027 939
832 302
476 1973
2416 2088
1553 1120
2984 625
2243 233
966 2807
68 2135
327 630
325 572
2595 223
2683 1509
1047 2509
1199 2540
2435 579
410 2294
796 791
2311 2515
2618 2666
1296 217
2095 1391
2381 2104
2710 2054
373 2119
761 2603
2834 1710
2987 806
2236 2001
2496 291
1886 1499
1360 823
1780 667
2724 243
1067 484
122 2698
1027 1654
633 703
345 606
254 1901
2545 2426
1873 761
1659 2843
1443 696
1670 1517
785 1645
2362 409
811 344
118 965
603 1582
2420 2249
1943 1644
117 1800
2124 319
2258 2377
780 322
1979 2522
2676 1162
1633 1130
1081 470
2863 1232
1223 735
2488 755
936 2816
1626 788
2913 1290
1814 1121
1275 531
1529 947
1998 2273
2297 729
2318 1301
374 1045
1706 2746
549 2562
2859 1072
246 249
1457 956
8 1363
1029 1708
2114 2703
1156 956
1599 671
768 465
439 1565
2045 2152
1060 1543
284 715
262 597
2334 846
1253 1394
2404 2969
1711 944
881 1390
24 1059
1465 1728
1064 335
2597 1179
705 1593
1571 2707
1211 1049
1197 809
941 2345
2156 2108
1933 1249
1946 886
528 1084
421 1450
1386 1036
556 2460
62 2634
1783 2950
153 216
1587 1443
2270 330
2047 1145
1335 1440
1901 1871
1904 1182
2399 321
1562 630
2770 408
1469 1440
2107 2152
616 1831
1345 2752
2186 511
311 202
2881 932
650 1636
176 2459
1468 952
236 2292
1477 11
2176 587
813 352
2365 184
613 151
2645 1947
1719 835
1385 1992
2147 1296
756 1336
2943 376
2008 1279
2242 1987
1269 1975
1466 2093
913 2277
2220 1448
2109 2034
2756 418
2301 1195
15 1224
2953 1568
2273 1561
1862 377
154 2545
1531 2326
2965 647
2195 1464
2744 1490
706 2871
283 1515
1982 1858
2815 697
617 395
2831 291
254 2655
1129 2817
2220 2026
519 1289
2194 1861
2099 2030
1079 1052
941 1781
1477 1479
2339 1922
366 35
1625 2754
2505 1899
2783 1976
2787 1011
2335 808
1262 2245
1319 2792
1624 2509
1173 1000
1237 1469
592 489
2459 2425
737 472
2038 2016
243 2628
39 165
12 153
2977 676
1987 1012
341 225
1293 1320
1016 2806
362 473
461 1011
1180 1173
2677 1462
983 1648
373 794
1899 2608
2549 2914
1963 2269
102 348
1001 2170
1046 511
1910 2629
285 1085
1010 71
2933 976
894 1607
815 1237
1517 1119
2432 2317
2973 642
507 277
713 1832
837 610
457 208
2218 2147
926 2564
524 2494
862 109
2035 1697
2669 548
2279 2934
483 2019
2526 1756
1720 2259
103 2082
1589 148
1604 2554
2733 502
855 1624
795 2876
1733 1527
2146 175
838 1555
1713 1255
290 1989
2222 1634
787 147
1226 1385
2714 935
37 1541
1974 2587
2832 1924
85 508
916 581
693 203
1248 777
1819 2235
1523 1554
1070 1736
2465 1949
1457 1875
2178 2394
1704 1722
1757 249
2135 1426
2312 2879
1453 2391
2153 2450
795 365
1313 1436
284 1995
460 1942
1868 2397
2892 2780
2819 189
2524 717
1409 758
2683 1529
1341 1
2059 1122
1854 321
1812 1046
313 166
1913 842
2632 2801
1449 206
1029 2176
2222 2501
2445 2442
237 40
1364 1181
1610 2642
377 2211
1202 1762
186 1892
2863 554
2889 2361
80 1460
962 1142
974 2860
231 1286
836 1824
641 2178
2080 281
1076 1043
2290 2385
1426 1225
2457 2590
1201 1158
2204 674
2753 2421
1492 1504
93 1464
282 850
1905 1888
2126 202
464 2092
1114 1544
1819 263
1410 967
538 2390
28 321
2728 569
1234 482
2979 903
2506 2840
2787 1802
2766 1133
1519 2118
2077 2123
336 2525
347 90
2222 2063
1154 2769
2058 1144
1008 1645
567 77
1526 599
1059 2211
867 392
2360 1431
1937 2845
1603 702
2682 2517
469 2250
2023 985
2230 626
1818 1164
93 2800
1952 2441
418 1061
145 718
369 1859
1757 2263
1880 1683
2894 2494
1880 739
1347 2659
1912 760
2026 2928
2462 913
2381 1552
1829 1082
2200 1889
2431 2609
983 1028
532 2667
1864 265
986 2307
2605 1478
917 2909
1360 1492
1168 1115
883 1023
1917 274
266 2165
1938 1549
2888 2752
2607 2906
1354 1960
2654 1493
1970 1515
1078 2391
389 2402
523 2367
634 2833
133 2210
659 1312
885 1279
592 1162
2415 2511
2716 797
931 2916
16 2595
2214 2411
1577 1063
627 378
2912 900
1628 1451
2590 1694
841 2771
1263 2527
1870 406
206 1135
1067 2765
2676 2009
317 1983
247 682
1298 2407
881 726
2042 1935
2661 2765
1772 1265
1787 261
131 709
1639 1601
1367 2277
506 2469
1986 1804
874 1849
929 317
350 99
1410 2681
75 1621
2300 1191
1943 5
1467 1586
244 399
2470 1238
2743 2543
904 1296
1156 381
1765 121
892 723
1721 119
976 1528
2795 2183
128 1325
1094 2452
1999 2300
732 2146
1227 637
1397 218
2123 2983
2579 280
2956 1300
2322 1759
354 2103
427 2549
1140 542
348 2290
871 2776
2594 2587
59 1783
1407 801
2772 1794
2096 1144
1028 1294
2862 953
1612 1427
209 88
467 1845
904 390
2666 1318
2720 841
657 387
26 12
2302 449
2611 974
2458 2471
2711 2342
585 684
1871 2341
2361 2052
2946 2992
906 1716
1275 2972
2453 900
82 2747
2102 1611
173 2800
2987 2056
2121 2059
2046 2607
2306 2074
478 1208
596 583
1468 2471
1415 65
2044 618
1415 916
1983 1435
1696 2166
1750 276
1717 2743
610 44
2820 407
2452 2424
586 2943
2492 842
587 1135
1834 468
1523 1739
1553 2133
1306 1962
2524 1253
1120 1527
912 653
1635 2539
1261 404
2041 25
2542 2094
2938 2746
1517 709
2922 232
2661 1365
2827 1968
291 1481
2635 1423
2058 656
496 1575
2267 333
1309 30
1603 1951
1416 2880
28 1009
2694 2722
2205 737
201 1200
2197 509
2848 600
1870 871
570 2557
2297 1163
233 1018
2902 1932
1885 587
2091 1050
2876 63
2898 1386
2529 1103
394 2799
1811 1002
1475 1882
1079 10
429 2425
689 2674
1925 1561
2547 341
976 2518
2612 134
1825 522
1542 1189
2197 2809
1925 2727
1500 2897
762 2567
474 814
1259 2696
2849 964
2626 1407
2518 503
1302 681
2650 2476
1437 2286
796 2340
2193 488
2042 773
2618 1128
296 816
614 780
215 354
2873 2638
1727 45
1888 465
1698 877
104 685
779 308
1520 2248
2880 2137
1004 1456
2288 2817
1473 2434
1106 703
385 264
89 381
1863 2337
595 2536
2589 2212
2991 2116
2955 792
2470 707
2167 2478
898 656
2958 2512
1068 655
1472 1054
1397 521
2831 2204
2829 1617
2001 2989
2267 1371
8 2916
2720 1113
2108 351
150 193
864 184
2202 2543
2498 718
2689 170
2374 1473
1817 2522
1512 2144
2827 2503
2770 1404
59 2927
2903 2838
2976 1567
1207 1662
954 1547
1926 2854
1367 1541
1490 1251
2969 1610
456 724
2721 2786
1180 1295
2000 508
977 783
638 1933
2922 2914
1707 2585
2255 2548
2795 229
2234 1775
318 81
1052 2625
31 1245
920 1250
1230 2236
1331 1287
2700 23
1626 240
332 2486
2391 2369
1875 154
2434 2507
2340 427
1242 618
2782 1607
2412 2013
2075 590
2670 1671
980 744
2271 401
2185 2740
1581 2679
1069 56
148 1930
1189 2635
1930 975
1400 83
2901 2394
984 806
1834 78
911 1706
795 1461
1999 245
1076 1961
1172 2448
2763 259
161 588
177 1751
2660 309
2025 479
652 1419
105 1814
1002 2209
2148 1379
1304 2378
849 1142
768 543
2730 1111
962 929
2501 1981
1572 329
447 895
1537 2842
224 1988
1447 2371
1567 2481
1060 2565
2621 2396
2931 89
134 1478
2206 1793
2731 671
1496 2474
1674 589
1717 1099
1081 1474
1305 2368
384 1357
1997 175
1671 888
881 964
474 636
1316 415
2803 568
1848 2389
2274 2466
2106 2990
1554 1907
2717 2221
549 548
2206 171
1158 19
996 2265
602 2382
2962 281
1392 1435
1419 1025
1057 2172
1832 1864
273 706
623 460
2495 908
1066 1152
2801 1931
1897 2232
2618 2684
1457 567
357 1696
1352 743
204 1313
2658 2624
2500 2883
23 265
2709 1894
1729 1689
1073 1584
1705 2577
2886 2873
2168 1182
1147 2895
414 1385
2438 2750
1820 2031
1551 953
2945 374
426 2487
7 904
1192 931
2059 2370
1345 1563
1949 734
1283 2477
690 161
733 1463
2021 389
971 2743
2680 1494
1654 942
1071 1976
259 778
114 1364
1153 767
1734 2210
1507 1954
1966 1486
1119 1703
2165 434
947 1470
1725 998
2061 1698
2823 2316
1810 1277
2702 1303
1745 916
643 1775
2068 1836
1873 933
252 2553
1743 1005
1891 2179
2686 1810
2425 747
1575 530
2013 468
131 1119
535 1077
1942 2815
1922 92
473 720
2698 1604
463 2488
2114 1074
1818 761
2668 687
789 2109
987 2802
2937 2296
1075 2340
529 2164
2966 2591
2571 1627
154 2650
31 262
2484 2967
698 2152
1256 1867
1204 199
1788 9
1857 2617
920 1771
2045 75
1813 862
2652 1493
1902 589
1820 67
2007 60
821 671
1303 981
2237 2396
810 1948
2773 1301
766 2810
1122 2772
10 635
72 1137
2905 2883
1445 172
607 1340
565 2909
1588 1185
831 946
1628 1314
1120 909
2923 779
453 354
2129 46
446 975
1875 2662
195 2393
108 2890
1734 1792
1304 351
1340 879
1887 2929
497 1645
2840 367
849 2868
1780 2181
2923 2827
2073 719
747 888
433 1790
976 1744
1438 1958
1286 2185
2294 2271
261 2418
348 616
1404 515
932 1402
1623 1137
2224 2852
2168 1250
201 2558
2059 1492
187 2084
2543 1099
1585 2421
2208 2193
593 123
541 2502
1482 2495
477 754
1465 394
2419 2136
2032 1329
2643 1815
411 488
1295 1017
807 2464
1890 2991
1115 2102
2605 2612
1929 2695
1178 1052
2153 568
2951 2684
577 523
869 663
1036 393
633 2072
641 1007
1257 1741
1921 325
577 2922
777 1505
1804 2033
1690 239
373 1663
1731 1663
2938 326
147 1070
2596 136
1373 219
1092 2267
624 836
428 2134
1056 2847
2472 1647
1410 29
2961 895
1030 2068
936 385
1285 1638
2372 2838
2242 738
1372 269
883 2309
1528 510
1750 1496
751 1455
1510 2830
1495 2280
2848 744
2514 2516
100 699
1643 853
1870 396
2734 665
1241 870
992 383
2841 1471
40 552
174 445
181 931
1847 180
287 784
316 761
2226 1801
2140 1679
2315 598
783 203
424 39
428 2196
2288 2741
2019 1499
1318 1776
585 24
2954 2760
1683 210
2324 1879
1653 1014
1162 2233
710 938
1673 2010
1958 771
2548 2101
2979 120
2050 1353
1600 1541
442 2081
2956 2162
2428 2410
2976 2573
1718 978
1918 2384
817 1839
2265 1937
2651 403
855 2437
2032 1399
2500 2739
2256 55
2275 2833
1567 267
2907 565
831 2493
1453 1692
809 1438
756 1306
458 224
1397 2539
943 2549
1701 1351
990 1244
2293 213
1647 2132
2633 1858
194 481
2323 2490
2665 73
2940 356
2674 1150
2696 2180
1160 679
277 2273
2820 841
2304 308
2526 2515
1237 1480
2645 1273
123 1626
1068 978
668 7
490 1347
1888 2975
2428 882
1772 1410
2429 922
1816 1177
2114 1878
847 1209
2054 631
757 2989
1172 422
2726 1719
930 423
2023 6
2054 187
1174 801
2962 1658
2807 136
341 2086
1037 1067
2095 851
687 1537
57 380
827 58
37 2913
1323 278
1730 680
2685 991
1200 2666
1381 1725
1230 1337
641 1546
2083 1718
775 2257
9 734
2927 2473
855 1047
2972 622
829 1985
2905 1446
172 2855
670 1141
2312 527
1630 2790
1962 804
42 2900
1861 2876
1831 1792
1609 1650
2172 578
1679 2271
1906 117
1638 275
2294 1243
2409 291
876 1644
1903 955
708 247
1809 456
2973 1175
1596 2407
2566 965
1714 1240
1286 368
2027 1907
514 1334
1743 2250
331 1560
1267 1392
134 1860
343 2169
1272 1585
2299 2079
204 1800
2001 2270
580 1935
2477 1016
799 1324
143 177
500 2868
1796 2646
292 2581
1359 1056
61 84
2076 980
785 493
69 2794
2026 2115
19 1083
1675 588
79 2364
2298 395
215 2574
1045 2137
1430 1148
2372 2826
2883 2541
1267 1134
2851 2244
859 12
224 1791
1376 168
2929 1633
1277 2482
814 1129
594 1917
2333 1536
483 923
2207 2038
2497 2095
2794 1086
2880 152
504 2630
578 683
2301 627
1174 2346
560 2540
1041 783
2915 1859
1095 1035
26 1599
663 975
2173 1285
984 759
2100 355
1985 819
1066 2149
419 809
919 2783
402 400
1119 1802
1137 405
1089 2055
302 673
488 2112
1598 1371
859 1132
198 1569
1042 2719
2336 1387
1813 2893
2442 1510
2117 2589
2329 2126
896 1710
2546 558
555 2336
107 520
303 1066
1268 501
1315 1112
2169 1881
2700 2207
959 2338
1491 524
2663 13
830 503
343 573
1564 475
1957 1486
2952 2351
2411 156
2113 1895
2855 912
1967 536
249 1403
1293 865
2765 2422
2132 2743
1239 54
1223 36
2653 978
1944 2439
2679 2311
2682 640
2801 111
1859 2381
1246 124
2387 2975
2369 728
1350 629
1559 2240
2692 2142
2388 1761
2662 2089
94 2158
1755 751
1485 2461
448 923
1762 734
47 890
2163 622
2012 1815
2227 2618
1981 2447
1264 2115
2099 1732
1193 2262
907 332
1816 2162
2087 1634
2678 1501
1368 692
2185 2903
1959 426
2915 2104
714 2383
641 188
114 2656
256 2672
1521 837
777 2159
2743 1808
966 1213
533 1835
1434 701
2758 1281
1233 594
132 1648
1727 1742
570 2532
711 2370
20 900
664 2657
1066 525
2464 1226
1792 2436
230 334
402 1986
2317 379
900 2300
1566 607
1242 37
1968 940
893 1139
1330 2793
1943 901
2878 775
2906 2909
1465 22
1784 2224
788 2676
1120 2908
731 2112
1057 2206
2437 863
315 775
1738 1191
1641 239
1747 1503
2065 2400
2802 1832
1584 1229
2306 2430
1602 1024
1988 2771
2712 158
2902 2252
1328 1024
1164 928
2066 1282
2881 2454
1429 2245
1628 866
1518 145
123 1761
2133 160
2516 1682
367 2324
2158 424
25 257
353 2341
2805 2156
717 1073
326 1013
2720 1924
286 118
1996 2118
26 216
1754 1536
811 1705
2088 558
1298 394
685 1044
719 1127
2064 90
1755 1839
498 959
2716 1571
2942 2290
1032 2211
1909 2093
2861 2754
349 996
316 1690
2958 1923
2039 1785
118 1935
2987 2936
1189 2701
1075 1215
1029 833
1780 1280
2920 2767
1530 133
2431 699
230 2821
2919 808
1554 2332
339 2194
2151 1117
1007 670
1497 2891
960 138
752 2135
2804 2726
2394 17
1109 2049
1329 2354
2032 1096
1715 2257
374 2880
1134 2003
1187 1227
1650 2818
573 1244
434 1719
2687 47
2275 2912
2874 1884
1736 891
2559 2918
1436 1906
2798 699
1169 756
1455 636
1516 1768
1772 1177
129 2319
1882 568
2382 2910
1887 1810
1405 1463
619 1061
1267 2086
423 2305
358 2552
1039 2256
1304 388
912 2687
1396 1640
2907 1936
2937 2708
1127 401
95 1628
1309 477
371 149
2512 287
1587 1740
2359 1500
582 2200
2767 2008
919 2285
1934 1589
417 122
1673 675
2351 69
55 2882
2957 2497
629 2753
347 420
1150 30
1686 2968
587 2788
164 2606
1088 1997
102 2305
334 1031
2068 1763
1368 1376
2625 1418
27 2502
995 782
2501 537
1653 2652
1164 2603
2007 2063
2170 2384
555 2718
1522 1092
2307 397
673 2519
1407 1106
373 854
441 2639
2976 2227
636 2175
2713 380
174 2324
667 2497
1339 399
249 1219
1344 2781
2813 1064
1715 315
1759 1065
1926 2310
1229 599
792 650
1540 2011
340 2068
894 2739
2953 1892
2712 1347
1905 2717
1076 2385
1842 1950
2111 2345
2769 1658
2049 918
2850 886
2493 2898
2009 2612
76 1178
1504 1072
1009 2276
1 1682
1825 709
526 2539
927 407
1054 1918
793 848
1946 2044
156 2272
790 2890
146 770
1830 2546
1096 101
815 1944
1906 257
2241 2665
2187 2812
1218 1183
878 921
322 2935
564 446
2244 1356
784 457
1550 1807
1770 1690
253 2785
1067 530
656 2342
2530 1679
597 2312
655 2653
2323 464
1893 125
936 2393
2310 287
2234 1439
1300 743
186 1656
2254 366
2071 1534
2080 2496
1993 2038
1002 2129
715 2024
2064 1863
1758 770
810 266
1980 1344
1460 1629
1339 1176
2761 1338
2387 2260
346 1810
2498 2896
2786 1866
1963 1095
2541 2788
480 589
645 1123
2698 437
519 754
1375 1914
847 2004
2878 906
2482 531
2559 1896
1300 2681
2277 2722
548 569
1097 1647
701 2869
1564 22
1090 1992
1545 588
1360 914
2478 2325
865 1532
108 1451
2357 2912
2091 398
533 261
2331 755
2083 364
834 704
2824 2777
2242 179
802 696
1531 715
495 1983
1181 2533
966 2125
2649 666
2983 1107
379 2313
1901 1062
1916 1520
372 2229
1688 663
2911 1392
2961 2584
1785 1283
1223 207
1169 1962
1648 2270
2726 1736
2419 1333
702 2356
165 676
36 1942
2563 660
1478 1637
1578 1264
2736 1193
18 1047
1761 1708
2555 2561
644 2800
1687 2110
1089 2959
1698 2351
1316 2083
526 882
931 1090
1937 304
1773 198
2113 561
1933 2454
1608 581
2529 2284
311 1468
357 443
925 1674
1920 949
2163 801
304 828
2315 1760
2060 606
693 487
236 2786
1104 787
2821 2021
843 1990
1937 696
2626 703
1050 784
2263 246
1110 1302
2689 1994
1524 2570
1588 2131
605 1074
178 1904
668 1472
1795 1435
572 1460
2259 2538
1280 666
1561 1798
2215 107
219 1267
1459 1015
80 1326
2715 2837
1365 1993
412 2231
2523 1411
1524 336
2108 571
1615 2633
852 679
124 1512
1162 647
61 420
2186 2692
1878 1420
2326 51
1753 1142
2181 922
2633 2296
1960 2121
2212 1107
88 1789
495 2707
129 2374
575 1254
821 516
127 2571
2140 719
1203 1210
2383 625
1444 33
1281 1448
214 973
718 985
1146 2527
2578 452
825 241
438 1379
2700 1993
2154 2042
1426 834
1497 1451
2766 2243
2904 1948
2234 2316
2668 2105
2897 1205
128 1424
2017 388
417 2891
860 2648
2300 1307
968 604
223 2689
425 2574
1151 814
660 2955
1441 1094
2110 875
85 2988
872 2385
2521 2330
1064 638
179 2279
1715 2035
1456 2568
485 2843
1656 79
2263 2768
2203 2208
323 2804
2304 470
1391 2773
2227 2951
842 1154
678 924
2677 112
2379 1144
1701 2531
628 1458
1623 874
2600 1209
2035 857
1408 1356
1498 586
1680 2979
756 2443
1714 1698
662 2225
2660 103
1249 1402
275 1094
1339 1857
909 1678
430 737
370 632
2520 1041
910 2592
2946 1532
2535 2846
732 2613
29 1265
2878 2839
1319 54
649 740
2629 2333
1408 1863
360 928
551 2572
982 397
1542 800
254 471
322 2872
1972 794
403 1793
2615 767
2593 111
1264 2928
1764 2474
2213 534
2784 798
1042 1607
2268 1947
2875 167
1434 1959
2201 2437
686 144
1214 2937
1484 677
1255 1526
713 1365
1183 1795
2373 1053
1557 1125
2673 131
1868 2294
1352 142
2097 1505
211 2258
1240 870
2512 2375
2555 1944
860 284
2405 848
28 2306
493 1041
1263 96
680 2369
2938 804
1377 338
1896 361
1131 516
802 1587
2180 2580
2841 1666
1835 2790
826 1260
87 1527
247 1480
645 176
275 2303
1366 2066
1125 413
1957 360
1499 2627
971 2743
2222 1767
706 966
167 2688
1349 88
1334 2558
221 1707
819 1756
328 2639
1277 2723
2928 2964
475 1063
2460 924
811 2319
412 2926
2628 1515
1999 2912
2186 1812
15 2612
799 232
400 2320
508 2840
1289 209
306 2230
2252 508
48 2636
325 822
1636 327
1934 2128
416 613
2919 1991
912 812
1616 624
2228 1758
1881 1891
1484 1851
2515 1617
654 2110
826 1986
993 2066
1165 1171
2192 93
1618 2585
1746 1463
973 2562
2924 735
212 1876
1958 1197
1514 2502
1518 1322
1387 564
1969 140
579 417
245 1176
2688 2506
2870 1656
1019 1569
1595 2590
416 220
348 2537
2064 359
1098 1019
1065 1902
238 2373
1292 1324
2010 730
1922 1085
969 1630
597 1452
2211 334
2663 921
873 1429
621 1576
1236 578
1308 2011
713 2700
1149 132
2503 1642
765 358
2945 21
2149 2670
577 1558
1256 1245
1738 295
1101 1582
729 1288
2704 705
185 776
208 2605
408 945
989 2047
1370 2504
2456 120
686 2215
958 2261
2766 2013
430 2017
1590 1894
2458 2404
1579 957
371 2691
891 140
2183 887
2603 832
2279 856
1233 2926
1319 1112
2065 991
1240 998
2740 2396
2295 1804
1566 115
2804 835
652 689
425 1828
1540 1340
1583 1310
1927 2526
575 590
1511 99
2706 989
2291 937
810 2433
2262 1827
1940 2100
58 1070
2191 2237
2084 1591
2374 2065
2285 1877
2255 1156
2679 2853
2778 2934
1581 2829
273 2807
739 1194
2094 2845
1649 558
2073 1714
1392 2733
421 1939
1970 306
523 2986
1110 65
513 363
1623 2628
60 2092
1873 1690
1677 830
2892 294
2643 34
1787 2757
269 639
1214 419
576 2141
1965 2467
1413 1966
52 1705
1259 1955
2538 2680
1232 1377
1818 2260
1338 937
106 2839
2153 871
1214 1157
2376 2550
720 2935
908 994
2036 61
1668 489
289 750
2529 1357
2828 2661
1578 1449
14 2449
159 2557
1342 2743
1024 2965
2855 800
1542 2000
2139 2872
1418 2667
711 1122
2732 1001
612 740
2849 2246
1502 1500
2754 2674
1307 1790
1828 708
1147 1161
1259 805
2931 1348
1668 1774
1757 1101
1991 2343
1538 1927
2106 270
759 2390
168 2948
2005 1401
946 2568
446 1333
1659 447
2594 911
2325 2297
1453 680
2012 5
1592 2743
331 2688
2756 1521
982 546
2853 2303
2519 1432
1998 1798
1681 528
2632 405
715 2037
2576 2111
2575 2020
1530 930
1348 2087
670 1546
2782 2739
541 1600
248 1227
1691 319
852 1537
948 30
497 2198
2472 2743
2757 388
960 1159
2631 1245
868 2863
1545 2327
864 2619
1327 1450
1817 792
2465 1762
1742 294
2555 200
1089 2697
1637 2091
342 213
954 1529
2637 749
2855 1423
2408 1167
2877 361
1280 2307
277 412
475 658
2338 1443
1641 1770
1923 1034
1505 1658
462 2164
2858 230
8 1385
2962 471
1709 1026
2371 279
905 2480
841 1466
2787 533
356 1742
1994 2780
181 1265
2981 205
2483 2866
2728 1174
1129 2281
2483 2241
38 2661
271 2865
2533 2298
480 899
498 2070
2871 1213
760 540
2944 2141
2224 2411
684 1864
1931 72
1086 2351
1525 1972
947 2254
2148 381
843 62
2850 812
2248 216
592 788
995 1564
536 972
2061 419
1060 1048
743 1153
169 193
1565 2191
1633 120
499 861
2332 70
2911 1795
704 1205
1885 97
2217 1532
803 31
2929 2686
2433 1751
424 676
18 1187
1758 1880
278 2171
158 490
2565 2078
160 283
2122 1890
2018 510
2444 1206
2088 2328
1995 1170
2229 2474
1748 1966
701 2672
1151 751
1398 1086
1361 179
820 634
2675 1694
295 2921
1571 502
2558 2573
328 722
81 2639
1881 2744
182 1539
1807 2030
1513 2658
316 832
2245 2899
2968 157
2905 595
2053 1636
1431 2304
2778 1259
264 628
1586 2521
2 2177
2522 1206
1491 2955
135 1861
1184 449
248 2629
727 2982
1327 853
905 2320
2097 496
1750 2397
2791 1961
2752 2498
1186 2532
1144 2609
1946 2028
2712 64
573 1916
972 2106
1975 1533
2949 285
1020 1904
1722 882
460 2836
807 1485
1516 2141
2980 2879
2424 1040
2358 92
2375 1737
1073 1627
721 298
1406 2956
923 596
1228 29
1748 1254
1605 2929
1302 114
436 6
145 2023
2283 1710
1779 595
2288 870
1265 1192
896 1745
2220 2758
1856 2182
1253 2571
383 1218
1566 1330
1990 2634
2354 1620
1668 2388
330 2982
227 529
2097 2962
1985 1538
413 798
952 1893
472 2705
1405 1221
1502 300
179 2293
74 2174
1298 1577
1851 1369
1276 515
145 2896
1216 2246
173 1573
950 172
2213 1284
1416 709
723 106
2130 2050
1110 896
2325 1823
2610 2775
1292 2844
2287 2349
1044 2510
218 255
733 155
1252 269
2724 557
2821 2402
1516 2369
1897 143
1160 1501
1005 1188
2590 1027
2080 1658
2494 1894
2097 530
1263 2312
665 1508
647 1602
1757 2947
1940 2076
1753 2868
1978 1712
924 1712
2511 2668
1444 1914
2174 423
2057 1685
2321 1507
1765 968
853 1274
1321 1952
2067 1540
1799 1569
1072 2663
2746 257
2514 733
1898 1182
2925 978
1462 1956
71 2021
1332 38
1852 2648
1582 1308
1078 1965
396 1579
955 2894
631 2595
253 2256
1058 2349
2129 999
1911 1943
1159 2749
2784 769
2440 1552
657 375
2338 828
2375 2356
2494 1979
1311 848
2724 160
605 2694
1270 1348
