50 300 0
38 20
22 24
1 18
27 21
23 29
5 39
2 23
16 19
18 49
25 19
30 20
29 40
41 42
8 12
11 25
27 46
20 4
38 16
15 39
15 17
10 34
5 27
1 38
44 17
10 4
30 17
38 15
47 39
33 42
38 30
36 37
50 32
1 24
36 10
17 1
16 15
30 34
26 18
29 6
46 31
30 40
37 46
45 42
4 6
45 14
38 39
7 46
37 19
45 3
13 19
7 8
26 42
50 16
43 37
49 3
1 10
31 23
5 9
20 32
19 37
18 16
28 24
8 22
27 34
24 44
41 10
42 50
14 26
37 47
23 14
46 33
19 26
25 5
42 25
10 36
45 34
24 41
46 6
50 15
47 34
1 45
36 16
47 15
24 49
34 9
9 47
23 20
3 35
48 44
32 41
44 41
16 13
2 45
9 45
15 48
2 8
27 11
42 39
20 19
23 11
45 13
30 5
33 26
35 5
1 3
40 7
14 16
49 38
50 27
35 49
1 16
24 32
17 39
21 11
17 11
8 27
39 49
7 25
11 44
12 17
43 16
16 2
5 36
12 5
8 6
47 22
9 25
23 7
11 40
3 43
4 1
49 46
9 13
40 5
11 46
12 36
23 11
4 34
41 24
10 21
39 25
8 15
46 50
13 48
29 26
12 19
32 45
21 35
15 32
24 37
38 39
27 33
45 40
8 41
30 35
6 41
5 39
49 9
37 48
2 39
49 28
34 22
40 32
19 49
34 36
17 33
33 1
16 13
39 27
14 7
27 2
32 22
41 22
22 39
7 49
21 15
47 19
18 30
49 14
23 12
20 27
33 13
7 47
9 50
4 48
32 2
18 21
43 11
1 33
45 12
9 11
46 31
47 25
25 45
3 49
22 49
16 4
4 42
6 44
40 28
19 48
32 15
23 42
49 8
3 18
36 6
10 28
20 34
37 30
38 20
46 2
48 28
33 40
41 47
23 38
33 44
21 10
18 48
45 40
23 48
17 40
19 10
47 38
7 21
50 16
8 49
15 49
8 15
23 14
34 21
18 28
14 45
49 33
35 6
35 38
34 3
6 17
33 16
10 2
30 18
22 18
6 9
1 6
6 5
4 38
39 21
15 42
30 33
42 1
38 43
35 4
25 3
21 10
7 45
32 30
7 13
12 11
14 13
9 23
7 50
6 35
48 38
31 17
9 8
17 2
33 37
32 3
48 1
17 29
34 49
5 18
30 44
15 41
27 15
3 34
41 17
22 18
10 31
12 8
21 30
37 44
7 47
17 24
45 3
17 48
6 47
36 34
7 9
36 45
37 21
21 36
26 30
9 49
46 18
7 33
48 10
36 48
43 41
21 46
2 23
44 14
