50 300 1
40 22
15 38
13 31
16 5
24 2
7 48
32 5
22 43
24 31
23 8
5 42
2 41
13 2
10 16
1 41
24 4
11 21
50 5
11 47
50 14
17 47
24 25
25 43
10 11
29 48
7 37
22 20
6 39
48 41
50 31
5 14
13 45
19 11
47 24
29 36
1 47
13 5
37 34
21 35
7 2
5 45
12 27
30 39
10 25
20 29
25 48
35 44
4 39
32 39
39 50
2 19
23 12
37 34
26 47
18 1
15 45
19 21
8 21
30 18
28 2
36 14
1 4
4 29
31 39
36 17
34 16
43 24
20 25
10 46
47 12
4 6
10 49
38 43
47 23
2 23
4 3
18 6
24 31
26 19
20 1
35 36
44 34
32 47
19 8
27 21
32 24
26 32
41 8
28 38
28 7
25 32
25 41
48 34
48 34
27 36
28 19
50 15
23 49
41 32
1 8
42 2
31 27
24 15
5 46
17 22
36 43
21 17
49 37
29 50
7 24
37 50
19 31
31 18
18 45
24 49
17 44
1 44
13 43
28 11
24 15
31 18
49 30
30 23
46 43
14 19
49 7
29 26
3 44
12 23
21 31
17 47
46 39
17 21
20 7
14 2
41 36
31 48
40 12
43 29
19 2
47 13
9 6
43 34
6 12
35 25
37 29
38 6
37 18
7 3
44 39
37 4
50 7
9 38
36 38
40 36
10 26
31 26
7 14
38 43
1 13
26 49
18 23
35 10
50 2
12 39
37 4
41 16
22 14
47 3
18 1
4 14
28 5
4 26
32 34
35 29
42 20
45 36
11 42
23 1
34 21
1 35
23 42
37 50
39 50
8 19
7 40
6 41
49 35
8 45
39 15
22 39
48 29
6 4
9 25
19 16
12 3
34 7
20 36
25 2
47 42
12 22
15 44
30 41
35 32
22 16
3 26
1 27
47 43
8 46
26 7
44 43
30 31
43 29
10 41
28 34
45 3
21 35
37 48
5 21
6 16
43 38
36 15
6 23
20 1
6 14
38 6
6 37
41 45
4 46
17 1
22 31
6 46
36 6
34 40
47 23
15 25
31 19
6 31
10 41
4 24
37 22
13 5
47 5
33 4
41 29
35 44
16 41
27 44
20 45
35 40
46 11
5 31
13 15
8 36
41 7
17 15
29 18
31 11
4 31
16 27
27 40
28 16
28 38
7 14
50 37
16 29
40 10
44 18
3 7
38 34
4 34
22 33
1 28
42 39
23 49
24 7
3 12
32 46
34 14
33 10
15 30
44 30
44 24
35 46
11 40
7 28
23 19
49 5
9 28
38 40
5 11
24 4
22 34
24 20
5 29
37 21
4 29
45 30
14 9
2 47
15 49
